all_params=array([[0.7, 0.6, 0.9, 0.8, 0.7, 0.6],       [0.5, 0.2, 0.3, 0.7, 0.1, 0.7],       [0.3, 0.8, 0.3, 0.3, 0.6, 0.3],       [0.8, 0.4, 0.8, 0.4, 0.1, 0.8],       [0.7, 0.4, 0.7, 0.6, 0.1, 0.6],       [0.2, 0.2, 0.1, 0.3, 0.5, 0.7],       [0.1, 0.4, 0.8, 0.1, 0.4, 0.5],       [0.8, 0.2, 0.7, 0.1, 0.8, 0.5],       [0.2, 0.8, 0.8, 0.8, 0.7, 0.1],       [0.5, 0.6, 0.4, 0.4, 0.8, 0.1]])
all_costs=array([-1.13427762, -1.12031337, -1.13427762, -1.14991384, -1.13171283,       -1.12535132, -1.16327716, -1.15123634, -1.14074074, -1.16192687])
costs_count=10
all_uncers=array([0.02625966, 0.02454777, 0.02625966, 0.02813211, 0.02594833,       0.02517029, 0.02970276, 0.02828866, 0.0270387 , 0.02954512])
bad_run_indexs=[]
best_index=6
best_cost=-1.1632771644392794
best_params=array([0.1, 0.4, 0.8, 0.1, 0.4, 0.5])
archive_type='Trainer'
params_count=6
worst_index=1
worst_cost=-1.1203133743704532
cost_range=0.042963790068826224
