mloop_version='3.3.1'
archive_type='neural_net_learner'
num_params=9
min_boundary=array([10.  ,  0.01,  0.01, 10.  , 10.  ,  0.01,  0.01,  0.01,  0.01])
max_boundary=array([50.,  1.,  1., 50., 50.,  1.,  1.,  1.,  1.])
start_datetime='2022-10-15_14-16'
param_names=['', '', '', '', '', '', '', '', '']
search_precision=1e-06
parameter_searches=10
bad_uncer_frac=0.1
trust_region=nan
has_trust_region=False
predict_global_minima_at_end=True
generation_num=3
update_hyperparameters=False
predicted_best_parameters=array([2.72795027e+01, 8.29120512e-01, 1.00000000e-02, 2.95277999e+01,       3.60840790e+01, 1.00000000e+00, 1.00000000e+00, 7.88331047e-01,       1.00000000e+00])
predicted_best_scaled_cost=-12.871197
predicted_best_cost=-15.232343324833133
all_params=array([[2.80000000e+01, 3.00000000e-01, 6.00000000e-02, 3.20000000e+01,        3.20000000e+01, 1.00000000e+00, 1.00000000e+00, 1.00000000e+00,        1.00000000e+00],       [3.41597426e+01, 9.83409213e-01, 2.16355434e-01, 1.91106676e+01,        4.34740398e+01, 7.47566271e-01, 3.25751376e-01, 7.83276107e-02,        6.60751585e-01],       [2.71989586e+01, 7.92613616e-02, 3.68266263e-01, 4.27490385e+01,        3.60783606e+01, 1.41989317e-01, 7.16871809e-01, 5.57612553e-01,        2.82698238e-02],       [4.09804147e+01, 6.62635898e-01, 3.08489006e-01, 3.18325332e+01,        2.44141196e+01, 7.48408945e-01, 4.07386572e-01, 9.71704560e-01,        1.94524241e-01],       [2.88761033e+01, 4.83829529e-01, 4.47224851e-01, 2.53165558e+01,        4.89820114e+01, 5.55020470e-01, 9.83637038e-01, 6.89731487e-01,        1.16345705e-01],       [2.16142793e+01, 3.45562477e-01, 8.68541930e-01, 4.68662392e+01,        2.82180275e+01, 1.82187341e-01, 7.33718537e-02, 8.70681354e-01,        6.76626377e-01],       [2.53788744e+01, 9.38425978e-01, 4.48946027e-01, 2.68529749e+01,        4.77571250e+01, 9.34368375e-01, 7.03394264e-01, 1.97759367e-01,        7.22076597e-01],       [2.59639954e+01, 7.75765680e-01, 8.36000444e-01, 2.78687603e+01,        3.95052832e+01, 9.09384504e-01, 1.74284729e-01, 2.98785848e-01,        9.06238882e-01],       [1.23178146e+01, 3.30805903e-01, 6.23757907e-01, 2.85405540e+01,        3.78623750e+01, 5.10547785e-01, 7.00970084e-01, 9.61386281e-01,        2.33663804e-01],       [4.72836881e+01, 9.92832538e-01, 2.68287762e-01, 2.66131550e+01,        2.46623414e+01, 2.98126134e-01, 8.90107704e-01, 5.49469330e-02,        6.27941405e-01],       [2.62945486e+01, 4.03471510e-01, 4.01478517e-01, 1.84271904e+01,        2.74613073e+01, 1.92968559e-01, 4.45595353e-01, 1.43561309e-01,        1.34696516e-01],       [2.35287703e+01, 2.54745063e-01, 1.00000000e-02, 2.67281630e+01,        2.91375510e+01, 1.00000000e+00, 1.00000000e+00, 6.82181414e-01,        6.05244304e-01],       [1.35677230e+01, 1.00000000e-02, 1.00000000e-02, 2.71038076e+01,        1.00000000e+01, 1.00000000e+00, 1.00000000e+00, 1.00000000e+00,        1.00000000e+00],       [1.00000000e+01, 7.10107469e-01, 1.00000000e-02, 4.13690048e+01,        1.04246737e+01, 1.00000000e+00, 1.00000000e+00, 1.00000000e+00,        1.00000000e+00],       [2.80288993e+01, 1.59524970e-02, 5.56025834e-01, 4.67803859e+01,        2.39041642e+01, 8.07004998e-01, 3.69808262e-01, 6.41210358e-01,        6.40112194e-01],       [2.97614393e+01, 3.79154327e-01, 6.69962598e-02, 3.31308789e+01,        3.21512988e+01, 1.00000000e+00, 1.00000000e+00, 1.00000000e+00,        1.00000000e+00],       [3.92517220e+01, 1.48931708e-01, 3.06256246e-01, 2.65059765e+01,        3.39962104e+01, 1.00000000e+00, 1.00000000e+00, 1.00000000e+00,        1.00000000e+00],       [3.18475866e+01, 1.00000000e-02, 1.00000000e-02, 2.69864322e+01,        4.77477555e+01, 1.00000000e+00, 1.00000000e+00, 1.00000000e-02,        6.46203000e-01],       [2.59650817e+01, 1.33675503e-01, 8.00773334e-01, 1.29211546e+01,        4.47276605e+01, 3.78178365e-01, 3.35069398e-01, 9.04721945e-01,        2.34296496e-01],       [3.21133372e+01, 6.77552255e-01, 1.00000000e-02, 3.86044924e+01,        3.06379952e+01, 9.77635981e-01, 1.00000000e+00, 1.00000000e+00,        1.00000000e+00],       [2.85558892e+01, 5.07081335e-01, 3.28628157e-02, 3.62353724e+01,        3.46850926e+01, 1.00000000e+00, 1.00000000e+00, 1.00000000e+00,        1.00000000e+00],       [2.99194940e+01, 5.19310122e-01, 1.00000000e-02, 4.00564080e+01,        3.79387312e+01, 9.88946775e-01, 1.00000000e+00, 1.00000000e+00,        1.00000000e+00],       [2.20955867e+01, 7.10631481e-01, 3.08221248e-01, 3.58837782e+01,        2.68290535e+01, 3.25823430e-02, 2.19896342e-01, 5.20952836e-02,        5.28174407e-02],       [2.61966969e+01, 6.60588657e-01, 1.00000000e-02, 3.61684083e+01,        3.45960956e+01, 1.00000000e+00, 1.00000000e+00, 1.00000000e+00,        9.91117458e-01],       [2.61801138e+01, 5.32434106e-01, 2.22253448e-02, 3.54763397e+01,        3.46176686e+01, 1.00000000e+00, 1.00000000e+00, 1.00000000e+00,        1.00000000e+00],       [2.65301579e+01, 5.60046226e-01, 1.00000000e-02, 3.45967812e+01,        3.58727512e+01, 1.00000000e+00, 1.00000000e+00, 1.00000000e+00,        1.00000000e+00],       [1.97215135e+01, 7.00481020e-01, 7.99294645e-01, 4.03755197e+01,        2.63883364e+01, 7.58671268e-01, 6.44760789e-01, 8.76546240e-01,        5.92607108e-01],       [2.67587447e+01, 5.45412302e-01, 1.00000000e-02, 2.78120782e+01,        4.03145729e+01, 1.00000000e+00, 1.00000000e+00, 9.72101776e-01,        1.00000000e+00],       [2.47829605e+01, 5.96060156e-01, 1.00000000e-02, 3.09807772e+01,        3.71882744e+01, 1.00000000e+00, 1.00000000e+00, 1.00000000e+00,        1.00000000e+00],       [2.47150630e+01, 5.16528051e-01, 1.00000000e-02, 3.10440348e+01,        4.09372159e+01, 9.73564390e-01, 1.00000000e+00, 9.92009707e-01,        1.00000000e+00],       [2.68192182e+01, 2.79393993e-01, 5.44164928e-01, 2.73169695e+01,        1.61494907e+01, 5.92087292e-01, 9.12848779e-01, 5.62217245e-01,        3.32988035e-01],       [2.32467332e+01, 5.08505039e-01, 1.00000000e-02, 2.99725334e+01,        4.30419037e+01, 1.00000000e+00, 1.00000000e+00, 1.00000000e+00,        1.00000000e+00],       [1.85747384e+01, 4.79151212e-01, 1.00000000e-02, 2.95204046e+01,        4.60439461e+01, 1.00000000e+00, 1.00000000e+00, 1.00000000e+00,        1.00000000e+00],       [2.17103595e+01, 5.06912856e-01, 1.00000000e-02, 3.01337156e+01,        4.51186711e+01, 8.79978235e-01, 1.00000000e+00, 1.00000000e+00,        1.00000000e+00],       [1.89701092e+01, 9.47003058e-01, 6.59833649e-01, 3.35895761e+01,        4.89114279e+01, 8.22390793e-01, 5.60890319e-01, 6.44409268e-01,        5.78728207e-01],       [2.63825305e+01, 5.15695724e-01, 1.00000000e-02, 2.74053985e+01,        4.05718023e+01, 1.00000000e+00, 1.00000000e+00, 1.00000000e+00,        1.00000000e+00],       [2.92196903e+01, 6.16815744e-01, 1.00000000e-02, 2.92195070e+01,        4.04209869e+01, 1.00000000e+00, 1.00000000e+00, 1.00000000e+00,        1.00000000e+00],       [2.66440907e+01, 6.28213851e-01, 1.00000000e-02, 2.75687576e+01,        3.94229700e+01, 8.50664147e-01, 1.00000000e+00, 1.00000000e+00,        1.00000000e+00],       [4.05569316e+01, 4.66048334e-02, 4.65781196e-01, 1.57064729e+01,        3.42826976e+01, 5.38208027e-01, 8.26898992e-01, 5.62217218e-01,        4.51287062e-01],       [2.62443969e+01, 5.08329352e-01, 1.00000000e-02, 3.31121163e+01,        4.20838229e+01, 1.00000000e+00, 1.00000000e+00, 8.51727907e-01,        1.00000000e+00],       [2.31968931e+01, 5.02445245e-01, 1.00000000e-02, 3.24435715e+01,        3.86138924e+01, 1.00000000e+00, 1.00000000e+00, 1.00000000e+00,        1.00000000e+00],       [2.71594042e+01, 4.71898192e-01, 1.00000000e-02, 3.24849456e+01,        3.98515870e+01, 9.61929402e-01, 1.00000000e+00, 8.09963777e-01,        1.00000000e+00],       [1.12900558e+01, 8.58062699e-01, 6.27127588e-01, 1.28172202e+01,        3.23283762e+01, 2.62333228e-01, 6.69895914e-01, 4.73017877e-02,        3.41896961e-01],       [2.60257117e+01, 5.36073464e-01, 1.00000000e-02, 3.07149288e+01,        3.99263154e+01, 9.65634017e-01, 1.00000000e+00, 1.00000000e+00,        1.00000000e+00],       [2.44468754e+01, 5.61958083e-01, 3.49852939e-02, 2.99211848e+01,        3.92409436e+01, 1.00000000e+00, 1.00000000e+00, 1.00000000e+00,        1.00000000e+00],       [2.65013828e+01, 5.31597765e-01, 1.00000000e-02, 3.11747611e+01,        4.07378063e+01, 9.94530237e-01, 1.00000000e+00, 1.00000000e+00,        1.00000000e+00],       [4.12108346e+01, 5.46772977e-01, 2.38539402e-01, 3.32244696e+01,        1.69590862e+01, 1.46573191e-01, 1.55043733e-01, 3.52280788e-01,        8.05666812e-01],       [2.59565430e+01, 5.22942947e-01, 1.00000000e-02, 3.02503599e+01,        3.89658906e+01, 1.00000000e+00, 1.00000000e+00, 9.57259921e-01,        1.00000000e+00],       [2.42097227e+01, 5.09939254e-01, 1.00000000e-02, 3.09610011e+01,        3.74840579e+01, 1.00000000e+00, 1.00000000e+00, 1.00000000e+00,        1.00000000e+00],       [2.55119188e+01, 5.12731998e-01, 1.00000000e-02, 2.96171316e+01,        3.92126892e+01, 1.00000000e+00, 1.00000000e+00, 9.46995074e-01,        1.00000000e+00],       [2.28811654e+01, 2.83586153e-01, 7.17872950e-01, 3.00523105e+01,        4.35781020e+01, 3.88788508e-01, 7.66604534e-01, 4.67147188e-02,        5.16748377e-01],       [2.70646801e+01, 5.02687703e-01, 1.00000000e-02, 2.85111599e+01,        4.20218673e+01, 1.00000000e+00, 1.00000000e+00, 9.92661382e-01,        1.00000000e+00],       [2.61985555e+01, 5.98110949e-01, 1.00000000e-02, 3.04344759e+01,        3.94314688e+01, 1.00000000e+00, 1.00000000e+00, 1.00000000e+00,        1.00000000e+00],       [2.75881643e+01, 5.52682047e-01, 1.00000000e-02, 2.69218124e+01,        4.18393672e+01, 1.00000000e+00, 1.00000000e+00, 9.29934146e-01,        1.00000000e+00],       [4.48759181e+01, 6.02765365e-01, 6.08588334e-01, 4.41511860e+01,        4.17192652e+01, 6.43251860e-01, 1.31128832e-01, 1.48424119e-01,        7.87164442e-01],       [2.51638278e+01, 4.87470286e-01, 1.00000000e-02, 3.10940049e+01,        4.20932077e+01, 1.00000000e+00, 1.00000000e+00, 1.00000000e+00,        8.63945156e-01],       [2.87329424e+01, 6.13537672e-01, 1.00000000e-02, 3.16018433e+01,        3.80760875e+01, 1.00000000e+00, 9.93239596e-01, 1.00000000e+00,        9.69777416e-01],       [2.72979277e+01, 4.44541575e-01, 1.00000000e-02, 2.93125823e+01,        4.24360046e+01, 1.00000000e+00, 1.00000000e+00, 1.00000000e+00,        1.00000000e+00],       [1.76558998e+01, 4.76782702e-01, 8.25893200e-01, 1.79180018e+01,        1.59722657e+01, 3.03130013e-01, 5.63339448e-01, 7.46315013e-01,        8.44158350e-01],       [2.36277064e+01, 5.57181424e-01, 1.00000000e-02, 3.09927433e+01,        4.01425059e+01, 8.63618981e-01, 1.00000000e+00, 1.00000000e+00,        1.00000000e+00],       [2.64974569e+01, 4.75904339e-01, 1.00000000e-02, 2.82208025e+01,        4.28031817e+01, 9.71837900e-01, 1.00000000e+00, 1.00000000e+00,        1.00000000e+00],       [2.30559195e+01, 5.29640821e-01, 1.00000000e-02, 3.28817254e+01,        3.86352850e+01, 9.00443489e-01, 1.00000000e+00, 9.92720510e-01,        1.00000000e+00],       [1.56475961e+01, 1.42432558e-02, 5.51233482e-01, 2.88039979e+01,        4.09749152e+01, 6.99616957e-01, 6.72674695e-01, 1.05407805e-01,        1.74544960e-01],       [2.68795993e+01, 5.32479510e-01, 1.77899536e-02, 2.94334999e+01,        4.09000003e+01, 1.00000000e+00, 1.00000000e+00, 1.00000000e+00,        1.00000000e+00],       [2.69416503e+01, 6.56276772e-01, 1.00000000e-02, 3.00287821e+01,        3.70505033e+01, 1.00000000e+00, 1.00000000e+00, 1.00000000e+00,        1.00000000e+00],       [2.44468376e+01, 6.11703618e-01, 1.00000000e-02, 3.10566628e+01,        3.78668373e+01, 1.00000000e+00, 1.00000000e+00, 1.00000000e+00,        1.00000000e+00],       [1.44461219e+01, 3.94577968e-01, 1.01021861e-01, 4.39444492e+01,        4.32147196e+01, 1.04748333e-01, 9.95166077e-01, 7.53750165e-01,        2.31246459e-01],       [3.11623846e+01, 7.89005211e-01, 1.00000000e-02, 2.77964312e+01,        3.28976153e+01, 1.00000000e+00, 1.00000000e+00, 1.00000000e+00,        1.00000000e+00],       [2.96967406e+01, 6.65076194e-01, 1.00000000e-02, 2.91640042e+01,        3.68260919e+01, 1.00000000e+00, 1.00000000e+00, 1.00000000e+00,        1.00000000e+00],       [2.80728033e+01, 7.24391163e-01, 1.00000000e-02, 2.85850348e+01,        3.65580359e+01, 1.00000000e+00, 1.00000000e+00, 1.00000000e+00,        1.00000000e+00],       [1.65759405e+01, 9.49808845e-01, 5.19680613e-02, 3.24623517e+01,        4.35123902e+01, 2.04584170e-01, 5.76484562e-01, 7.58286216e-01,        1.54996908e-01],       [2.99946887e+01, 6.61342769e-01, 1.00000000e-02, 2.84552655e+01,        3.60219456e+01, 1.00000000e+00, 1.00000000e+00, 1.00000000e+00,        1.00000000e+00],       [3.23334571e+01, 6.79775614e-01, 1.00000000e-02, 2.95359838e+01,        3.78476149e+01, 1.00000000e+00, 9.76432107e-01, 1.00000000e+00,        1.00000000e+00],       [3.04531952e+01, 6.66061649e-01, 1.00000000e-02, 2.79858923e+01,        3.61301357e+01, 1.00000000e+00, 1.00000000e+00, 1.00000000e+00,        1.00000000e+00],       [4.44440525e+01, 6.33270046e-01, 9.91669880e-01, 3.85117936e+01,        2.78665974e+01, 7.07823659e-01, 5.22233810e-01, 2.47515794e-01,        7.42006317e-01],       [2.96926069e+01, 7.00301564e-01, 1.00000000e-02, 2.99566694e+01,        3.65215897e+01, 1.00000000e+00, 1.00000000e+00, 9.92453612e-01,        1.00000000e+00],       [2.95604960e+01, 6.73765176e-01, 1.00000000e-02, 2.92575995e+01,        3.76130459e+01, 1.00000000e+00, 1.00000000e+00, 1.00000000e+00,        1.00000000e+00],       [2.96659230e+01, 6.71441605e-01, 1.00000000e-02, 2.91704085e+01,        3.70262387e+01, 1.00000000e+00, 1.00000000e+00, 1.00000000e+00,        1.00000000e+00],       [2.51989308e+01, 2.14934208e-01, 3.21793807e-01, 2.93074957e+01,        3.78063333e+01, 1.91621342e-01, 9.55942204e-01, 6.92148351e-01,        4.75981918e-01],       [2.93789976e+01, 6.55707873e-01, 1.00000000e-02, 2.97089789e+01,        3.60559404e+01, 1.00000000e+00, 1.00000000e+00, 1.00000000e+00,        1.00000000e+00],       [2.87361378e+01, 6.83570627e-01, 1.00000000e-02, 2.84628455e+01,        3.69120634e+01, 1.00000000e+00, 1.00000000e+00, 1.00000000e+00,        1.00000000e+00],       [3.04516945e+01, 6.97505549e-01, 1.00000000e-02, 2.81974405e+01,        3.67793772e+01, 1.00000000e+00, 1.00000000e+00, 1.00000000e+00,        1.00000000e+00],       [1.01680156e+01, 6.91607050e-01, 9.12764651e-01, 4.98145970e+01,        3.50570152e+01, 3.59386943e-01, 9.91730609e-01, 7.80559859e-01,        5.68865608e-01],       [2.67441243e+01, 6.38165144e-01, 1.00000000e-02, 2.90411532e+01,        3.89255619e+01, 1.00000000e+00, 1.00000000e+00, 1.00000000e+00,        1.00000000e+00],       [3.44931049e+01, 5.78228292e-01, 1.00000000e-02, 2.98377284e+01,        3.89586523e+01, 9.95363736e-01, 1.00000000e+00, 1.00000000e+00,        9.65621510e-01],       [5.00000000e+01, 8.77759663e-01, 1.00000000e-02, 2.98642334e+01,        5.00000000e+01, 6.44764096e-01, 1.00000000e+00, 1.00000000e+00,        1.00000000e+00],       [1.48732431e+01, 2.45996102e-01, 2.36441505e-01, 2.83936176e+01,        1.90645892e+01, 8.13342215e-01, 3.93682544e-01, 9.56190012e-01,        1.34082683e-01],       [3.27714013e+01, 7.41486403e-01, 1.00000000e-02, 2.96755660e+01,        3.77998943e+01, 1.00000000e+00, 9.93886345e-01, 1.00000000e+00,        1.00000000e+00],       [3.09126182e+01, 7.36073756e-01, 1.00000000e-02, 2.93774998e+01,        3.78691848e+01, 9.81715926e-01, 1.00000000e+00, 1.00000000e+00,        1.00000000e+00],       [3.16272690e+01, 6.38184138e-01, 1.00000000e-02, 2.96162197e+01,        3.70524900e+01, 1.00000000e+00, 1.00000000e+00, 1.00000000e+00,        1.00000000e+00],       [2.22047927e+01, 6.71526970e-01, 8.21356023e-01, 3.31998139e+01,        3.90880767e+01, 3.52111301e-01, 6.50951664e-01, 9.10108110e-01,        2.46066969e-01],       [2.98928340e+01, 6.48818751e-01, 1.00000000e-02, 2.92352963e+01,        3.58817568e+01, 1.00000000e+00, 9.66028652e-01, 1.00000000e+00,        1.00000000e+00],       [2.96389513e+01, 6.82231334e-01, 1.00000000e-02, 2.91748936e+01,        3.68143672e+01, 9.70092257e-01, 9.76726015e-01, 1.00000000e+00,        1.00000000e+00],       [3.06086594e+01, 6.48888943e-01, 1.00000000e-02, 2.93510219e+01,        3.64132468e+01, 1.00000000e+00, 1.00000000e+00, 1.00000000e+00,        1.00000000e+00],       [3.26598238e+01, 7.65652549e-01, 3.10248830e-01, 3.08982353e+01,        1.85661012e+01, 8.08437246e-01, 4.49502861e-01, 7.61375397e-01,        9.19549641e-01],       [2.58005532e+01, 1.00000000e+00, 1.00000000e-02, 2.42405265e+01,        3.89345027e+01, 1.00000000e+00, 6.62082472e-01, 1.00000000e+00,        1.00000000e+00],       [2.70321505e+01, 7.46747279e-01, 1.00000000e-02, 2.83373920e+01,        3.65012403e+01, 1.00000000e+00, 1.00000000e+00, 1.00000000e+00,        1.00000000e+00],       [3.23904040e+01, 6.68624169e-01, 1.00000000e-02, 2.93137454e+01,        3.82681899e+01, 1.00000000e+00, 9.99823147e-01, 1.00000000e+00,        1.00000000e+00],       [1.14801651e+01, 8.05118505e-01, 7.23929014e-01, 4.07834719e+01,        2.11985326e+01, 1.95468888e-01, 3.55682390e-01, 8.53248198e-02,        4.26909472e-01],       [2.76098101e+01, 7.62613664e-01, 1.00000000e-02, 2.99770894e+01,        3.67962310e+01, 1.00000000e+00, 1.00000000e+00, 8.51955476e-01,        1.00000000e+00]])
all_costs=array([ -4.85714286,  -1.17241379,  -1.03030303,  -1.47826087,        -1.39726027,  -1.00990099,  -1.61904762,  -1.17241379,        -1.61904762,  -1.03030303,  -1.00990099,  -4.08      ,        -1.07368421,  -2.91428571,  -1.00703518,  -5.79190751,        -1.94563107,  -1.07857912,  -1.00703518,  -5.85964912,        -6.81632653,  -6.22360248,  -1.003003  ,  -5.79190751,        -7.20863309,  -7.53383459,  -1.75481611,  -8.28099174,        -8.14634146,  -8.86725664,  -1.08324324,  -7.31386861,        -5.13846154,  -6.81632653,  -2.21192053,  -7.10638298,        -7.31386861,  -6.63576159,  -1.02558854,  -6.30188679,        -7.76744186,  -6.        ,  -1.02558854,  -7.42222222,        -5.79190751,  -6.22360248,  -1.01725888,  -6.72483221,        -6.07272727,  -7.76744186,  -1.05362776,  -8.42016807,        -8.14634146,  -6.46451613,  -1.07626208,  -5.72571429,        -6.8       ,  -7.84615385,  -1.07368421,  -6.8       ,        -6.        ,  -5.36842105,  -1.00990099,  -6.8       ,        -9.27272727,  -5.36842105,  -2.75675676,  -4.85714286,       -14.57142857, -11.33333333,  -2.26666667,  -6.8       ,       -11.33333333,  -4.85714286,  -1.09677419,  -4.08      ,        -6.8       ,  -9.27272727,  -1.61904762,  -6.        ,        -4.85714286,  -5.36842105,  -3.09090909,  -4.85714286,        -4.08      ,  -4.08      ,  -1.32467532,  -6.        ,        -7.84615385,  -9.27272727,  -1.39726027,  -3.77777778,        -6.8       ,  -6.8       ,  -1.56923077, -11.33333333,        -9.27272727,  -6.8       ,  -1.03030303, -14.57142857])
all_uncers=array([1.e-08, 1.e-08, 1.e-08, 1.e-08, 1.e-08, 1.e-08, 1.e-08, 1.e-08,       1.e-08, 1.e-08, 1.e-08, 1.e-08, 1.e-08, 1.e-08, 1.e-08, 1.e-08,       1.e-08, 1.e-08, 1.e-08, 1.e-08, 1.e-08, 1.e-08, 1.e-08, 1.e-08,       1.e-08, 1.e-08, 1.e-08, 1.e-08, 1.e-08, 1.e-08, 1.e-08, 1.e-08,       1.e-08, 1.e-08, 1.e-08, 1.e-08, 1.e-08, 1.e-08, 1.e-08, 1.e-08,       1.e-08, 1.e-08, 1.e-08, 1.e-08, 1.e-08, 1.e-08, 1.e-08, 1.e-08,       1.e-08, 1.e-08, 1.e-08, 1.e-08, 1.e-08, 1.e-08, 1.e-08, 1.e-08,       1.e-08, 1.e-08, 1.e-08, 1.e-08, 1.e-08, 1.e-08, 1.e-08, 1.e-08,       1.e-08, 1.e-08, 1.e-08, 1.e-08, 1.e-08, 1.e-08, 1.e-08, 1.e-08,       1.e-08, 1.e-08, 1.e-08, 1.e-08, 1.e-08, 1.e-08, 1.e-08, 1.e-08,       1.e-08, 1.e-08, 1.e-08, 1.e-08, 1.e-08, 1.e-08, 1.e-08, 1.e-08,       1.e-08, 1.e-08, 1.e-08, 1.e-08, 1.e-08, 1.e-08, 1.e-08, 1.e-08,       1.e-08, 1.e-08, 1.e-08, 1.e-08])
bad_run_indexs=[]
best_cost=-14.571428571428552
best_params=array([2.96967406e+01, 6.65076194e-01, 1.00000000e-02, 2.91640042e+01,       3.68260919e+01, 1.00000000e+00, 1.00000000e+00, 1.00000000e+00,       1.00000000e+00])
best_index=68
worst_cost=-1.003003003003003
worst_index=22
cost_range=13.568425568425548
costs_count=100
params_count=69
cost_scaler_init_index=11
net_0={'last_hyperfit': 0, 'last_net_reg': 1e-08, 'regularization_history': [1e-08], 'losses_list': [1.739859, 0.07823871, 0.051790603, 0.014280985, 0.0040306193, 0.0024251605, 0.0006061311, 0.00015396041, 9.1958675e-05, 3.291858e-05, 5.381903e-06, 2.7267981e-06, 2.1948058e-06, 1.1967461e-06, 7.350253e-07, 6.0694674e-07, 5.668044e-07, 5.5295595e-07, 5.469641e-07, 5.446021e-07, 5.439559e-07, 5.4369207e-07, 5.4362147e-07, 5.4359646e-07, 5.435897e-07, 5.4358827e-07, 5.435879e-07, 5.4358725e-07, 5.435872e-07, 5.435872e-07, 0.11381919, 0.02963388, 0.0054063844, 0.003467623, 0.0021857629, 0.00057609443, 7.113741e-05, 8.1084756e-05, 3.5957124e-05, 5.710001e-06, 1.5868621e-06, 1.4601355e-06, 1.1368879e-06, 6.971427e-07, 5.702489e-07, 5.486995e-07, 0.19598782, 0.08042484, 0.030597525, 0.035552908, 0.033239793, 0.014483546, 0.003384317, 0.0024116323, 0.0023514756, 0.0008697051, 0.00044099693, 3.590912e-05, 2.7515362e-05, 9.288518e-06, 4.5221077e-06, 1.1951073e-05, 0.06072194, 0.03989058, 0.0050765797, 0.006783982, 0.00076321524, 0.0006868894, 0.00018165045, 0.00018401988, 0.07418829, 0.05832805, 0.02848207, 0.028200475, 0.009358495, 0.012770434, 0.0039693, 0.0027045787, 0.0013443241, 0.0013796132, 0.00065764156, 0.0003667832, 0.00027675825, 0.00028164647, 8.762188e-05, 0.000127569, 0.0002665737, 0.00010297472, 1.8209224e-05, 0.00020221675, 2.20025e-05, 0.00016305005, 0.020769497, 0.008279469, 0.0053220056, 0.008460946, 0.043692015, 0.15347119, 0.4185641, 0.07755502, 0.043476477, 0.029301617, 0.01776066, 0.014286113, 0.043294523, 0.016945545, 0.3069391, 0.06891888, 0.037703667, 0.029226137, 0.04018343, 0.022115005, 0.01679182, 0.014453711, 0.009237616, 0.008421938, 0.007057724, 0.004439163, 0.002733437, 0.0024852036, 0.0013126003, 0.0034251986, 0.0013063414, 0.0002797957, 0.25197405, 0.17823718, 0.14411977, 0.12003296, 0.16547044, 0.2860642, 0.22176456, 0.17396009, 0.16324694, 0.13010085, 0.122230016, 0.09688757, 0.08168488, 0.0768993, 0.21328159, 0.11974076, 0.062087245, 0.047257252, 0.03035271, 0.012544487, 0.008557964, 0.0071549956, 0.21708812, 0.11432993, 0.054375038, 0.036944777, 0.019260565, 0.02550404, 0.018490642, 0.014067118, 0.006662872, 0.0313237, 0.22060728, 0.1392657, 0.17676239, 0.15302464, 1.1262015, 0.31809646, 0.24570827, 0.21192457, 0.092931375, 0.08508314, 0.07162039, 0.09300866, 0.8245233, 0.19246717, 0.09806834, 0.2853022, 1.2413774, 0.56162864, 0.6886209, 0.21069032, 3.3018203, 1.1749756, 0.8265779, 2.3449707, 1.5286673, 1.195318, 1.0547475, 0.9844111, 0.74634534, 0.62807095, 0.39341265, 1.638189, 0.71362054, 0.36197925, 0.298724, 0.1974922, 0.16802722, 0.15058702, 1.3841234, 0.702171, 0.5532313, 0.5551215, 0.48597214, 1.5427781, 1.2941165, 0.47863302, 0.96792305, 0.39289021, 0.49989104, 0.5740604, 0.36632296, 0.38085186], 'scaler_samples': (array([[2.80000000e+01, 3.00000000e-01, 6.00000000e-02, 3.20000000e+01,        3.20000000e+01, 1.00000000e+00, 1.00000000e+00, 1.00000000e+00,        1.00000000e+00],       [3.41597426e+01, 9.83409213e-01, 2.16355434e-01, 1.91106676e+01,        4.34740398e+01, 7.47566271e-01, 3.25751376e-01, 7.83276107e-02,        6.60751585e-01],       [2.71989586e+01, 7.92613616e-02, 3.68266263e-01, 4.27490385e+01,        3.60783606e+01, 1.41989317e-01, 7.16871809e-01, 5.57612553e-01,        2.82698238e-02],       [4.09804147e+01, 6.62635898e-01, 3.08489006e-01, 3.18325332e+01,        2.44141196e+01, 7.48408945e-01, 4.07386572e-01, 9.71704560e-01,        1.94524241e-01],       [2.88761033e+01, 4.83829529e-01, 4.47224851e-01, 2.53165558e+01,        4.89820114e+01, 5.55020470e-01, 9.83637038e-01, 6.89731487e-01,        1.16345705e-01],       [2.16142793e+01, 3.45562477e-01, 8.68541930e-01, 4.68662392e+01,        2.82180275e+01, 1.82187341e-01, 7.33718537e-02, 8.70681354e-01,        6.76626377e-01],       [2.53788744e+01, 9.38425978e-01, 4.48946027e-01, 2.68529749e+01,        4.77571250e+01, 9.34368375e-01, 7.03394264e-01, 1.97759367e-01,        7.22076597e-01],       [2.59639954e+01, 7.75765680e-01, 8.36000444e-01, 2.78687603e+01,        3.95052832e+01, 9.09384504e-01, 1.74284729e-01, 2.98785848e-01,        9.06238882e-01],       [1.23178146e+01, 3.30805903e-01, 6.23757907e-01, 2.85405540e+01,        3.78623750e+01, 5.10547785e-01, 7.00970084e-01, 9.61386281e-01,        2.33663804e-01],       [4.72836881e+01, 9.92832538e-01, 2.68287762e-01, 2.66131550e+01,        2.46623414e+01, 2.98126134e-01, 8.90107704e-01, 5.49469330e-02,        6.27941405e-01],       [2.62945486e+01, 4.03471510e-01, 4.01478517e-01, 1.84271904e+01,        2.74613073e+01, 1.92968559e-01, 4.45595353e-01, 1.43561309e-01,        1.34696516e-01]]), array([-4.85714286, -1.17241379, -1.03030303, -1.47826087, -1.39726027,       -1.00990099, -1.61904762, -1.17241379, -1.61904762, -1.03030303,       -1.00990099])), 'net': {'saver_path': './M-LOOP_archives/neural_net_archive_2022-10-15_14-16_1BehNOdB.ckpt'}}
net_1={'last_hyperfit': 0, 'last_net_reg': 1e-08, 'regularization_history': [1e-08], 'losses_list': [0.61670405, 0.073868945, 0.018606303, 0.002501544, 0.0011910802, 0.00087444327, 0.00031883898, 8.420599e-05, 3.194862e-05, 9.298732e-06, 3.189293e-06, 1.2555358e-06, 8.119103e-07, 6.057453e-07, 5.6249286e-07, 5.504345e-07, 5.457607e-07, 5.41946e-07, 5.4040333e-07, 5.39632e-07, 5.391969e-07, 5.390653e-07, 5.39029e-07, 5.3902096e-07, 5.390204e-07, 5.3901965e-07, 5.390191e-07, 5.3901886e-07, 5.390187e-07, 5.390186e-07, 0.88189834, 0.10382335, 0.019278597, 0.007494796, 0.0030275441, 0.0008302441, 0.00031180982, 9.289701e-05, 3.3406523e-05, 4.9995897e-06, 2.3675327e-06, 2.271925e-06, 1.1795316e-06, 7.5898913e-07, 6.1090356e-07, 5.5663565e-07, 0.44036838, 0.16038656, 0.06494514, 0.106961794, 0.06457173, 0.025330313, 0.017756918, 0.02384816, 0.02462646, 0.028635686, 0.044250112, 0.012208582, 0.0038514861, 0.0007433599, 0.000114355564, 3.8260245e-05, 1.2282683e-05, 1.4501534e-05, 7.43323e-06, 2.6860941e-06, 4.7566377e-06, 4.2410215e-06, 1.8821304e-06, 2.1318708e-06, 7.4350976e-07, 6.347872e-07, 5.871019e-07, 5.803141e-07, 0.03798714, 0.027904049, 0.015226549, 0.012456997, 0.00764948, 0.004810091, 0.002915631, 0.0029093022, 0.09825936, 0.026665207, 0.009065998, 0.0027847372, 0.0014089096, 0.0010910522, 0.0009123345, 0.0008427598, 1.0943719, 0.18685049, 0.06905704, 0.08302395, 0.040625032, 0.036416214, 0.1352868, 0.056565672, 0.049996857, 0.025914146, 0.021023808, 0.020337302, 0.12882148, 0.05390635, 0.036761917, 0.029930053, 0.029603193, 0.024053676, 0.25640318, 0.17221728, 0.16007583, 0.15584709, 0.19564912, 0.18885924, 0.28194717, 0.2233863, 0.20436022, 0.24859068, 0.25686833, 0.20367712, 0.27307633, 0.2463037, 0.33504066, 0.32799977, 1.1051971, 0.67353356, 0.39433652, 0.34576052, 0.22767013, 0.28057137, 2.9330235, 0.72839946, 0.3583328, 0.39007324, 0.18556972, 0.1527101, 0.12647423, 0.11699576, 0.08581123, 0.0657076, 1.5193824, 0.83288854, 0.57528794, 0.44408092, 0.35079587, 0.18082458, 1.18834, 0.85872394, 0.5563015, 0.8350517, 1.1235551, 0.5573294, 0.4301817, 0.30604705, 0.21848452, 0.37526518, 0.652726, 0.263425, 0.18122084, 0.16581114, 0.67182356, 0.79832804, 0.34861374, 0.43210834, 0.7464471, 0.27811033, 0.29872966, 0.27158192, 0.28234032, 1.8760529], 'scaler_samples': (array([[2.80000000e+01, 3.00000000e-01, 6.00000000e-02, 3.20000000e+01,        3.20000000e+01, 1.00000000e+00, 1.00000000e+00, 1.00000000e+00,        1.00000000e+00],       [3.41597426e+01, 9.83409213e-01, 2.16355434e-01, 1.91106676e+01,        4.34740398e+01, 7.47566271e-01, 3.25751376e-01, 7.83276107e-02,        6.60751585e-01],       [2.71989586e+01, 7.92613616e-02, 3.68266263e-01, 4.27490385e+01,        3.60783606e+01, 1.41989317e-01, 7.16871809e-01, 5.57612553e-01,        2.82698238e-02],       [4.09804147e+01, 6.62635898e-01, 3.08489006e-01, 3.18325332e+01,        2.44141196e+01, 7.48408945e-01, 4.07386572e-01, 9.71704560e-01,        1.94524241e-01],       [2.88761033e+01, 4.83829529e-01, 4.47224851e-01, 2.53165558e+01,        4.89820114e+01, 5.55020470e-01, 9.83637038e-01, 6.89731487e-01,        1.16345705e-01],       [2.16142793e+01, 3.45562477e-01, 8.68541930e-01, 4.68662392e+01,        2.82180275e+01, 1.82187341e-01, 7.33718537e-02, 8.70681354e-01,        6.76626377e-01],       [2.53788744e+01, 9.38425978e-01, 4.48946027e-01, 2.68529749e+01,        4.77571250e+01, 9.34368375e-01, 7.03394264e-01, 1.97759367e-01,        7.22076597e-01],       [2.59639954e+01, 7.75765680e-01, 8.36000444e-01, 2.78687603e+01,        3.95052832e+01, 9.09384504e-01, 1.74284729e-01, 2.98785848e-01,        9.06238882e-01],       [1.23178146e+01, 3.30805903e-01, 6.23757907e-01, 2.85405540e+01,        3.78623750e+01, 5.10547785e-01, 7.00970084e-01, 9.61386281e-01,        2.33663804e-01],       [4.72836881e+01, 9.92832538e-01, 2.68287762e-01, 2.66131550e+01,        2.46623414e+01, 2.98126134e-01, 8.90107704e-01, 5.49469330e-02,        6.27941405e-01],       [2.62945486e+01, 4.03471510e-01, 4.01478517e-01, 1.84271904e+01,        2.74613073e+01, 1.92968559e-01, 4.45595353e-01, 1.43561309e-01,        1.34696516e-01]]), array([-4.85714286, -1.17241379, -1.03030303, -1.47826087, -1.39726027,       -1.00990099, -1.61904762, -1.17241379, -1.61904762, -1.03030303,       -1.00990099])), 'net': {'saver_path': './M-LOOP_archives/neural_net_archive_2022-10-15_14-16_n33MpXHA.ckpt'}}
net_2={'last_hyperfit': 0, 'last_net_reg': 1e-08, 'regularization_history': [1e-08], 'losses_list': [1.3399303, 0.12220328, 0.037355423, 0.016162522, 0.004086819, 0.0009848985, 0.0007714269, 0.00013815732, 8.629204e-05, 2.920315e-05, 9.999394e-06, 4.2966894e-06, 1.7879481e-06, 1.120562e-06, 6.1747426e-07, 5.7320614e-07, 5.552688e-07, 5.40762e-07, 5.3810123e-07, 5.3659335e-07, 5.356354e-07, 5.3534455e-07, 5.352716e-07, 5.352466e-07, 5.35243e-07, 5.3523974e-07, 5.352386e-07, 5.352385e-07, 5.352383e-07, 5.352383e-07, 0.5820138, 0.08563605, 0.02022164, 0.0034903917, 0.0029951672, 0.0007009977, 0.00015428883, 0.00012809648, 2.4828043e-05, 1.1819665e-05, 8.078431e-06, 1.6335315e-06, 9.659532e-07, 8.643094e-07, 5.7907954e-07, 5.561934e-07, 0.54273164, 0.10299251, 0.066678174, 0.026744032, 0.016153565, 0.03128348, 0.06857525, 0.02331017, 0.012772675, 0.0058940724, 0.0018948712, 0.0008423997, 3.2007825e-05, 5.1442486e-05, 4.8072784e-06, 1.5757862e-06, 6.5206683e-07, 6.761169e-07, 5.7278504e-07, 5.831565e-07, 0.045839775, 0.044002242, 0.019422878, 0.014787052, 0.031051073, 0.01577121, 0.00966397, 0.008521537, 0.041454107, 0.0070528476, 0.0045926557, 0.0023317174, 0.0028566178, 0.0019328287, 0.40176317, 0.08035996, 0.052488793, 0.021248102, 0.024655953, 0.02871168, 0.16828972, 0.09879213, 0.03314236, 0.021138204, 0.018220268, 0.022127846, 0.011388109, 0.011400023, 0.011752256, 0.008608262, 0.0052607334, 0.0053188056, 0.0048981165, 0.0053328606, 0.35836223, 0.06744621, 0.044791456, 0.02146694, 0.014561595, 0.011239307, 0.00871673, 0.010035645, 0.0048470977, 0.002888771, 0.29205942, 0.15953267, 0.14622013, 0.13907371, 0.17846239, 0.17424218, 0.21927822, 0.21250515, 0.1714084, 0.18635349, 0.17876384, 0.13743742, 0.1165717, 0.10944335, 0.25386223, 0.19194007, 0.14070188, 0.11973397, 0.10276488, 0.073835015, 0.24811785, 0.38624364, 1.0104798, 0.6962989, 0.8811793, 0.38741294, 0.19765815, 0.1264571, 0.067570835, 0.04954938, 1.2142048, 0.31792104, 0.23955226, 0.086006194, 0.044309095, 0.027106762, 0.027502282, 0.011854232, 0.011237937, 0.0080657285, 0.008484133, 0.0039404673, 0.0016273882, 0.0031658714, 0.80270094, 1.9771273, 0.4819226, 0.24157166, 0.8130689, 0.6076132, 0.42945513, 0.8922297, 0.97780675, 2.813259, 1.2849612, 0.7635094, 0.48864543, 0.5154698, 0.52128327, 0.3488158, 0.24542104, 0.39460778, 0.8730476, 0.5714947, 0.48013398, 0.35678157, 0.3201457, 0.33593592, 0.21722214, 0.30058044], 'scaler_samples': (array([[2.80000000e+01, 3.00000000e-01, 6.00000000e-02, 3.20000000e+01,        3.20000000e+01, 1.00000000e+00, 1.00000000e+00, 1.00000000e+00,        1.00000000e+00],       [3.41597426e+01, 9.83409213e-01, 2.16355434e-01, 1.91106676e+01,        4.34740398e+01, 7.47566271e-01, 3.25751376e-01, 7.83276107e-02,        6.60751585e-01],       [2.71989586e+01, 7.92613616e-02, 3.68266263e-01, 4.27490385e+01,        3.60783606e+01, 1.41989317e-01, 7.16871809e-01, 5.57612553e-01,        2.82698238e-02],       [4.09804147e+01, 6.62635898e-01, 3.08489006e-01, 3.18325332e+01,        2.44141196e+01, 7.48408945e-01, 4.07386572e-01, 9.71704560e-01,        1.94524241e-01],       [2.88761033e+01, 4.83829529e-01, 4.47224851e-01, 2.53165558e+01,        4.89820114e+01, 5.55020470e-01, 9.83637038e-01, 6.89731487e-01,        1.16345705e-01],       [2.16142793e+01, 3.45562477e-01, 8.68541930e-01, 4.68662392e+01,        2.82180275e+01, 1.82187341e-01, 7.33718537e-02, 8.70681354e-01,        6.76626377e-01],       [2.53788744e+01, 9.38425978e-01, 4.48946027e-01, 2.68529749e+01,        4.77571250e+01, 9.34368375e-01, 7.03394264e-01, 1.97759367e-01,        7.22076597e-01],       [2.59639954e+01, 7.75765680e-01, 8.36000444e-01, 2.78687603e+01,        3.95052832e+01, 9.09384504e-01, 1.74284729e-01, 2.98785848e-01,        9.06238882e-01],       [1.23178146e+01, 3.30805903e-01, 6.23757907e-01, 2.85405540e+01,        3.78623750e+01, 5.10547785e-01, 7.00970084e-01, 9.61386281e-01,        2.33663804e-01],       [4.72836881e+01, 9.92832538e-01, 2.68287762e-01, 2.66131550e+01,        2.46623414e+01, 2.98126134e-01, 8.90107704e-01, 5.49469330e-02,        6.27941405e-01],       [2.62945486e+01, 4.03471510e-01, 4.01478517e-01, 1.84271904e+01,        2.74613073e+01, 1.92968559e-01, 4.45595353e-01, 1.43561309e-01,        1.34696516e-01]]), array([-4.85714286, -1.17241379, -1.03030303, -1.47826087, -1.39726027,       -1.00990099, -1.61904762, -1.17241379, -1.61904762, -1.03030303,       -1.00990099])), 'net': {'saver_path': './M-LOOP_archives/neural_net_archive_2022-10-15_14-16_HJGfDTOb.ckpt'}}
