mloop_version='3.3.1'
archive_type='neural_net_learner'
num_params=9
min_boundary=array([10.  ,  0.01,  0.01, 10.  , 10.  ,  0.01,  0.01,  0.01,  0.01])
max_boundary=array([50.,  1.,  1., 50., 50.,  1.,  1.,  1.,  1.])
start_datetime='2022-10-15_13-53'
param_names=['', '', '', '', '', '', '', '', '']
search_precision=1e-06
parameter_searches=10
bad_uncer_frac=0.1
trust_region=nan
has_trust_region=False
predict_global_minima_at_end=True
generation_num=3
update_hyperparameters=False
predicted_best_parameters=array([4.88925997e+01, 9.67728336e-01, 1.00000000e+00, 3.96904806e+01,       1.40110602e+01, 4.44138307e-02, 7.76485285e-01, 1.00000000e-02,       4.42634735e-02])
predicted_best_scaled_cost=-5.379701
predicted_best_cost=-116.66446714984278
all_params=array([[2.80000000e+01, 3.00000000e-01, 6.00000000e-02, 3.20000000e+01,        3.20000000e+01, 1.00000000e+00, 1.00000000e+00, 1.00000000e+00,        1.00000000e+00],       [2.72427826e+01, 5.17604483e-01, 9.83037312e-01, 2.22881287e+01,        4.14167333e+01, 7.49230521e-02, 2.37106008e-01, 5.03625356e-01,        7.71292665e-01],       [1.65769631e+01, 8.38137030e-01, 1.68394707e-02, 2.54972612e+01,        3.40184601e+01, 2.91334268e-01, 7.47017233e-01, 9.31473618e-01,        3.66804366e-01],       [1.49739958e+01, 9.11573859e-02, 9.75597740e-01, 2.62344550e+01,        3.99704965e+01, 8.08699677e-01, 8.58199028e-01, 9.27911777e-01,        1.78093513e-01],       [2.84832581e+01, 3.25417532e-01, 9.15112254e-01, 4.37978558e+01,        2.19537751e+01, 8.89567623e-01, 4.22851962e-01, 9.63765665e-01,        7.34592462e-01],       [4.60566868e+01, 8.52701197e-01, 1.40920342e-01, 1.43726276e+01,        2.92133372e+01, 4.13170364e-01, 7.01648252e-01, 1.89278137e-01,        8.05421378e-01],       [2.01308970e+01, 5.01088861e-01, 1.92030570e-02, 1.91141690e+01,        1.04461509e+01, 6.49501231e-01, 8.23200062e-01, 6.16317370e-01,        7.68991914e-02],       [1.58247592e+01, 3.16727635e-01, 3.09063145e-01, 4.33033261e+01,        1.94208935e+01, 3.08270172e-01, 6.23638597e-01, 2.51335377e-01,        2.49217280e-01],       [2.40411329e+01, 1.63443422e-01, 6.23981415e-02, 4.80085572e+01,        4.28886125e+01, 1.61269995e-01, 4.35353353e-01, 9.68102958e-01,        6.66233117e-01],       [4.57745081e+01, 2.09476449e-01, 9.13538515e-01, 2.78943295e+01,        1.05635524e+01, 2.47435205e-01, 8.80164173e-01, 6.66043602e-01,        9.72119438e-01],       [4.98405909e+01, 4.69914659e-01, 5.02840869e-01, 2.48547701e+01,        3.49457426e+01, 4.45383291e-01, 9.03079843e-01, 3.51093027e-01,        5.13897011e-01],       [4.91771594e+01, 1.00000000e-02, 4.19559294e-01, 2.22192451e+01,        1.10813573e+01, 1.00000000e-02, 9.65271809e-01, 1.00000000e-02,        1.00000000e+00],       [5.00000000e+01, 1.00000000e+00, 1.00000000e+00, 3.27002039e+01,        1.00000000e+01, 7.10956015e-02, 1.00000000e+00, 1.00000000e-02,        1.00000000e-02],       [1.00000000e+01, 1.00000000e-02, 1.00000000e+00, 2.15149269e+01,        1.00000000e+01, 3.81982260e-01, 9.78516463e-01, 1.00000000e-02,        1.00000000e+00],       [3.15511248e+01, 7.93052243e-01, 5.50220738e-01, 3.83455518e+01,        2.38915905e+01, 2.13600917e-01, 6.57546010e-01, 8.42875602e-01,        2.26663177e-01],       [5.00000000e+01, 2.09533877e-01, 1.00000000e+00, 3.60244207e+01,        1.00000000e+01, 3.83572668e-01, 9.23027672e-01, 7.84107415e-01,        1.00000000e+00],       [4.76270084e+01, 2.12209171e-01, 1.00000000e+00, 2.64040178e+01,        1.00000000e+01, 1.00000000e-02, 8.86008517e-01, 7.56286860e-01,        1.00000000e+00],       [5.00000000e+01, 1.00000000e-02, 1.00000000e+00, 1.64630520e+01,        1.00000000e+01, 1.00000000e-02, 1.00000000e+00, 8.44233928e-01,        1.00000000e+00],       [2.01936627e+01, 2.75376020e-01, 3.67323224e-01, 4.26653357e+01,        3.18796287e+01, 6.12320581e-01, 6.53201867e-01, 7.15703475e-01,        4.12934623e-01],       [5.00000000e+01, 1.00000000e-02, 1.00000000e+00, 1.05821187e+01,        1.00000000e+01, 1.00000000e-02, 1.00000000e+00, 8.04048076e-01,        1.00000000e+00],       [5.00000000e+01, 1.00000000e-02, 9.12065873e-01, 1.00000000e+01,        1.00000000e+01, 1.00000000e-02, 1.00000000e+00, 9.86719896e-01,        1.00000000e+00],       [5.00000000e+01, 1.00000000e+00, 1.00000000e+00, 3.75381596e+01,        1.00000000e+01, 1.00000000e-02, 8.09576963e-01, 1.00000000e-02,        1.00000000e-02],       [3.45621280e+01, 7.54687087e-01, 8.06062406e-02, 2.65489049e+01,        2.71142339e+01, 9.76053125e-01, 9.76681152e-01, 2.37364052e-01,        4.38780146e-01],       [5.00000000e+01, 1.00000000e-02, 1.00000000e+00, 2.06455639e+01,        1.00000000e+01, 7.39827789e-02, 1.00000000e+00, 8.81864993e-01,        8.34507753e-01],       [5.00000000e+01, 8.29808278e-01, 1.00000000e+00, 5.00000000e+01,        1.00000000e+01, 1.00000000e-02, 8.03633095e-01, 1.00000000e-02,        1.00000000e-02],       [5.00000000e+01, 1.00000000e-02, 1.00000000e+00, 2.02021473e+01,        1.00000000e+01, 1.19399728e-01, 1.00000000e+00, 9.39780709e-01,        9.72157647e-01],       [4.31730405e+01, 2.56348442e-01, 6.51761717e-01, 3.90837269e+01,        2.91395849e+01, 9.22937761e-01, 6.61171864e-01, 9.20029061e-02,        7.21268722e-01],       [5.00000000e+01, 9.24619153e-01, 8.45044448e-01, 3.70012406e+01,        1.00000000e+01, 1.00000000e-02, 5.43130321e-01, 1.00000000e-02,        1.00000000e-02],       [4.87389479e+01, 1.00000000e-02, 1.00000000e+00, 2.04635400e+01,        1.00000000e+01, 1.03658290e-01, 1.00000000e+00, 6.08777491e-01,        1.00000000e+00],       [5.00000000e+01, 1.00000000e+00, 9.36541643e-01, 3.69831569e+01,        1.00000000e+01, 1.00000000e-02, 6.18531862e-01, 1.00000000e-02,        1.00000000e-02],       [3.90927610e+01, 8.24407514e-01, 9.88284290e-01, 3.47958015e+01,        1.48659211e+01, 5.85790333e-01, 6.26925821e-01, 8.48050152e-01,        2.79669909e-01],       [5.00000000e+01, 1.00000000e-02, 1.00000000e+00, 1.65182124e+01,        1.03883866e+01, 1.00000000e-02, 9.15817237e-01, 8.90694063e-01,        9.29740573e-01],       [5.00000000e+01, 1.00000000e+00, 1.00000000e+00, 4.48074190e+01,        1.00000000e+01, 1.00000000e-02, 9.16622235e-01, 1.00000000e-02,        1.00000000e-02],       [5.00000000e+01, 1.00000000e-02, 1.00000000e+00, 1.58481746e+01,        1.00000000e+01, 1.00000000e-02, 9.80464326e-01, 8.37279631e-01,        9.18347929e-01],       [3.42788874e+01, 9.92106416e-01, 7.56639085e-01, 3.70211245e+01,        1.58080346e+01, 2.38962196e-01, 4.52900062e-01, 6.63910741e-01,        4.66046553e-01],       [3.72341679e+01, 1.00000000e+00, 1.00000000e+00, 1.79747954e+01,        1.00000000e+01, 1.77294217e-01, 6.34801374e-01, 1.00000000e+00,        6.27569031e-02],       [5.00000000e+01, 1.00000000e+00, 1.00000000e+00, 3.33593910e+01,        1.00000000e+01, 1.00000000e-02, 8.21478354e-01, 1.00000000e-02,        1.00000000e-02],       [5.00000000e+01, 1.00000000e+00, 1.00000000e+00, 2.62569752e+01,        1.00000000e+01, 5.73286626e-01, 5.40708704e-01, 1.00000000e+00,        1.45291930e-01],       [4.89515049e+01, 1.96628224e-01, 2.18491701e-01, 1.33482310e+01,        3.74225993e+01, 7.38771824e-01, 5.05647490e-01, 3.98107233e-01,        1.86667873e-01],       [5.00000000e+01, 1.00000000e+00, 1.00000000e+00, 4.18806582e+01,        1.00000000e+01, 1.00000000e-02, 6.67083506e-01, 4.04747186e-02,        1.00000000e-02],       [5.00000000e+01, 1.00000000e+00, 1.00000000e+00, 3.96430870e+01,        1.00000000e+01, 1.00000000e-02, 7.63385645e-01, 1.00000000e-02,        1.00000000e-02],       [4.40937306e+01, 1.00000000e+00, 1.00000000e+00, 4.27649712e+01,        1.00000000e+01, 6.28608889e-02, 7.21886012e-01, 1.00000000e-02,        1.00000000e-02],       [3.69022601e+01, 6.64556527e-01, 9.64646066e-01, 2.48606565e+01,        4.83098006e+01, 8.31687441e-01, 2.79422054e-02, 7.18579234e-01,        2.88888313e-01],       [5.00000000e+01, 1.00000000e+00, 1.00000000e+00, 4.01924846e+01,        1.00000000e+01, 1.00000000e-02, 7.58311717e-01, 3.26682611e-02,        1.00000000e-02],       [5.00000000e+01, 9.51605506e-01, 1.00000000e+00, 4.00025341e+01,        1.00000000e+01, 1.00000000e-02, 7.78361600e-01, 1.00000000e-02,        1.00000000e-02],       [5.00000000e+01, 9.75304178e-01, 1.00000000e+00, 4.05927484e+01,        1.00000000e+01, 1.00000000e-02, 7.71356963e-01, 5.95171849e-02,        1.00000000e-02],       [3.88056425e+01, 8.47902704e-01, 4.58899556e-01, 4.63495393e+01,        2.74196175e+01, 9.35987482e-01, 6.16999005e-01, 1.15011059e-01,        4.46543723e-02],       [5.00000000e+01, 1.00000000e+00, 1.00000000e+00, 3.88704625e+01,        1.00000000e+01, 1.08986002e-02, 7.41009503e-01, 1.00000000e-02,        1.00000000e-02],       [4.41607512e+01, 1.00000000e-02, 9.15129356e-01, 2.06354855e+01,        1.00000000e+01, 7.85788813e-02, 1.00000000e+00, 8.21958405e-01,        1.00000000e+00],       [4.98974217e+01, 1.68924061e-02, 8.40518866e-01, 1.81510402e+01,        1.00000000e+01, 1.00000000e-02, 1.00000000e+00, 7.73636766e-01,        1.00000000e+00],       [4.94924973e+01, 2.04089102e-01, 4.54504461e-02, 4.08780947e+01,        2.13597014e+01, 8.28077819e-01, 7.61745952e-01, 9.78381127e-01,        7.41776529e-01],       [5.00000000e+01, 9.15074856e-01, 1.00000000e+00, 3.64457678e+01,        1.00000000e+01, 1.00000000e-02, 7.58852441e-01, 3.72248485e-01,        1.00000000e-02],       [4.28107550e+01, 1.00000000e+00, 1.00000000e+00, 2.93916761e+01,        1.00000000e+01, 7.40709504e-01, 6.82106292e-01, 8.68259978e-01,        6.36614899e-02],       [5.00000000e+01, 1.00000000e+00, 1.00000000e+00, 3.31320176e+01,        1.00000000e+01, 6.15337871e-01, 5.18003930e-01, 1.00000000e+00,        2.46164223e-01],       [4.87939138e+01, 8.51514975e-01, 5.38717968e-02, 2.86418382e+01,        4.04734887e+01, 7.09034997e-01, 7.69231187e-01, 7.76296936e-01,        5.18022442e-02],       [5.00000000e+01, 1.00000000e+00, 1.00000000e+00, 3.80313670e+01,        1.05308282e+01, 1.35828579e-02, 7.86008605e-01, 1.00000000e-02,        1.00000000e-02],       [5.00000000e+01, 1.00000000e+00, 1.00000000e+00, 3.11658183e+01,        1.00000000e+01, 3.93395371e-01, 7.71262760e-01, 1.00000000e-02,        4.58831302e-01],       [5.00000000e+01, 1.00000000e+00, 1.00000000e+00, 3.14090941e+01,        1.00000000e+01, 5.24704400e-01, 6.42569941e-01, 8.58124210e-01,        2.29368101e-01],       [3.37884268e+01, 2.16469142e-01, 2.43612055e-02, 1.91642301e+01,        2.39110934e+01, 3.98994188e-01, 7.02350119e-02, 5.75847159e-01,        1.90979077e-01],       [5.00000000e+01, 1.00000000e+00, 1.00000000e+00, 3.78194638e+01,        1.13502529e+01, 9.18459991e-02, 7.89572549e-01, 1.00000000e-02,        1.00000000e-02],       [5.00000000e+01, 1.00000000e+00, 1.00000000e+00, 3.80178885e+01,        1.00000000e+01, 6.02861226e-02, 7.99433203e-01, 1.00000000e-02,        1.00000000e-02],       [4.77644247e+01, 1.00000000e+00, 1.00000000e+00, 3.83748161e+01,        1.02408423e+01, 3.75333270e-02, 7.69891190e-01, 1.00000000e-02,        1.76228205e-01],       [4.98087093e+01, 4.03625736e-01, 2.73716132e-01, 4.56901860e+01,        4.74802224e+01, 2.10118897e-01, 3.63433613e-01, 1.95027288e-01,        7.22838166e-01],       [5.00000000e+01, 1.00000000e+00, 1.00000000e+00, 3.84040791e+01,        1.00000000e+01, 1.00000000e-02, 7.97672896e-01, 1.00000000e-02,        2.89509063e-02],       [4.51388458e+01, 1.00000000e+00, 1.00000000e+00, 3.76536304e+01,        1.00000000e+01, 1.00000000e-02, 7.36272881e-01, 1.00000000e-02,        2.34666524e-01],       [4.81288922e+01, 1.00000000e+00, 9.78944753e-01, 3.83418107e+01,        1.30884335e+01, 1.00000000e-02, 7.71820686e-01, 7.64473193e-02,        2.05786273e-01],       [4.18259597e+01, 2.53398504e-01, 7.57481926e-02, 2.26589825e+01,        4.61569466e+01, 8.70692470e-01, 4.00301926e-01, 6.27595704e-01,        4.45778530e-01],       [5.00000000e+01, 9.74265652e-01, 1.00000000e+00, 5.00000000e+01,        1.00000000e+01, 1.00000000e-02, 1.00000000e-02, 9.08888436e-01,        1.00000000e-02],       [4.88062346e+01, 4.38913308e-02, 1.00000000e+00, 1.62768453e+01,        1.16879504e+01, 9.70346773e-02, 1.00000000e+00, 8.69870318e-01,        1.00000000e+00],       [5.00000000e+01, 2.25017733e-02, 1.00000000e+00, 1.85070157e+01,        1.00000000e+01, 1.00000000e-02, 9.95293853e-01, 7.37118067e-01,        9.56389992e-01],       [2.79930465e+01, 1.89398474e-01, 3.80170235e-01, 1.05485054e+01,        3.77851899e+01, 2.49026280e-01, 2.30857117e-01, 6.10491020e-01,        4.55046053e-01],       [4.41532046e+01, 9.13967338e-01, 1.00000000e+00, 3.84576317e+01,        1.00000000e+01, 9.31783412e-02, 7.69580008e-01, 1.00000000e-02,        1.30201262e-01],       [3.33982169e+01, 1.00000000e+00, 1.00000000e+00, 3.40824661e+01,        1.02359464e+01, 8.47074857e-01, 4.82383211e-01, 7.73699777e-01,        1.00000000e-02],       [4.21259991e+01, 1.00000000e+00, 7.84174678e-01, 5.00000000e+01,        1.00000000e+01, 2.12060431e-01, 6.35808666e-01, 1.00000000e-02,        1.09982054e-01],       [1.58656132e+01, 8.73513829e-01, 3.48041788e-01, 3.03794976e+01,        3.94755514e+01, 4.18695804e-01, 5.23066746e-01, 2.49461495e-01,        3.98598542e-01],       [4.21449687e+01, 9.91725606e-01, 1.00000000e+00, 3.72676808e+01,        1.00000000e+01, 1.31482600e-01, 8.20402371e-01, 1.00000000e-02,        1.87005046e-01],       [5.00000000e+01, 1.00000000e+00, 1.00000000e+00, 3.73592232e+01,        1.00000000e+01, 1.22187035e-01, 7.48887067e-01, 1.00000000e-02,        1.34326055e-01],       [4.73136276e+01, 1.00000000e+00, 8.98042556e-01, 3.85595974e+01,        1.00000000e+01, 1.00000000e-02, 7.76348707e-01, 1.00000000e-02,        7.09027909e-02],       [3.63154161e+01, 1.79272861e-01, 8.17647358e-01, 3.67864129e+01,        4.97567983e+01, 9.24337857e-01, 7.80439830e-01, 6.29540592e-01,        9.29850706e-01],       [5.00000000e+01, 9.52478502e-01, 1.00000000e+00, 3.93957167e+01,        1.57990043e+01, 4.10106042e-02, 7.83777717e-01, 1.00000000e-02,        1.00000000e-02],       [5.00000000e+01, 1.00000000e+00, 1.00000000e+00, 5.00000000e+01,        1.00000000e+01, 8.82167352e-01, 5.21219796e-01, 1.00000000e-02,        9.69985110e-02],       [5.00000000e+01, 9.64201252e-01, 1.00000000e+00, 3.73540453e+01,        1.40917252e+01, 1.00000000e-02, 7.73857981e-01, 1.00000000e-02,        3.39050406e-02],       [4.84921467e+01, 4.92923561e-02, 7.11779686e-02, 3.19982374e+01,        3.56594543e+01, 3.86000877e-01, 7.66509874e-01, 8.26069784e-01,        4.17959129e-01],       [5.00000000e+01, 9.76118570e-01, 1.00000000e+00, 4.04801119e+01,        1.00000000e+01, 8.52365355e-02, 7.13244500e-01, 1.00000000e-02,        1.48890189e-01],       [5.00000000e+01, 1.00000000e+00, 1.00000000e+00, 3.70631378e+01,        1.00000000e+01, 8.60989703e-02, 7.90005673e-01, 1.00000000e-02,        2.22190628e-01],       [5.00000000e+01, 1.00000000e+00, 1.00000000e+00, 3.80316547e+01,        1.28883383e+01, 2.02525261e-01, 7.40912884e-01, 1.00000000e-02,        2.07016300e-01],       [4.43802977e+01, 7.25664603e-01, 2.35585577e-01, 3.27686850e+01,        2.86004014e+01, 1.66751796e-01, 4.12967809e-01, 5.45811130e-01,        9.61647894e-01],       [5.00000000e+01, 1.00000000e+00, 1.00000000e+00, 4.09067520e+01,        1.00000000e+01, 1.88550475e-02, 7.60321350e-01, 7.52227874e-02,        2.54931384e-01],       [4.62426177e+01, 1.00000000e+00, 1.00000000e+00, 4.37847814e+01,        1.00000000e+01, 7.07230914e-01, 6.30629091e-01, 1.00000000e+00,        6.99195176e-01],       [5.00000000e+01, 1.00000000e+00, 1.00000000e+00, 3.83148210e+01,        1.00000000e+01, 5.08888655e-02, 7.62117160e-01, 1.00000000e-02,        1.77478094e-02],       [4.73250168e+01, 6.21341478e-01, 2.75520288e-01, 4.99915364e+01,        3.09164192e+01, 4.82622961e-01, 7.46528852e-01, 1.38022820e-02,        9.07852081e-01],       [5.00000000e+01, 9.59226621e-01, 1.00000000e+00, 3.73434376e+01,        1.09271398e+01, 4.07160245e-02, 7.77088122e-01, 1.00000000e-02,        1.00000000e-02],       [4.75717245e+01, 1.00000000e-02, 1.00000000e+00, 1.86195424e+01,        1.00000000e+01, 1.00000000e-02, 9.74995692e-01, 8.09326203e-01,        1.00000000e+00],       [5.00000000e+01, 1.00000000e+00, 1.00000000e+00, 3.83339551e+01,        1.00000000e+01, 1.00000000e-02, 7.63467710e-01, 1.00000000e-02,        8.61873567e-02],       [4.25238543e+01, 2.57446893e-01, 9.08158582e-01, 4.00817400e+01,        2.50511593e+01, 5.87120329e-01, 3.86565773e-01, 2.94396687e-01,        6.08530939e-01],       [5.00000000e+01, 9.65014276e-01, 1.00000000e+00, 3.81091800e+01,        1.05554842e+01, 1.92137662e-02, 7.75530517e-01, 4.53909816e-02,        1.00000000e-02],       [5.00000000e+01, 1.00000000e+00, 1.00000000e+00, 5.00000000e+01,        1.00000000e+01, 2.86491645e-01, 5.93028206e-01, 1.00000000e-02,        1.00000000e-02],       [5.00000000e+01, 9.90833992e-01, 1.00000000e+00, 3.85303638e+01,        1.00000000e+01, 4.23218681e-02, 7.78872318e-01, 1.00000000e-02,        1.00000000e-02],       [1.27835949e+01, 9.55660796e-01, 7.62513129e-01, 3.99542453e+01,        4.05241059e+01, 7.56427482e-01, 9.29608851e-01, 7.32458828e-02,        7.87979857e-02],       [5.00000000e+01, 1.00000000e+00, 6.74941425e-01, 4.17567327e+01,        1.00000000e+01, 1.00000000e+00, 4.40258027e-01, 5.09781600e-01,        2.38135705e-01]])
all_costs=array([  -0.62086957,   -9.0259901 ,   -0.58285714,  -20.12643678,        -13.30434783,  -12.192     ,  -27.15310345,  -23.90021053,         -0.43272727,  -68.70132013,  -14.26736987,  -48.52574257,        -64.92220651,  -22.21782178,  -15.67346939,  -48.84731631,        -60.59405941,  -88.26534653,   -7.01473684,  -49.03069307,        -55.97736917,  -88.87128713,  -21.74716981,  -60.2970297 ,        -65.64356436,  -57.83366337,  -53.92649903,  -45.52322925,        -63.97503229,  -57.81683168,  -78.03168317,  -42.16336634,        -38.78019802,  -59.38217822,  -43.3359736 ,  -53.52475248,        -36.69306931,  -80.70707071,  -11.06570026,  -71.95544554,       -123.96534653,  -75.91669512,  -34.22442244,  -62.52970297,        -73.38613861,  -59.58415842,  -53.18424242,  -61.0990099 ,        -50.35077793,  -34.0210396 ,   -1.8768    ,  -65.30693069,        -80.38811881,  -76.15689261,  -10.8152381 , -123.33415842,        -66.94200849,  -59.19573496,  -10.13274725,  -72.98476771,        -71.09090909, -105.47153465,  -14.45      ,  -43.57001414,        -33.10231023,  -58.97821782,   -4.13230769,  -46.85940594,        -45.26192619,  -56.78750952,   -1.56075608,  -85.80900671,        -64.87411598,  -78.08370837,   -7.50305085,  -61.83479491,        -90.63140028,  -53.82772277,   -5.82434783,  -80.1980198 ,        -74.48812449,  -60.25742574,   -3.03512195,  -75.17450495,        -71.84226699,  -80.76237624,   -1.71259259,  -81.2970297 ,        -57.26977088,  -76.56311881,  -43.65717822,  -83.37293729,        -50.76081292,  -26.25742574,  -53.33168983,  -50.39405941,        -74.87293729,  -63.62376238,  -33.91247525,  -79.8510351 ])
all_uncers=array([1.e-08, 1.e-08, 1.e-08, 1.e-08, 1.e-08, 1.e-08, 1.e-08, 1.e-08,       1.e-08, 1.e-08, 1.e-08, 1.e-08, 1.e-08, 1.e-08, 1.e-08, 1.e-08,       1.e-08, 1.e-08, 1.e-08, 1.e-08, 1.e-08, 1.e-08, 1.e-08, 1.e-08,       1.e-08, 1.e-08, 1.e-08, 1.e-08, 1.e-08, 1.e-08, 1.e-08, 1.e-08,       1.e-08, 1.e-08, 1.e-08, 1.e-08, 1.e-08, 1.e-08, 1.e-08, 1.e-08,       1.e-08, 1.e-08, 1.e-08, 1.e-08, 1.e-08, 1.e-08, 1.e-08, 1.e-08,       1.e-08, 1.e-08, 1.e-08, 1.e-08, 1.e-08, 1.e-08, 1.e-08, 1.e-08,       1.e-08, 1.e-08, 1.e-08, 1.e-08, 1.e-08, 1.e-08, 1.e-08, 1.e-08,       1.e-08, 1.e-08, 1.e-08, 1.e-08, 1.e-08, 1.e-08, 1.e-08, 1.e-08,       1.e-08, 1.e-08, 1.e-08, 1.e-08, 1.e-08, 1.e-08, 1.e-08, 1.e-08,       1.e-08, 1.e-08, 1.e-08, 1.e-08, 1.e-08, 1.e-08, 1.e-08, 1.e-08,       1.e-08, 1.e-08, 1.e-08, 1.e-08, 1.e-08, 1.e-08, 1.e-08, 1.e-08,       1.e-08, 1.e-08, 1.e-08, 1.e-08])
bad_run_indexs=[]
best_cost=-123.96534653465346
best_params=array([5.00000000e+01, 1.00000000e+00, 1.00000000e+00, 3.96430870e+01,       1.00000000e+01, 1.00000000e-02, 7.63385645e-01, 1.00000000e-02,       1.00000000e-02])
best_index=40
worst_cost=-0.4327272727272728
worst_index=8
cost_range=123.53261926192619
costs_count=100
params_count=70
cost_scaler_init_index=11
net_0={'last_hyperfit': 0, 'last_net_reg': 1e-08, 'regularization_history': [1e-08], 'losses_list': [1.0067681, 0.091463126, 0.025510566, 0.007393141, 0.0023207308, 0.0012330845, 0.0003912262, 0.00014182884, 6.424035e-05, 2.282081e-05, 6.1464693e-06, 2.8109648e-06, 1.2663269e-06, 7.8834205e-07, 6.5439633e-07, 5.6885546e-07, 5.5563487e-07, 5.4624e-07, 5.449988e-07, 5.441868e-07, 5.436376e-07, 5.435896e-07, 5.4355456e-07, 5.435418e-07, 5.4353677e-07, 5.435357e-07, 5.435353e-07, 5.4353495e-07, 5.43535e-07, 5.4353495e-07, 1.0245923, 0.05110112, 0.016407385, 0.0046184068, 0.0031178843, 0.0006018848, 0.00040382918, 9.389856e-05, 3.7561273e-05, 1.0996298e-05, 2.5391134e-06, 2.2750382e-06, 8.2084034e-07, 7.154936e-07, 6.1160347e-07, 5.65638e-07, 0.31976643, 0.13481106, 0.042196255, 0.040469773, 0.023244683, 0.017144853, 0.0060475394, 0.0018737314, 0.0014774619, 0.0015315793, 0.00018857405, 0.0005115786, 0.34987456, 0.117708035, 0.041160256, 0.0035958826, 0.016460957, 0.0015026947, 6.638381e-05, 5.512292e-05, 8.423276e-06, 4.704254e-06, 2.06989e-06, 1.704432e-06, 2.449967e-06, 9.684627e-07, 5.97381e-07, 6.0000696e-07, 0.2355141, 0.07985907, 0.036144216, 0.009723094, 0.0014721048, 0.0007579357, 0.00014489812, 0.000106257656, 7.592198e-05, 1.1037267e-05, 2.5698293e-06, 7.556117e-07, 6.072385e-07, 5.535791e-07, 0.32930183, 0.083243065, 0.037802853, 0.014308179, 0.004289224, 0.0011985973, 0.0005535395, 0.00017612679, 4.104493e-05, 6.2502563e-06, 1.2158895e-06, 1.0409689e-06, 6.0734664e-07, 5.721664e-07, 0.36294365, 0.15749659, 0.074774295, 0.11724189, 0.28263843, 0.18028843, 0.16153128, 0.085273325, 0.043478757, 0.016859267, 0.0129716955, 0.009198897, 0.0007265045, 0.00015593554, 2.0995785e-05, 4.6806934e-05, 1.4545632e-05, 1.291055e-06, 6.5858046e-07, 9.242515e-07, 0.107177235, 0.085208505, 0.03997259, 0.026290946, 0.007858178, 0.0020841076, 0.0021764792, 0.00275571, 0.00032612824, 0.00033026014, 0.00053071446, 0.00042421208, 0.00015927486, 0.00021725427, 0.27091673, 0.1324343, 0.1116231, 0.10024684, 0.2635488, 0.43094462, 0.41396433, 0.23341772, 0.18200901, 0.1395095, 0.12639605, 0.100200325, 0.17513233, 0.21544772, 0.15762632, 0.11554246, 0.092904955, 0.100949496, 0.27771136, 0.1688423, 0.08735947, 0.06525094, 0.47025383, 0.29059494, 0.34006464, 0.51475865, 0.42263153, 0.29309788, 0.2433242, 0.19685091, 0.28855938, 0.23855786, 0.12702192, 0.320944, 0.29252687, 0.21454218, 0.1671078, 0.17528911, 0.097829394, 0.09976474, 0.06400921, 0.07148102, 0.12550421, 0.16644669, 0.26887888, 0.07489901, 0.3214833, 0.21636531, 0.16433571, 0.15314765, 0.24606737, 0.15029258, 0.20809321, 0.098116875, 0.08009712, 0.19951144, 0.19734633, 0.35598868, 0.20631321, 0.22468153, 0.15460806, 0.2307501, 0.19988942, 0.11073049], 'scaler_samples': (array([[2.80000000e+01, 3.00000000e-01, 6.00000000e-02, 3.20000000e+01,        3.20000000e+01, 1.00000000e+00, 1.00000000e+00, 1.00000000e+00,        1.00000000e+00],       [2.72427826e+01, 5.17604483e-01, 9.83037312e-01, 2.22881287e+01,        4.14167333e+01, 7.49230521e-02, 2.37106008e-01, 5.03625356e-01,        7.71292665e-01],       [1.65769631e+01, 8.38137030e-01, 1.68394707e-02, 2.54972612e+01,        3.40184601e+01, 2.91334268e-01, 7.47017233e-01, 9.31473618e-01,        3.66804366e-01],       [1.49739958e+01, 9.11573859e-02, 9.75597740e-01, 2.62344550e+01,        3.99704965e+01, 8.08699677e-01, 8.58199028e-01, 9.27911777e-01,        1.78093513e-01],       [2.84832581e+01, 3.25417532e-01, 9.15112254e-01, 4.37978558e+01,        2.19537751e+01, 8.89567623e-01, 4.22851962e-01, 9.63765665e-01,        7.34592462e-01],       [4.60566868e+01, 8.52701197e-01, 1.40920342e-01, 1.43726276e+01,        2.92133372e+01, 4.13170364e-01, 7.01648252e-01, 1.89278137e-01,        8.05421378e-01],       [2.01308970e+01, 5.01088861e-01, 1.92030570e-02, 1.91141690e+01,        1.04461509e+01, 6.49501231e-01, 8.23200062e-01, 6.16317370e-01,        7.68991914e-02],       [1.58247592e+01, 3.16727635e-01, 3.09063145e-01, 4.33033261e+01,        1.94208935e+01, 3.08270172e-01, 6.23638597e-01, 2.51335377e-01,        2.49217280e-01],       [2.40411329e+01, 1.63443422e-01, 6.23981415e-02, 4.80085572e+01,        4.28886125e+01, 1.61269995e-01, 4.35353353e-01, 9.68102958e-01,        6.66233117e-01],       [4.57745081e+01, 2.09476449e-01, 9.13538515e-01, 2.78943295e+01,        1.05635524e+01, 2.47435205e-01, 8.80164173e-01, 6.66043602e-01,        9.72119438e-01],       [4.98405909e+01, 4.69914659e-01, 5.02840869e-01, 2.48547701e+01,        3.49457426e+01, 4.45383291e-01, 9.03079843e-01, 3.51093027e-01,        5.13897011e-01]]), array([ -0.62086957,  -9.0259901 ,  -0.58285714, -20.12643678,       -13.30434783, -12.192     , -27.15310345, -23.90021053,        -0.43272727, -68.70132013, -14.26736987])), 'net': {'saver_path': './M-LOOP_archives/neural_net_archive_2022-10-15_13-53_iktxEe-V.ckpt'}}
net_1={'last_hyperfit': 0, 'last_net_reg': 1e-08, 'regularization_history': [1e-08], 'losses_list': [0.8966221, 0.09790042, 0.020089008, 0.014952257, 0.0052139917, 0.001961351, 0.0007650111, 0.0002173116, 8.8948815e-05, 3.7359227e-05, 1.0496182e-05, 3.6835168e-06, 2.1598994e-06, 1.0400831e-06, 6.153794e-07, 5.5417786e-07, 5.5353394e-07, 5.4212194e-07, 5.340948e-07, 5.3221845e-07, 5.32054e-07, 5.319353e-07, 5.3187745e-07, 5.318447e-07, 5.3183624e-07, 5.31835e-07, 5.31835e-07, 5.3183464e-07, 5.318346e-07, 5.318345e-07, 0.027517658, 0.038230963, 0.0022519652, 0.0024312905, 0.00161124, 0.0005960842, 0.00021688109, 6.569404e-05, 1.2771159e-05, 2.6497648e-06, 2.3299312e-06, 1.8442282e-06, 0.1326054, 0.08793591, 0.50802773, 0.21924281, 0.10177212, 0.062261753, 0.015730383, 0.0023461278, 0.00051516324, 7.591434e-05, 0.00030343523, 3.1874366e-05, 2.4094352e-06, 2.6121645e-06, 6.1973697e-07, 5.9209395e-07, 0.3102903, 0.11011686, 0.051708117, 0.027303042, 0.0042352085, 0.0029323983, 0.00026430187, 3.186723e-05, 3.6113655e-05, 4.2671077e-06, 3.2626845e-05, 8.997467e-05, 0.3365047, 0.061851535, 0.025910148, 0.010782586, 0.0027832945, 0.00077876897, 0.00010518918, 9.551204e-05, 1.8820152e-05, 7.139104e-06, 0.67463315, 0.54105884, 0.2561025, 0.17441356, 0.1261192, 0.08967752, 0.14538004, 0.07217546, 0.22878514, 0.10754793, 0.102053985, 0.060696732, 0.0298941, 0.0046777343, 0.0059844614, 0.0018240707, 0.07736503, 0.035325497, 0.016979696, 0.0044557624, 0.00038233926, 6.872637e-05, 0.3019784, 0.18385918, 0.16444074, 0.17095938, 0.39817888, 0.24552327, 0.37185946, 0.20537332, 0.17898113, 0.15677467, 0.26688623, 0.20776574, 0.25424024, 0.20121002, 0.15863386, 0.15863083, 0.20827506, 0.20726675, 0.17268467, 0.15784554, 0.15859649, 0.15270945, 0.5981987, 0.43253174, 0.6035153, 0.4029136, 0.37164128, 0.39087746, 0.3680689, 0.31173977, 0.28395316, 0.27166575, 0.2948446, 0.26936606, 0.3258648, 0.31036347, 0.5344812, 0.2824473, 0.26848033, 0.26100388, 0.27201548, 0.24302813, 0.3771209, 0.35082564, 0.33199865, 0.2951371, 0.35897022, 0.33387214], 'scaler_samples': (array([[2.80000000e+01, 3.00000000e-01, 6.00000000e-02, 3.20000000e+01,        3.20000000e+01, 1.00000000e+00, 1.00000000e+00, 1.00000000e+00,        1.00000000e+00],       [2.72427826e+01, 5.17604483e-01, 9.83037312e-01, 2.22881287e+01,        4.14167333e+01, 7.49230521e-02, 2.37106008e-01, 5.03625356e-01,        7.71292665e-01],       [1.65769631e+01, 8.38137030e-01, 1.68394707e-02, 2.54972612e+01,        3.40184601e+01, 2.91334268e-01, 7.47017233e-01, 9.31473618e-01,        3.66804366e-01],       [1.49739958e+01, 9.11573859e-02, 9.75597740e-01, 2.62344550e+01,        3.99704965e+01, 8.08699677e-01, 8.58199028e-01, 9.27911777e-01,        1.78093513e-01],       [2.84832581e+01, 3.25417532e-01, 9.15112254e-01, 4.37978558e+01,        2.19537751e+01, 8.89567623e-01, 4.22851962e-01, 9.63765665e-01,        7.34592462e-01],       [4.60566868e+01, 8.52701197e-01, 1.40920342e-01, 1.43726276e+01,        2.92133372e+01, 4.13170364e-01, 7.01648252e-01, 1.89278137e-01,        8.05421378e-01],       [2.01308970e+01, 5.01088861e-01, 1.92030570e-02, 1.91141690e+01,        1.04461509e+01, 6.49501231e-01, 8.23200062e-01, 6.16317370e-01,        7.68991914e-02],       [1.58247592e+01, 3.16727635e-01, 3.09063145e-01, 4.33033261e+01,        1.94208935e+01, 3.08270172e-01, 6.23638597e-01, 2.51335377e-01,        2.49217280e-01],       [2.40411329e+01, 1.63443422e-01, 6.23981415e-02, 4.80085572e+01,        4.28886125e+01, 1.61269995e-01, 4.35353353e-01, 9.68102958e-01,        6.66233117e-01],       [4.57745081e+01, 2.09476449e-01, 9.13538515e-01, 2.78943295e+01,        1.05635524e+01, 2.47435205e-01, 8.80164173e-01, 6.66043602e-01,        9.72119438e-01],       [4.98405909e+01, 4.69914659e-01, 5.02840869e-01, 2.48547701e+01,        3.49457426e+01, 4.45383291e-01, 9.03079843e-01, 3.51093027e-01,        5.13897011e-01]]), array([ -0.62086957,  -9.0259901 ,  -0.58285714, -20.12643678,       -13.30434783, -12.192     , -27.15310345, -23.90021053,        -0.43272727, -68.70132013, -14.26736987])), 'net': {'saver_path': './M-LOOP_archives/neural_net_archive_2022-10-15_13-53_WrGDTelA.ckpt'}}
net_2={'last_hyperfit': 0, 'last_net_reg': 1e-08, 'regularization_history': [1e-08], 'losses_list': [2.5160463, 0.17758863, 0.046876088, 0.020340312, 0.0061155236, 0.0021180585, 0.0011209359, 0.00033410636, 7.772839e-05, 4.1676238e-05, 1.402784e-05, 5.2724076e-06, 2.2885051e-06, 1.6113753e-06, 7.9754597e-07, 5.602045e-07, 5.5011856e-07, 5.344591e-07, 5.2538707e-07, 5.231067e-07, 5.2253455e-07, 5.2238886e-07, 5.2233406e-07, 5.2229285e-07, 5.222751e-07, 5.222736e-07, 5.22273e-07, 5.2227233e-07, 5.222722e-07, 5.2227216e-07, 0.7907724, 0.037412852, 0.024903988, 0.009346032, 0.0037053071, 0.0012161132, 0.00023454199, 7.227997e-05, 4.394032e-05, 2.3632932e-05, 9.018848e-06, 2.9478842e-06, 1.1203674e-06, 7.187796e-07, 6.1825546e-07, 5.674778e-07, 0.09584026, 0.08611982, 0.1815939, 0.092738576, 0.07647824, 0.047361106, 0.020980377, 0.005134047, 0.0008379015, 0.00013093885, 2.9881463e-05, 1.2476544e-06, 7.9524625e-07, 5.644747e-07, 5.455298e-07, 5.310112e-07, 0.22841123, 0.06376113, 0.017993998, 0.004698848, 0.0037763955, 0.0004533039, 0.00017772758, 3.2358523e-05, 3.102231e-06, 9.613803e-06, 8.2044824e-07, 1.1279816e-06, 8.065721e-07, 5.549982e-07, 0.2818477, 0.04791786, 0.009867334, 0.0037176087, 0.0005332825, 6.702136e-05, 3.5298275e-05, 1.58355e-05, 2.1564438e-06, 1.8485005e-06, 1.1184059e-06, 6.328116e-07, 5.969539e-07, 5.621347e-07, 0.45664516, 0.17104022, 0.17977582, 0.17759736, 0.056325726, 0.13044599, 0.3445349, 0.15400514, 0.11490756, 0.08033646, 0.03584778, 0.022176553, 0.01301324, 0.009168198, 0.009004856, 0.006115963, 0.12437573, 0.07586421, 0.035959445, 0.022587335, 0.010428563, 0.01212982, 0.0014307317, 0.0006118906, 0.0002074037, 0.00015395184, 0.00018670475, 3.5332563e-05, 1.300921e-05, 8.331602e-06, 0.42158142, 0.25508586, 0.17538905, 0.15441874, 0.4297611, 0.45983788, 0.30126175, 0.3473208, 0.28891984, 0.20416899, 0.17945181, 0.1712173, 0.2600596, 0.19176224, 0.17480752, 0.14838532, 0.21317044, 0.1605165, 0.15214127, 0.10902864, 0.099722035, 0.104135446, 0.4111006, 0.31633788, 0.46395597, 0.36560073, 0.3002775, 0.2990315, 0.25968212, 0.20972078, 0.17963895, 0.21116538, 0.24313828, 0.21458514, 0.1724565, 0.14027873, 0.12093492, 0.10564694, 0.26569453, 0.20242566, 0.2005064, 0.153259, 0.09419656, 0.2236481, 0.1966896, 0.16989343, 0.12856296, 0.11968792, 0.099037245, 0.08578702, 0.36731538, 0.21409406, 0.19585529, 0.3571015, 0.23127685, 0.47902453], 'scaler_samples': (array([[2.80000000e+01, 3.00000000e-01, 6.00000000e-02, 3.20000000e+01,        3.20000000e+01, 1.00000000e+00, 1.00000000e+00, 1.00000000e+00,        1.00000000e+00],       [2.72427826e+01, 5.17604483e-01, 9.83037312e-01, 2.22881287e+01,        4.14167333e+01, 7.49230521e-02, 2.37106008e-01, 5.03625356e-01,        7.71292665e-01],       [1.65769631e+01, 8.38137030e-01, 1.68394707e-02, 2.54972612e+01,        3.40184601e+01, 2.91334268e-01, 7.47017233e-01, 9.31473618e-01,        3.66804366e-01],       [1.49739958e+01, 9.11573859e-02, 9.75597740e-01, 2.62344550e+01,        3.99704965e+01, 8.08699677e-01, 8.58199028e-01, 9.27911777e-01,        1.78093513e-01],       [2.84832581e+01, 3.25417532e-01, 9.15112254e-01, 4.37978558e+01,        2.19537751e+01, 8.89567623e-01, 4.22851962e-01, 9.63765665e-01,        7.34592462e-01],       [4.60566868e+01, 8.52701197e-01, 1.40920342e-01, 1.43726276e+01,        2.92133372e+01, 4.13170364e-01, 7.01648252e-01, 1.89278137e-01,        8.05421378e-01],       [2.01308970e+01, 5.01088861e-01, 1.92030570e-02, 1.91141690e+01,        1.04461509e+01, 6.49501231e-01, 8.23200062e-01, 6.16317370e-01,        7.68991914e-02],       [1.58247592e+01, 3.16727635e-01, 3.09063145e-01, 4.33033261e+01,        1.94208935e+01, 3.08270172e-01, 6.23638597e-01, 2.51335377e-01,        2.49217280e-01],       [2.40411329e+01, 1.63443422e-01, 6.23981415e-02, 4.80085572e+01,        4.28886125e+01, 1.61269995e-01, 4.35353353e-01, 9.68102958e-01,        6.66233117e-01],       [4.57745081e+01, 2.09476449e-01, 9.13538515e-01, 2.78943295e+01,        1.05635524e+01, 2.47435205e-01, 8.80164173e-01, 6.66043602e-01,        9.72119438e-01],       [4.98405909e+01, 4.69914659e-01, 5.02840869e-01, 2.48547701e+01,        3.49457426e+01, 4.45383291e-01, 9.03079843e-01, 3.51093027e-01,        5.13897011e-01]]), array([ -0.62086957,  -9.0259901 ,  -0.58285714, -20.12643678,       -13.30434783, -12.192     , -27.15310345, -23.90021053,        -0.43272727, -68.70132013, -14.26736987])), 'net': {'saver_path': './M-LOOP_archives/neural_net_archive_2022-10-15_13-53_pjZ3gAo-.ckpt'}}
