mloop_version='3.3.1'
archive_type='neural_net_learner'
num_params=9
min_boundary=array([10.  ,  0.01,  0.01, 10.  , 10.  ,  0.01,  0.01,  0.01,  0.01])
max_boundary=array([50.,  1.,  1., 50., 50.,  1.,  1.,  1.,  1.])
start_datetime='2022-10-15_13-05'
param_names=['', '', '', '', '', '', '', '', '']
search_precision=1e-06
parameter_searches=10
bad_uncer_frac=0.1
trust_region=nan
has_trust_region=False
predict_global_minima_at_end=True
generation_num=3
update_hyperparameters=False
predicted_best_parameters=array([28.43325137,  0.99610887,  0.69059444, 50.        , 22.11256522,        0.91744897,  0.8124875 ,  0.72247647,  1.        ])
predicted_best_scaled_cost=-0.15109748
predicted_best_cost=-1.351097476482391
all_params=array([[2.80000000e+01, 3.00000000e-01, 6.00000000e-02, 3.20000000e+01,        3.20000000e+01, 1.00000000e+00, 1.00000000e+00, 1.00000000e+00,        1.00000000e+00],       [4.89464310e+01, 7.45108025e-01, 9.73536338e-01, 4.44731147e+01,        1.87872221e+01, 1.63830800e-02, 8.89978595e-01, 9.01508112e-01,        7.92078432e-01],       [2.13997401e+01, 5.76054680e-01, 2.96260355e-01, 2.10686838e+01,        4.18482141e+01, 6.31022590e-01, 3.96071495e-01, 6.66475623e-01,        3.56182166e-01],       [4.37131943e+01, 5.55317586e-02, 1.87171530e-01, 2.06025776e+01,        1.51184682e+01, 8.47585587e-01, 5.88393184e-01, 8.56981696e-01,        8.31878794e-01],       [1.92473323e+01, 9.39534507e-01, 7.28082287e-01, 1.54417800e+01,        4.32432264e+01, 1.80296328e-01, 4.69773483e-01, 7.81624273e-02,        8.41324502e-01],       [2.77321397e+01, 3.67252126e-01, 5.13046120e-01, 3.39621953e+01,        1.01292996e+01, 3.37055744e-01, 7.73504783e-01, 1.97103063e-01,        2.26665321e-02],       [1.95151654e+01, 8.94889193e-01, 2.01833889e-01, 4.26781761e+01,        4.29850174e+01, 4.81312104e-01, 1.00238249e-02, 9.71246639e-01,        4.61449818e-01],       [3.92443535e+01, 4.78724457e-01, 2.86957374e-01, 2.70666303e+01,        2.09582951e+01, 1.42392167e-01, 5.15191377e-01, 5.75474467e-01,        2.72090920e-01],       [2.04650223e+01, 8.66405543e-01, 3.43461775e-01, 3.54874180e+01,        1.94741724e+01, 2.82727988e-01, 8.26088008e-01, 1.48773626e-01,        4.17739160e-02],       [1.51193572e+01, 7.51670340e-01, 8.52562423e-01, 4.92974401e+01,        2.04724308e+01, 8.07512776e-01, 2.08274367e-01, 9.71000667e-01,        4.62652629e-01],       [4.25682930e+01, 9.21928729e-01, 5.84229748e-01, 4.15599255e+01,        2.94252063e+01, 4.25587014e-01, 4.68741171e-01, 4.38676196e-01,        6.22242184e-02],       [5.00000000e+01, 1.00000000e-02, 1.00000000e+00, 3.85001689e+01,        4.68292656e+01, 7.75828758e-01, 1.00000000e+00, 1.00000000e-02,        1.00000000e-02],       [5.00000000e+01, 1.00000000e+00, 1.00000000e-02, 4.41297636e+01,        1.00000000e+01, 1.00000000e+00, 1.00000000e-02, 1.00000000e-02,        3.66174534e-01],       [5.00000000e+01, 3.43379170e-01, 7.00520112e-01, 5.00000000e+01,        1.43651467e+01, 1.00000000e-02, 2.01908639e-01, 4.48027445e-01,        2.51114022e-02],       [2.51436082e+01, 4.61679457e-01, 7.37374468e-01, 3.00577176e+01,        2.45562456e+01, 8.24004816e-01, 5.65367297e-01, 7.91093332e-01,        1.22438498e-01],       [1.00000000e+01, 1.21849020e-01, 1.00000000e-02, 1.30613242e+01,        1.00000000e+01, 9.33213552e-01, 1.00000000e+00, 7.70217880e-01,        1.00000000e-02],       [1.00000000e+01, 1.00000000e-02, 2.98614099e-01, 5.00000000e+01,        5.00000000e+01, 1.68622531e-01, 1.00000000e-02, 1.00000000e-02,        8.77506582e-01],       [1.00000000e+01, 2.47027038e-01, 1.00000000e-02, 2.09603450e+01,        4.66209176e+01, 8.84956364e-01, 3.04330157e-01, 8.48367003e-01,        8.36423025e-01],       [4.80647734e+01, 5.96900412e-01, 7.94805580e-01, 4.70981383e+01,        3.61545114e+01, 4.99572613e-01, 8.52857593e-01, 1.26027696e-02,        5.77804217e-01],       [5.00000000e+01, 1.00000000e-02, 1.00000000e-02, 5.00000000e+01,        1.00000000e+01, 1.00000000e+00, 1.00000000e-02, 1.00000000e+00,        7.59406105e-01],       [1.00000000e+01, 1.59145339e-01, 1.00000000e+00, 5.00000000e+01,        5.00000000e+01, 1.00000000e+00, 1.00000000e+00, 1.00000000e+00,        9.91600525e-01],       [1.12420071e+01, 9.45892038e-01, 1.54840193e-01, 3.34414137e+01,        5.00000000e+01, 1.00000000e+00, 1.00000000e+00, 1.00000000e-02,        1.00000000e-02],       [1.96939876e+01, 3.10410105e-01, 5.95975796e-01, 4.25853844e+01,        4.03926436e+01, 9.80590185e-01, 5.45993575e-01, 3.92958798e-01,        1.52406470e-01],       [2.21577847e+01, 7.58125407e-01, 1.00000000e+00, 2.52291710e+01,        1.00000000e+01, 1.00000000e+00, 6.28360369e-01, 1.00000000e-02,        1.00000000e+00],       [4.11283558e+01, 1.00000000e-02, 1.18854882e-01, 2.19807883e+01,        5.00000000e+01, 1.00000000e-02, 1.00000000e+00, 9.27606014e-01,        9.29532438e-01],       [1.47161930e+01, 9.34691065e-01, 1.00000000e-02, 5.00000000e+01,        2.11120869e+01, 1.00000000e-02, 1.00000000e-02, 1.78351054e-01,        7.62802252e-01],       [2.91683725e+01, 7.98910487e-01, 2.08934180e-01, 3.42873398e+01,        1.56545306e+01, 4.06748267e-02, 1.19600475e-01, 2.08665361e-01,        2.05628448e-01],       [4.32695136e+01, 1.76395896e-01, 1.00000000e-02, 1.00000000e+01,        5.00000000e+01, 1.00000000e-02, 1.01443996e-01, 1.00000000e-02,        1.00000000e-02],       [5.00000000e+01, 3.76455971e-01, 1.00000000e+00, 1.66215676e+01,        4.74448289e+01, 1.00000000e-02, 1.00000000e-02, 1.00000000e-02,        4.25420105e-01],       [5.00000000e+01, 6.21719151e-01, 2.61857188e-01, 3.62213649e+01,        1.92483802e+01, 3.38569380e-02, 7.76767941e-01, 9.91949430e-01,        6.83106783e-01],       [3.13976644e+01, 4.76598513e-01, 4.26295405e-01, 1.74034453e+01,        4.49553715e+01, 8.35137766e-01, 4.33328826e-01, 4.47516368e-01,        8.82144741e-01],       [1.77866707e+01, 1.00000000e-02, 2.94029411e-01, 5.00000000e+01,        1.54669880e+01, 7.93216273e-01, 7.35154645e-01, 9.71487176e-01,        1.00000000e+00],       [1.37175938e+01, 1.00000000e-02, 1.00000000e-02, 1.00000000e+01,        1.00000000e+01, 1.00000000e-02, 1.00000000e+00, 2.92454213e-02,        4.55074211e-01],       [1.00000000e+01, 7.33331241e-01, 1.51589983e-01, 3.52516298e+01,        1.00000000e+01, 8.52859926e-01, 8.12260255e-01, 7.48559431e-01,        1.97091152e-01],       [2.47688569e+01, 3.90225579e-01, 2.63753341e-02, 2.70462460e+01,        1.49199948e+01, 3.31084149e-01, 8.65270173e-01, 2.60073951e-01,        1.26997811e-01],       [5.00000000e+01, 1.00000000e-02, 1.00000000e-02, 5.00000000e+01,        3.98805012e+01, 8.22247483e-02, 9.70389862e-01, 1.00000000e-02,        1.00000000e-02],       [5.00000000e+01, 1.00000000e-02, 8.62041088e-01, 1.00000000e+01,        3.31537058e+01, 7.21648574e-01, 6.79530289e-01, 1.00000000e+00,        5.62518532e-01],       [3.27784973e+01, 6.84478615e-01, 1.00000000e+00, 2.43115775e+01,        4.08220570e+01, 1.00000000e+00, 1.00000000e+00, 1.00000000e+00,        8.50635156e-01],       [4.55162149e+01, 2.72333243e-01, 3.59762217e-01, 2.40207683e+01,        4.93571650e+01, 1.85611880e-01, 3.87163339e-01, 3.82941710e-01,        4.94853538e-01],       [2.75446516e+01, 5.67838320e-01, 5.05720516e-01, 1.00000000e+01,        1.00000000e+01, 6.15963075e-01, 8.75473800e-01, 7.29803464e-01,        7.87356631e-01],       [4.47009346e+01, 1.00000000e-02, 2.05526055e-01, 2.48394907e+01,        1.00000000e+01, 5.32067754e-01, 2.57281443e-01, 1.00000000e+00,        4.74147142e-01],       [3.40160395e+01, 1.00000000e+00, 1.00242691e-01, 2.78339597e+01,        5.00000000e+01, 5.76524977e-01, 1.00000000e-02, 6.90966127e-02,        9.70871205e-01],       [2.01259354e+01, 4.46749646e-01, 2.87950317e-01, 3.83062917e+01,        2.40414609e+01, 5.00723811e-01, 7.44621755e-01, 2.20682937e-01,        3.03262761e-01],       [3.34392843e+01, 1.00000000e-02, 8.21001755e-01, 1.85948941e+01,        5.00000000e+01, 1.00000000e-02, 1.00000000e-02, 7.05791376e-01,        1.00000000e+00],       [5.00000000e+01, 9.81567936e-01, 1.00000000e+00, 2.49124726e+01,        5.00000000e+01, 3.78450633e-02, 9.22548784e-01, 1.00000000e-02,        1.00000000e+00],       [3.04841363e+01, 2.25973271e-01, 9.00230152e-02, 5.00000000e+01,        2.98436598e+01, 1.00000000e+00, 8.32389585e-01, 1.49982312e-01,        3.74016747e-01],       [4.03925497e+01, 5.28698489e-01, 3.63599026e-01, 2.24737942e+01,        3.89925712e+01, 3.12462230e-01, 5.30643642e-01, 1.71838079e-01,        8.43709619e-01],       [1.00000000e+01, 9.12680450e-01, 1.00000000e+00, 1.94446968e+01,        5.00000000e+01, 4.30549422e-01, 9.13985869e-01, 8.79923431e-01,        9.44845497e-01],       [1.00000000e+01, 9.43570446e-01, 4.46483190e-01, 4.18432168e+01,        5.00000000e+01, 1.00000000e+00, 9.79608911e-01, 1.00000000e+00,        1.00000000e+00],       [1.00502422e+01, 9.21854169e-01, 1.00000000e+00, 5.00000000e+01,        1.65848212e+01, 7.77349773e-02, 1.00000000e-02, 1.00000000e+00,        1.00000000e+00],       [4.45867448e+01, 1.78600173e-01, 5.34148484e-01, 1.95309808e+01,        4.64161635e+01, 1.52629435e-02, 7.99096082e-01, 3.14247147e-01,        8.53412928e-01],       [3.66562121e+01, 1.00000000e-02, 7.20512478e-01, 2.56707418e+01,        1.00000000e+01, 1.00000000e-02, 1.00000000e+00, 1.00000000e+00,        9.93334318e-01],       [1.00000000e+01, 1.70070356e-01, 1.30548568e-01, 4.45429624e+01,        1.00000000e+01, 2.51371624e-01, 5.62396012e-01, 1.00000000e+00,        5.41164917e-01],       [1.55601316e+01, 7.76468411e-01, 5.60369970e-01, 5.00000000e+01,        2.90730207e+01, 6.96898486e-01, 3.93219481e-01, 1.00000000e+00,        1.00000000e-02],       [2.12083841e+01, 7.81991095e-01, 4.45772689e-01, 4.79542509e+01,        3.15831040e+01, 8.97056299e-01, 2.41634624e-01, 8.69249594e-01,        3.62030804e-01],       [2.98666402e+01, 7.76981190e-01, 5.95858910e-01, 5.00000000e+01,        2.93432165e+01, 3.01160974e-01, 2.96823526e-01, 1.00000000e+00,        9.07138452e-01],       [4.02214928e+01, 8.30862570e-01, 6.52995591e-01, 5.00000000e+01,        3.03421586e+01, 1.00000000e-02, 1.00000000e-02, 9.19346389e-01,        6.80069951e-01],       [5.00000000e+01, 1.00000000e-02, 1.00000000e-02, 1.00000000e+01,        1.00000000e+01, 1.00000000e-02, 4.54789023e-01, 9.02763088e-01,        1.00000000e+00],       [2.33551893e+01, 5.91339332e-01, 7.82170032e-01, 2.76694037e+01,        4.60955807e+01, 6.48459815e-01, 2.92572971e-01, 5.32315873e-01,        5.76219492e-01],       [4.80127440e+01, 4.80968603e-01, 1.00000000e-02, 5.00000000e+01,        4.72116492e+01, 1.02961498e-01, 7.40150411e-01, 1.00000000e+00,        1.00000000e+00],       [3.74242083e+01, 1.00000000e+00, 5.30258294e-01, 1.87817096e+01,        1.06199740e+01, 5.74934931e-01, 6.66239723e-01, 1.00000000e+00,        7.85345042e-01],       [1.00000000e+01, 1.00000000e+00, 1.00000000e+00, 1.00000000e+01,        3.14217955e+01, 4.22127549e-01, 1.00000000e+00, 1.00000000e+00,        1.00000000e-02],       [3.36085030e+01, 2.51504369e-02, 7.17908608e-01, 4.03427939e+01,        3.22720412e+01, 4.30085093e-01, 9.15127734e-01, 6.29017406e-01,        2.65719119e-01],       [2.05818346e+01, 1.00000000e+00, 5.44720747e-01, 1.00000000e+01,        1.00000000e+01, 5.21083826e-02, 1.00000000e+00, 2.59433899e-01,        3.66627680e-02],       [5.00000000e+01, 1.00000000e+00, 1.00000000e-02, 2.34538496e+01,        1.89193423e+01, 7.36164393e-01, 1.00000000e+00, 1.00000000e-02,        1.00000000e+00],       [1.00000000e+01, 1.00000000e-02, 4.69924756e-01, 5.00000000e+01,        2.10403296e+01, 6.00706457e-01, 1.00000000e-02, 2.25109029e-01,        6.77737447e-01],       [2.78924420e+01, 3.45077081e-01, 3.59768966e-01, 2.03854054e+01,        1.65244397e+01, 6.80874044e-01, 9.57022801e-01, 8.41186953e-01,        5.36075696e-01],       [1.00000000e+01, 1.00000000e+00, 1.00000000e-02, 2.41572069e+01,        1.38395740e+01, 1.00000000e-02, 4.33633485e-01, 2.46611656e-01,        1.00000000e-02],       [1.00000000e+01, 1.00000000e-02, 9.39426847e-02, 4.70012262e+01,        5.00000000e+01, 1.00000000e+00, 1.00000000e+00, 1.00000000e+00,        5.74048202e-02],       [1.00000000e+01, 1.51878676e-02, 1.00000000e-02, 1.07936694e+01,        1.00000000e+01, 6.24869977e-01, 1.00000000e-02, 1.00000000e-02,        3.79455112e-01],       [4.71437617e+01, 7.86518567e-01, 7.84346788e-01, 1.58405555e+01,        2.68813785e+01, 4.72669392e-01, 8.14941482e-01, 4.06400519e-01,        4.99070307e-01],       [4.19806684e+01, 2.30572712e-01, 4.20482869e-01, 3.57494038e+01,        1.00000000e+01, 1.00000000e+00, 4.78461389e-01, 1.00000000e+00,        1.00000000e-02],       [3.27660385e+01, 1.00000000e-02, 3.05882569e-01, 4.25791458e+01,        1.00000000e+01, 6.28135867e-02, 1.00000000e-02, 7.57934500e-01,        1.00000000e+00],       [5.00000000e+01, 1.00000000e-02, 1.00000000e+00, 1.75077727e+01,        3.07137068e+01, 4.96336843e-01, 1.00000000e-02, 2.98620254e-01,        7.51827336e-01],       [4.67724326e+01, 7.51974760e-02, 1.72403053e-01, 4.77123225e+01,        1.42601337e+01, 6.85822651e-01, 7.61958143e-01, 6.56493370e-01,        5.98647043e-01],       [5.00000000e+01, 5.25457126e-02, 1.00000000e+00, 4.56138896e+01,        1.00000000e+01, 4.61976098e-01, 9.71498186e-01, 1.46395332e-01,        7.72415466e-01],       [1.78726156e+01, 2.79749122e-02, 5.65319426e-01, 3.98879052e+01,        1.00000000e+01, 2.00445882e-01, 1.00000000e+00, 7.60198886e-01,        2.89762800e-01],       [2.46432573e+01, 6.09788209e-01, 4.35685394e-01, 3.42403448e+01,        1.00000000e+01, 1.00000000e-02, 1.90830382e-01, 7.07847304e-01,        6.04451459e-01],       [4.92194923e+01, 4.36465657e-01, 7.02782716e-01, 1.16363161e+01,        1.17741303e+01, 6.40102200e-01, 7.70294400e-01, 4.09695646e-01,        1.06768490e-01],       [5.00000000e+01, 1.00000000e+00, 7.86907536e-01, 1.00000000e+01,        1.64956284e+01, 2.00676096e-01, 1.15568171e-01, 8.97158573e-01,        1.00000000e-02],       [3.11458237e+01, 6.17091715e-01, 3.19172186e-01, 1.00000000e+01,        3.73683291e+01, 1.00000000e-02, 1.00000000e+00, 1.00000000e+00,        8.02714549e-01],       [4.48511238e+01, 1.96443426e-01, 1.00000000e+00, 4.75545010e+01,        5.00000000e+01, 7.41046011e-01, 4.98313459e-01, 1.00000000e+00,        8.79585519e-01],       [3.19051064e+01, 2.70226024e-01, 3.22940239e-02, 4.54270558e+01,        3.24667485e+01, 8.25991049e-01, 7.01384966e-01, 7.53984895e-01,        7.95632320e-01],       [2.70164803e+01, 1.00000000e+00, 2.72406841e-01, 1.06247027e+01,        5.00000000e+01, 1.00000000e-02, 9.36847552e-01, 1.00000000e-02,        1.00000000e-02],       [3.71404440e+01, 6.67627821e-01, 8.93025809e-01, 2.25734745e+01,        3.92813648e+01, 8.37623973e-01, 1.00000000e+00, 1.97539671e-01,        1.00000000e-02],       [3.50332704e+01, 8.22028833e-01, 8.15900032e-01, 1.00000000e+01,        3.50335764e+01, 1.00000000e-02, 1.21490258e-01, 2.76221025e-01,        9.24595462e-01],       [3.41265776e+01, 5.47710983e-01, 9.47633448e-01, 2.60420863e+01,        4.30775070e+01, 6.86550906e-01, 5.74975263e-01, 3.94271429e-01,        3.27460174e-01],       [2.16308775e+01, 1.00000000e-02, 1.00000000e+00, 3.51245136e+01,        4.74016740e+01, 8.45676897e-01, 4.26252294e-01, 1.00000000e+00,        1.00000000e+00],       [5.00000000e+01, 4.47769813e-01, 9.41581232e-01, 2.98237548e+01,        1.22210985e+01, 1.00000000e-02, 1.00000000e+00, 3.91023086e-01,        1.00000000e-02],       [3.20722520e+01, 1.00000000e-02, 2.64908259e-01, 2.35569485e+01,        2.97107514e+01, 1.00000000e-02, 5.55968889e-01, 5.91186864e-01,        1.00000000e-02],       [2.92098108e+01, 6.42304096e-02, 8.68453810e-01, 3.28341458e+01,        1.18603413e+01, 1.92320618e-01, 5.88770315e-02, 4.96431080e-01,        3.60321449e-01],       [5.00000000e+01, 4.89563500e-01, 1.00000000e-02, 2.54222348e+01,        1.00000000e+01, 1.00000000e-02, 1.00000000e+00, 5.96431156e-02,        1.00000000e+00],       [4.37039184e+01, 1.00000000e-02, 1.00000000e+00, 3.28813572e+01,        1.72155478e+01, 1.00000000e+00, 8.15871031e-01, 1.00000000e-02,        6.93067011e-02],       [5.00000000e+01, 1.00000000e+00, 1.75287000e-02, 1.64706445e+01,        5.00000000e+01, 1.00000000e-02, 2.44211498e-01, 6.46376628e-01,        6.49445651e-01],       [2.59743491e+01, 7.31536252e-01, 7.93982503e-01, 4.69014167e+01,        2.13544861e+01, 8.88694971e-01, 2.28862846e-01, 2.50305253e-01,        8.60274033e-01],       [2.26592784e+01, 5.13692727e-01, 4.67512331e-01, 2.01669867e+01,        1.00000000e+01, 1.00000000e+00, 5.24648343e-01, 1.32063465e-01,        7.99167647e-01],       [5.00000000e+01, 8.56359037e-01, 1.00000000e-02, 5.00000000e+01,        4.40117428e+01, 1.00000000e+00, 6.38604734e-01, 1.00000000e-02,        5.59156570e-02],       [3.87449689e+01, 1.42176476e-01, 1.00000000e+00, 5.00000000e+01,        4.30369674e+01, 6.87188448e-01, 3.68317629e-01, 7.04284945e-01,        1.00000000e-02],       [2.11006493e+01, 5.51709358e-01, 9.58563402e-01, 2.66222328e+01,        4.70188169e+01, 3.82086609e-01, 5.45698614e-02, 4.15767714e-01,        1.97968226e-01],       [5.00000000e+01, 5.75410394e-01, 1.25005316e-02, 4.95043215e+01,        1.00000000e+01, 1.00000000e-02, 4.77751191e-02, 1.98805160e-01,        1.00000000e+00]])
all_costs=array([-1.2, -1.2, -1.2, -1.2, -1.2, -1.2, -1.2, -1.2, -1.2, -1.2, -1.2,       -1.2, -1.2, -1.2, -1.2, -1.2, -1.2, -1.2, -1.2, -1.2, -1.2, -1.2,       -1.2, -1.2, -1.2, -1.2, -1.2, -1.2, -1.2, -1.2, -1.2, -1.2, -1.2,       -1.2, -1.2, -1.2, -1.2, -1.2, -1.2, -1.2, -1.2, -1.2, -1.2, -1.2,       -1.2, -1.2, -1.2, -1.2, -1.2, -1.2, -1.2, -1.2, -1.2, -1.2, -1.2,       -1.2, -1.2, -1.2, -1.2, -1.2, -1.2, -1.2, -1.2, -1.2, -1.2, -1.2,       -1.2, -1.2, -1.2, -1.2, -1.2, -1.2, -1.2, -1.2, -1.2, -1.2, -1.2,       -1.2, -1.2, -1.2, -1.2, -1.2, -1.2, -1.2, -1.2, -1.2, -1.2, -1.2,       -1.2, -1.2, -1.2, -1.2, -1.2, -1.2, -1.2, -1.2, -1.2, -1.2, -1.2,       -1.2])
all_uncers=array([1.e-08, 1.e-08, 1.e-08, 1.e-08, 1.e-08, 1.e-08, 1.e-08, 1.e-08,       1.e-08, 1.e-08, 1.e-08, 1.e-08, 1.e-08, 1.e-08, 1.e-08, 1.e-08,       1.e-08, 1.e-08, 1.e-08, 1.e-08, 1.e-08, 1.e-08, 1.e-08, 1.e-08,       1.e-08, 1.e-08, 1.e-08, 1.e-08, 1.e-08, 1.e-08, 1.e-08, 1.e-08,       1.e-08, 1.e-08, 1.e-08, 1.e-08, 1.e-08, 1.e-08, 1.e-08, 1.e-08,       1.e-08, 1.e-08, 1.e-08, 1.e-08, 1.e-08, 1.e-08, 1.e-08, 1.e-08,       1.e-08, 1.e-08, 1.e-08, 1.e-08, 1.e-08, 1.e-08, 1.e-08, 1.e-08,       1.e-08, 1.e-08, 1.e-08, 1.e-08, 1.e-08, 1.e-08, 1.e-08, 1.e-08,       1.e-08, 1.e-08, 1.e-08, 1.e-08, 1.e-08, 1.e-08, 1.e-08, 1.e-08,       1.e-08, 1.e-08, 1.e-08, 1.e-08, 1.e-08, 1.e-08, 1.e-08, 1.e-08,       1.e-08, 1.e-08, 1.e-08, 1.e-08, 1.e-08, 1.e-08, 1.e-08, 1.e-08,       1.e-08, 1.e-08, 1.e-08, 1.e-08, 1.e-08, 1.e-08, 1.e-08, 1.e-08,       1.e-08, 1.e-08, 1.e-08, 1.e-08])
bad_run_indexs=[]
best_cost=-1.2
best_params=array([28.  ,  0.3 ,  0.06, 32.  , 32.  ,  1.  ,  1.  ,  1.  ,  1.  ])
best_index=0
worst_cost=-1.2
worst_index=0
cost_range=0.0
costs_count=100
params_count=69
cost_scaler_init_index=11
net_0={'last_hyperfit': 0, 'last_net_reg': 1e-08, 'regularization_history': [1e-08], 'losses_list': [0.2557833, 0.16781501, 0.024854235, 0.003228114, 0.003914418, 0.0024668877, 0.00035113803, 0.00017560083, 9.393923e-05, 1.192974e-05, 1.3499384e-05, 2.785317e-06, 1.7855687e-06, 1.2034234e-06, 6.031569e-07, 5.9753364e-07, 5.7161265e-07, 5.467491e-07, 5.426107e-07, 5.4268884e-07, 5.4240775e-07, 5.421305e-07, 5.419894e-07, 5.419787e-07, 5.4197227e-07, 5.4197017e-07, 5.4196926e-07, 5.41969e-07, 5.419688e-07, 5.419687e-07, 0.41528687, 0.006122965, 0.0089941835, 0.0024090507, 0.001852176, 0.0004485593, 8.920322e-05, 6.682553e-05, 2.2616701e-05, 3.925132e-06, 2.5399033e-06, 1.8196041e-06, 7.972469e-07, 5.720538e-07, 5.82151e-07, 5.5761825e-07, 0.03286578, 0.024314795, 0.015993007, 0.0019712336, 0.0051142364, 0.031516038, 0.048922345, 0.0059634964, 0.00090352364, 0.000109645334, 1.4902502e-05, 3.6167482e-06, 9.2684724e-07, 5.8190676e-07, 5.454823e-07, 5.393256e-07, 0.041114904, 0.0022831522, 0.00030120034, 2.6502248e-05, 4.2778256e-06, 9.400836e-07, 6.367808e-07, 5.4432167e-07, 0.021215912, 0.000408301, 0.00011475915, 1.4876095e-05, 2.2933823e-06, 7.959296e-07, 5.6335267e-07, 5.403119e-07, 0.01300157, 0.0068549453, 0.0010276493, 0.00014069198, 3.2220243e-05, 1.2501498e-05, 7.4593736e-06, 2.7134447e-06, 1.2707709e-06, 7.21554e-07, 6.408352e-07, 5.617613e-07, 5.44701e-07, 5.37429e-07, 0.0053113806, 0.00012602826, 1.28164975e-05, 1.3591459e-06, 5.9442596e-07, 5.3974895e-07, 0.0046879863, 0.000100353755, 6.2099066e-06, 9.093691e-07, 5.6131546e-07, 5.370068e-07, 0.005794315, 0.00016573514, 6.287174e-06, 8.587657e-07, 5.487432e-07, 5.356562e-07, 0.003425655, 0.0002863378, 2.5954592e-05, 7.948113e-06, 5.617909e-06, 1.7994839e-06, 6.5684037e-07, 5.570326e-07, 5.3857906e-07, 5.387663e-07, 0.0018116848, 4.656527e-05, 6.9909015e-06, 1.3118408e-06, 6.069083e-07, 5.4348743e-07, 5.3496336e-07, 5.3468744e-07, 0.0012191973, 1.9727027e-05, 2.9954012e-06, 5.942072e-07, 5.366416e-07, 5.347792e-07, 0.0018087992, 7.45893e-05, 4.336006e-06, 7.2128313e-07, 5.44989e-07, 5.3570113e-07, 0.001994331, 0.0016138615, 0.00017711378, 0.00022985056, 1.8046676e-05, 3.8573507e-06, 1.067001e-06, 1.195153e-06, 0.00060778105, 1.1779741e-05, 1.286013e-06, 7.218724e-07, 5.691527e-07, 5.420109e-07, 0.0008406324, 7.536602e-06, 1.9639765e-06, 6.519635e-07, 5.49403e-07, 5.3447155e-07, 0.00039076348, 2.6854374e-05, 3.352065e-06, 8.776017e-07, 5.436861e-07, 5.3308e-07, 0.0007561465, 7.145184e-05, 2.7304462e-05, 1.10563915e-05, 1.959897e-05, 4.5089205e-06, 7.235987e-06, 7.047947e-05, 0.0011477119, 4.309893e-05, 5.4780835e-06, 7.109319e-07, 5.801888e-07, 5.334132e-07, 0.0004002127, 1.0825241e-05, 2.1003266e-06, 7.4260606e-07, 5.597459e-07, 5.4208385e-07, 0.00017521711, 3.7066653e-05, 1.3113205e-05, 1.3505999e-06, 1.2938235e-06, 5.5024805e-07, 5.330419e-07, 5.310159e-07, 0.00036561562, 0.00016203393, 0.00010893736, 0.00026291146, 0.00028007574, 9.323177e-06, 1.3987527e-06, 5.547356e-07, 5.307332e-07, 5.2935707e-07], 'scaler_samples': (array([[2.80000000e+01, 3.00000000e-01, 6.00000000e-02, 3.20000000e+01,        3.20000000e+01, 1.00000000e+00, 1.00000000e+00, 1.00000000e+00,        1.00000000e+00],       [4.89464310e+01, 7.45108025e-01, 9.73536338e-01, 4.44731147e+01,        1.87872221e+01, 1.63830800e-02, 8.89978595e-01, 9.01508112e-01,        7.92078432e-01],       [2.13997401e+01, 5.76054680e-01, 2.96260355e-01, 2.10686838e+01,        4.18482141e+01, 6.31022590e-01, 3.96071495e-01, 6.66475623e-01,        3.56182166e-01],       [4.37131943e+01, 5.55317586e-02, 1.87171530e-01, 2.06025776e+01,        1.51184682e+01, 8.47585587e-01, 5.88393184e-01, 8.56981696e-01,        8.31878794e-01],       [1.92473323e+01, 9.39534507e-01, 7.28082287e-01, 1.54417800e+01,        4.32432264e+01, 1.80296328e-01, 4.69773483e-01, 7.81624273e-02,        8.41324502e-01],       [2.77321397e+01, 3.67252126e-01, 5.13046120e-01, 3.39621953e+01,        1.01292996e+01, 3.37055744e-01, 7.73504783e-01, 1.97103063e-01,        2.26665321e-02],       [1.95151654e+01, 8.94889193e-01, 2.01833889e-01, 4.26781761e+01,        4.29850174e+01, 4.81312104e-01, 1.00238249e-02, 9.71246639e-01,        4.61449818e-01],       [3.92443535e+01, 4.78724457e-01, 2.86957374e-01, 2.70666303e+01,        2.09582951e+01, 1.42392167e-01, 5.15191377e-01, 5.75474467e-01,        2.72090920e-01],       [2.04650223e+01, 8.66405543e-01, 3.43461775e-01, 3.54874180e+01,        1.94741724e+01, 2.82727988e-01, 8.26088008e-01, 1.48773626e-01,        4.17739160e-02],       [1.51193572e+01, 7.51670340e-01, 8.52562423e-01, 4.92974401e+01,        2.04724308e+01, 8.07512776e-01, 2.08274367e-01, 9.71000667e-01,        4.62652629e-01],       [4.25682930e+01, 9.21928729e-01, 5.84229748e-01, 4.15599255e+01,        2.94252063e+01, 4.25587014e-01, 4.68741171e-01, 4.38676196e-01,        6.22242184e-02]]), array([-1.2, -1.2, -1.2, -1.2, -1.2, -1.2, -1.2, -1.2, -1.2, -1.2, -1.2])), 'net': {'saver_path': './M-LOOP_archives/neural_net_archive_2022-10-15_13-05_lpP4R-e_.ckpt'}}
net_1={'last_hyperfit': 0, 'last_net_reg': 1e-08, 'regularization_history': [1e-08], 'losses_list': [0.47789526, 0.017920882, 0.018156778, 0.008826713, 0.0031378954, 0.00040532122, 0.0001422009, 5.773742e-05, 4.027355e-05, 1.6774395e-05, 7.188989e-06, 2.5862093e-06, 1.3174354e-06, 8.1897326e-07, 6.188777e-07, 5.6155847e-07, 5.4087633e-07, 5.3527054e-07, 5.35697e-07, 5.35391e-07, 5.351072e-07, 5.3498496e-07, 5.349218e-07, 5.3490817e-07, 5.3490555e-07, 5.349039e-07, 5.349035e-07, 5.3490345e-07, 5.349033e-07, 5.349033e-07, 0.785126, 0.048653338, 0.015469351, 0.0033704361, 0.00083179027, 0.0006267842, 0.00024888132, 4.6191613e-05, 1.4801982e-05, 8.658128e-06, 3.981376e-06, 1.1175771e-06, 7.9566473e-07, 6.573324e-07, 5.572984e-07, 5.477741e-07, 0.064330176, 0.052962232, 0.024366157, 0.0022468555, 0.0045760665, 0.0018872812, 0.00046841978, 0.00010510489, 0.00012411132, 3.746964e-05, 1.7047956e-05, 2.6019138e-06, 3.864999e-06, 3.3143413e-06, 1.9858262e-06, 3.6029892e-06, 0.045673087, 0.0048910477, 0.0008034533, 0.000109895176, 3.1422074e-05, 6.229252e-06, 2.7744857e-06, 1.9021376e-06, 6.8542806e-07, 6.2922084e-07, 0.06110547, 0.004565585, 0.0002626195, 8.93767e-05, 9.646009e-06, 4.1112653e-06, 8.2603594e-07, 5.6069973e-07, 5.432853e-07, 5.322586e-07, 0.043703414, 0.0022730813, 0.00024206753, 2.622485e-05, 4.3343884e-06, 1.1188895e-06, 5.9404516e-07, 5.421469e-07, 0.029489463, 0.0040895334, 0.00079522753, 0.000112833026, 1.9425033e-05, 4.274844e-06, 9.743368e-07, 8.3946827e-07, 8.03469e-07, 6.543302e-07, 0.014918507, 0.0004197976, 2.556897e-05, 1.7476693e-06, 6.523826e-07, 5.3943415e-07, 5.3158396e-07, 5.3095096e-07, 0.009987201, 0.00045885987, 3.4678564e-05, 3.390429e-06, 6.579675e-07, 5.3774534e-07, 5.343794e-07, 5.310576e-07, 0.007532639, 0.00016415799, 9.925387e-06, 9.977084e-07, 5.629372e-07, 5.344355e-07, 0.0048311725, 0.001028296, 0.0003881217, 2.9957577e-05, 4.397809e-06, 8.253936e-07, 1.0981372e-06, 6.863711e-07, 5.717563e-07, 5.427877e-07, 0.0058637485, 0.00028529976, 3.2193097e-05, 1.4651711e-06, 6.2133563e-07, 5.377201e-07, 5.323532e-07, 5.328578e-07, 0.0030580142, 6.983824e-05, 1.6646072e-05, 1.3238205e-06, 7.2998927e-07, 7.472587e-07, 6.0165854e-07, 5.364848e-07, 0.0029985586, 0.000108633074, 5.0166236e-06, 7.274661e-07, 6.2000424e-07, 5.605106e-07, 0.0015232282, 0.01698325, 0.0062506194, 0.00015087516, 1.0340465e-05, 2.2685108e-06, 1.0545442e-06, 7.684073e-07, 5.707511e-07, 5.5482764e-07, 0.0011987748, 3.7218313e-05, 3.2515431e-06, 9.3696985e-07, 5.787569e-07, 5.49397e-07, 0.0008185544, 1.2483514e-05, 1.0142579e-06, 5.9390857e-07, 5.3594505e-07, 5.2834326e-07, 0.0010629798, 0.00020444662, 0.00010439541, 1.0383162e-05, 4.9650216e-06, 1.4474119e-06, 6.1814995e-07, 6.477886e-07, 0.00052334444, 0.00036448974, 1.2803667e-05, 2.241727e-06, 6.332419e-07, 5.307319e-07, 0.00039172304, 1.4802141e-05, 1.4602098e-06, 5.6573606e-07, 5.310955e-07, 5.272707e-07, 0.00050785055, 3.5151306e-06, 8.385158e-07, 5.4071205e-07, 5.2890414e-07, 5.2743314e-07, 0.00034558136, 0.00020682988, 0.000253811, 0.00020008012], 'scaler_samples': (array([[2.80000000e+01, 3.00000000e-01, 6.00000000e-02, 3.20000000e+01,        3.20000000e+01, 1.00000000e+00, 1.00000000e+00, 1.00000000e+00,        1.00000000e+00],       [4.89464310e+01, 7.45108025e-01, 9.73536338e-01, 4.44731147e+01,        1.87872221e+01, 1.63830800e-02, 8.89978595e-01, 9.01508112e-01,        7.92078432e-01],       [2.13997401e+01, 5.76054680e-01, 2.96260355e-01, 2.10686838e+01,        4.18482141e+01, 6.31022590e-01, 3.96071495e-01, 6.66475623e-01,        3.56182166e-01],       [4.37131943e+01, 5.55317586e-02, 1.87171530e-01, 2.06025776e+01,        1.51184682e+01, 8.47585587e-01, 5.88393184e-01, 8.56981696e-01,        8.31878794e-01],       [1.92473323e+01, 9.39534507e-01, 7.28082287e-01, 1.54417800e+01,        4.32432264e+01, 1.80296328e-01, 4.69773483e-01, 7.81624273e-02,        8.41324502e-01],       [2.77321397e+01, 3.67252126e-01, 5.13046120e-01, 3.39621953e+01,        1.01292996e+01, 3.37055744e-01, 7.73504783e-01, 1.97103063e-01,        2.26665321e-02],       [1.95151654e+01, 8.94889193e-01, 2.01833889e-01, 4.26781761e+01,        4.29850174e+01, 4.81312104e-01, 1.00238249e-02, 9.71246639e-01,        4.61449818e-01],       [3.92443535e+01, 4.78724457e-01, 2.86957374e-01, 2.70666303e+01,        2.09582951e+01, 1.42392167e-01, 5.15191377e-01, 5.75474467e-01,        2.72090920e-01],       [2.04650223e+01, 8.66405543e-01, 3.43461775e-01, 3.54874180e+01,        1.94741724e+01, 2.82727988e-01, 8.26088008e-01, 1.48773626e-01,        4.17739160e-02],       [1.51193572e+01, 7.51670340e-01, 8.52562423e-01, 4.92974401e+01,        2.04724308e+01, 8.07512776e-01, 2.08274367e-01, 9.71000667e-01,        4.62652629e-01],       [4.25682930e+01, 9.21928729e-01, 5.84229748e-01, 4.15599255e+01,        2.94252063e+01, 4.25587014e-01, 4.68741171e-01, 4.38676196e-01,        6.22242184e-02]]), array([-1.2, -1.2, -1.2, -1.2, -1.2, -1.2, -1.2, -1.2, -1.2, -1.2, -1.2])), 'net': {'saver_path': './M-LOOP_archives/neural_net_archive_2022-10-15_13-05_cE2ZVtAE.ckpt'}}
net_2={'last_hyperfit': 0, 'last_net_reg': 1e-08, 'regularization_history': [1e-08], 'losses_list': [0.25514367, 0.030041398, 0.011654118, 0.0037322945, 0.0006189901, 0.00021618926, 0.00011973931, 4.7172925e-05, 2.2417069e-05, 8.934608e-06, 2.814057e-06, 1.1773969e-06, 6.4061635e-07, 5.582503e-07, 5.493332e-07, 5.36763e-07, 5.328044e-07, 5.325993e-07, 5.317732e-07, 5.314753e-07, 5.3137467e-07, 5.3130736e-07, 5.3129145e-07, 5.3128383e-07, 5.3128076e-07, 5.312796e-07, 5.312794e-07, 5.312794e-07, 5.3127934e-07, 5.3127934e-07, 0.12734266, 0.004233905, 0.003178232, 0.0010307304, 0.00026478773, 6.343848e-05, 2.2221562e-05, 9.2699765e-06, 3.0199315e-06, 1.8876815e-06, 1.266729e-06, 7.892836e-07, 5.994914e-07, 5.403277e-07, 0.020424504, 0.015351324, 0.011311054, 0.0092347395, 0.0028006923, 0.0013884805, 0.0007196329, 0.00032077834, 0.00013622873, 0.000112624795, 0.00010477684, 2.347911e-05, 5.4249776e-06, 5.2007013e-06, 8.902587e-07, 1.2598546e-06, 6.366112e-07, 6.45721e-07, 0.014897455, 0.0015856094, 0.0008374745, 0.0002120577, 1.4451879e-05, 2.2504198e-06, 7.8710457e-07, 6.140437e-07, 5.386989e-07, 5.4113e-07, 0.014033711, 0.0005249955, 4.679891e-05, 8.168641e-06, 1.8069802e-06, 7.1642336e-07, 5.432574e-07, 5.28307e-07, 0.0066994647, 0.00031718507, 2.3911367e-05, 6.4216324e-06, 1.2947088e-06, 6.0944524e-07, 5.376979e-07, 5.274856e-07, 0.008312738, 0.0020083927, 0.00030441317, 0.0001489384, 1.8684186e-05, 3.4046836e-06, 1.4150507e-06, 8.9270793e-07, 0.0017419055, 0.0002107168, 1.8099508e-05, 5.7471652e-06, 1.6275062e-06, 5.799926e-07, 5.2784463e-07, 5.2517873e-07, 0.0025457353, 7.048495e-05, 6.6952666e-06, 7.1977234e-07, 5.525777e-07, 5.2838664e-07, 0.0017635577, 5.667591e-05, 3.6770352e-06, 8.060873e-07, 5.489323e-07, 5.2736414e-07, 0.0005582459, 7.467767e-05, 1.9333696e-05, 8.239357e-05, 4.739859e-06, 9.678115e-07, 1.6808967e-06, 8.4413665e-07, 6.0296355e-07, 5.301846e-07, 0.001064131, 9.9991856e-05, 5.2556366e-06, 8.9093123e-07, 5.515733e-07, 5.321395e-07, 0.0006709798, 1.287571e-05, 1.0025676e-06, 5.9032084e-07, 5.5567733e-07, 5.260233e-07, 0.0005849055, 6.513956e-05, 2.2397194e-06, 1.9859267e-06, 5.5145495e-07, 5.3800414e-07, 0.00018363765, 0.00015472, 6.189926e-05, 4.893074e-06, 2.0537998e-05, 3.364833e-05, 0.0003132358, 2.1854761e-05, 8.23571e-06, 9.381204e-06, 7.5780827e-07, 5.788962e-07, 0.0005465895, 3.8075843e-05, 9.952821e-06, 3.7215616e-06, 5.639208e-07, 5.273494e-07, 5.242159e-07, 5.225238e-07, 0.0007763244, 0.00012668908, 2.8529168e-05, 2.396996e-06, 8.710846e-07, 5.6727833e-07, 5.291387e-07, 5.223834e-07, 0.0003859088, 0.00062287867, 9.847517e-05, 7.971475e-06, 5.0564962e-05, 1.6380097e-06, 1.3484572e-05, 4.122784e-06, 0.00015161293, 7.787648e-06, 1.1990069e-06, 7.3675494e-07, 5.708683e-07, 5.2576036e-07, 0.0001488054, 2.1671802e-05, 6.6257858e-06, 1.0025403e-06, 5.4593585e-07, 5.4623985e-07, 0.00010333162, 2.3310697e-05, 1.8450262e-05, 5.6399995e-06, 1.7448613e-06, 6.4694586e-07, 6.188534e-07, 5.3927437e-07], 'scaler_samples': (array([[2.80000000e+01, 3.00000000e-01, 6.00000000e-02, 3.20000000e+01,        3.20000000e+01, 1.00000000e+00, 1.00000000e+00, 1.00000000e+00,        1.00000000e+00],       [4.89464310e+01, 7.45108025e-01, 9.73536338e-01, 4.44731147e+01,        1.87872221e+01, 1.63830800e-02, 8.89978595e-01, 9.01508112e-01,        7.92078432e-01],       [2.13997401e+01, 5.76054680e-01, 2.96260355e-01, 2.10686838e+01,        4.18482141e+01, 6.31022590e-01, 3.96071495e-01, 6.66475623e-01,        3.56182166e-01],       [4.37131943e+01, 5.55317586e-02, 1.87171530e-01, 2.06025776e+01,        1.51184682e+01, 8.47585587e-01, 5.88393184e-01, 8.56981696e-01,        8.31878794e-01],       [1.92473323e+01, 9.39534507e-01, 7.28082287e-01, 1.54417800e+01,        4.32432264e+01, 1.80296328e-01, 4.69773483e-01, 7.81624273e-02,        8.41324502e-01],       [2.77321397e+01, 3.67252126e-01, 5.13046120e-01, 3.39621953e+01,        1.01292996e+01, 3.37055744e-01, 7.73504783e-01, 1.97103063e-01,        2.26665321e-02],       [1.95151654e+01, 8.94889193e-01, 2.01833889e-01, 4.26781761e+01,        4.29850174e+01, 4.81312104e-01, 1.00238249e-02, 9.71246639e-01,        4.61449818e-01],       [3.92443535e+01, 4.78724457e-01, 2.86957374e-01, 2.70666303e+01,        2.09582951e+01, 1.42392167e-01, 5.15191377e-01, 5.75474467e-01,        2.72090920e-01],       [2.04650223e+01, 8.66405543e-01, 3.43461775e-01, 3.54874180e+01,        1.94741724e+01, 2.82727988e-01, 8.26088008e-01, 1.48773626e-01,        4.17739160e-02],       [1.51193572e+01, 7.51670340e-01, 8.52562423e-01, 4.92974401e+01,        2.04724308e+01, 8.07512776e-01, 2.08274367e-01, 9.71000667e-01,        4.62652629e-01],       [4.25682930e+01, 9.21928729e-01, 5.84229748e-01, 4.15599255e+01,        2.94252063e+01, 4.25587014e-01, 4.68741171e-01, 4.38676196e-01,        6.22242184e-02]]), array([-1.2, -1.2, -1.2, -1.2, -1.2, -1.2, -1.2, -1.2, -1.2, -1.2, -1.2])), 'net': {'saver_path': './M-LOOP_archives/neural_net_archive_2022-10-15_13-05_JWwHdMwQ.ckpt'}}
