mloop_version='3.3.1'
archive_type='neural_net_learner'
num_params=9
min_boundary=array([10.  ,  0.01,  0.01, 10.  , 10.  ,  0.01,  0.01,  0.01,  0.01])
max_boundary=array([50.,  1.,  1., 50., 50.,  1.,  1.,  1.,  1.])
start_datetime='2022-10-15_14-32'
param_names=['', '', '', '', '', '', '', '', '']
search_precision=1e-06
parameter_searches=10
bad_uncer_frac=0.1
trust_region=nan
has_trust_region=False
predict_global_minima_at_end=True
generation_num=3
update_hyperparameters=False
predicted_best_parameters=array([1.72948170e+01, 6.58550939e-01, 1.00000000e-02, 2.55279748e+01,       3.63020219e+01, 9.63685598e-01, 9.37178156e-01, 1.00000000e+00,       1.00000000e+00])
predicted_best_scaled_cost=-7.742738
predicted_best_cost=-8.743836980156152
all_params=array([[2.80000000e+01, 3.00000000e-01, 6.00000000e-02, 3.20000000e+01,        3.20000000e+01, 1.00000000e+00, 1.00000000e+00, 1.00000000e+00,        1.00000000e+00],       [2.22265423e+01, 8.41835481e-01, 2.79214471e-02, 2.94379652e+01,        2.95163719e+01, 5.79112298e-01, 6.16990000e-01, 9.98242620e-01,        5.88330715e-01],       [3.09839415e+01, 6.46613415e-01, 4.01074806e-01, 3.12475858e+01,        3.87117575e+01, 6.55017352e-01, 6.22557729e-02, 9.24730551e-01,        7.13910990e-02],       [4.74815589e+01, 9.13518380e-01, 8.73368741e-01, 1.77619859e+01,        3.45843972e+01, 7.82002760e-01, 8.19459283e-01, 9.55168118e-01,        6.34155538e-01],       [1.03779647e+01, 7.19267270e-01, 3.99181507e-01, 1.46503670e+01,        4.39147324e+01, 8.15573263e-01, 9.21943015e-01, 7.74106482e-01,        9.43469898e-01],       [2.02143379e+01, 2.50448164e-01, 4.72754773e-01, 1.30314493e+01,        2.08332381e+01, 5.30199899e-02, 8.18843657e-01, 1.00441198e-01,        1.11911981e-01],       [2.97454490e+01, 4.06849138e-01, 3.70064024e-01, 3.54879998e+01,        4.27211485e+01, 2.17111025e-01, 1.94957506e-01, 8.34517125e-01,        7.34332866e-01],       [3.13636991e+01, 2.70147383e-01, 8.29388100e-01, 4.23057184e+01,        2.15993179e+01, 4.89887365e-01, 8.31101352e-01, 5.37617215e-01,        3.90276465e-01],       [1.27014178e+01, 9.96991498e-01, 2.61795015e-01, 3.58689226e+01,        3.88203985e+01, 6.72827045e-01, 5.44370747e-01, 5.14836762e-01,        5.94558088e-02],       [4.49107734e+01, 8.82829352e-02, 6.38376276e-01, 2.48463193e+01,        3.94475196e+01, 2.04855288e-01, 6.13989549e-01, 8.70507205e-01,        1.11488860e-01],       [2.55603408e+01, 2.25673828e-01, 1.10600407e-01, 1.31711056e+01,        1.42740803e+01, 5.23151867e-01, 6.45823663e-01, 3.07445846e-01,        6.22350082e-01],       [3.67201170e+01, 2.94715074e-01, 2.00851746e-01, 3.72043661e+01,        3.41029977e+01, 2.60583383e-01, 8.72682063e-01, 5.30972426e-01,        8.44648639e-01],       [2.11850448e+01, 1.57346606e-01, 8.28685024e-01, 3.62855162e+01,        4.27556679e+01, 9.81745365e-01, 9.72430605e-01, 2.60222598e-01,        4.27698839e-01],       [2.26933133e+01, 4.63543244e-01, 3.15057106e-01, 4.22867135e+01,        1.99008293e+01, 5.97759353e-01, 4.93312748e-01, 9.93802158e-01,        6.38846324e-02],       [4.59508594e+01, 4.06162440e-01, 5.90517258e-01, 4.60687259e+01,        3.32754724e+01, 3.14105794e-01, 7.83170880e-01, 8.08511782e-02,        2.79853878e-01],       [2.68017617e+01, 3.46342270e-01, 9.53316249e-01, 1.18281656e+01,        4.81082122e+01, 2.93432871e-01, 5.58363164e-02, 7.83426183e-01,        7.37139578e-01],       [3.10602724e+01, 3.21087608e-01, 9.19128502e-01, 2.49910305e+01,        3.98299352e+01, 9.60792571e-01, 7.26375646e-01, 3.08727280e-01,        8.30284539e-01],       [2.75407465e+01, 8.93942185e-01, 1.26886397e-01, 3.25301787e+01,        1.98894152e+01, 5.83177261e-01, 2.98663050e-01, 8.56855902e-01,        6.38071983e-01],       [3.53095281e+01, 4.16187006e-01, 2.86156878e-01, 3.60291075e+01,        1.17593583e+01, 1.12688539e-01, 5.79556848e-01, 7.84832607e-01,        2.66004922e-01],       [4.49087464e+01, 6.19296927e-01, 1.29600527e-01, 1.99142094e+01,        4.04115007e+01, 6.68543566e-01, 7.62106995e-01, 4.66177890e-01,        9.82348340e-01],       [3.39922308e+01, 8.99056206e-01, 4.05789193e-01, 1.20038908e+01,        3.25773194e+01, 5.66970819e-01, 6.20734164e-01, 5.11618796e-01,        3.99457713e-01],       [2.43004915e+01, 5.05920124e-01, 1.64491924e-01, 4.65243337e+01,        1.47761661e+01, 4.96028292e-01, 8.90927969e-01, 6.02316934e-01,        3.32286189e-01],       [3.96327680e+01, 7.95275628e-01, 8.18876987e-01, 4.67415638e+01,        2.17532500e+01, 7.32252795e-02, 4.71285822e-01, 2.40223646e-01,        9.79852800e-01],       [1.89575861e+01, 3.99838893e-01, 5.92207254e-01, 4.82966278e+01,        4.68810163e+01, 3.89560173e-01, 1.88503988e-01, 7.55159940e-01,        1.70040756e-01],       [3.77675434e+01, 3.11206656e-01, 5.10704300e-01, 4.74346649e+01,        3.94479072e+01, 2.83864109e-01, 9.68168742e-01, 9.18034524e-01,        9.78063003e-01],       [4.58682444e+01, 9.31450080e-01, 8.60509430e-01, 2.44342400e+01,        1.82449923e+01, 2.43412953e-01, 9.14224165e-01, 2.70300999e-01,        4.54905813e-01],       [4.24049554e+01, 9.29933454e-01, 9.01562263e-01, 1.00426415e+01,        3.55828824e+01, 1.84976766e-02, 7.54958053e-01, 5.59333380e-01,        9.13577148e-01],       [1.23049123e+01, 6.37153498e-01, 2.42061071e-02, 1.99926230e+01,        2.79660984e+01, 1.23059597e-01, 1.24509701e-01, 5.86635418e-01,        7.08476513e-01],       [2.80109702e+01, 1.72745458e-01, 7.64057707e-01, 3.80030712e+01,        3.17626914e+01, 7.02258395e-01, 1.31033693e-01, 9.02999547e-01,        6.84168403e-01],       [1.89475076e+01, 9.94582402e-01, 2.96701561e-02, 1.46785563e+01,        4.29270015e+01, 7.08761296e-01, 5.36611229e-02, 5.65812696e-01,        7.94236018e-01],       [3.50266372e+01, 3.68376547e-01, 1.90484790e-01, 4.73377975e+01,        4.11639801e+01, 6.15585138e-01, 8.25047065e-01, 7.24609811e-01,        2.45848939e-02],       [4.80500692e+01, 3.07988706e-01, 6.26947294e-01, 3.95646609e+01,        2.85246413e+01, 1.89590296e-01, 9.06302973e-01, 9.20614975e-01,        6.79524190e-02],       [2.42201320e+01, 6.97915639e-01, 1.28888428e-01, 3.80403220e+01,        1.70390283e+01, 1.80028305e-01, 9.23301367e-01, 5.82485532e-01,        4.95781495e-01],       [3.05905984e+01, 8.92637013e-01, 3.11524237e-01, 3.19954911e+01,        2.69045997e+01, 6.14337455e-01, 7.07841010e-01, 3.04223519e-01,        7.71879367e-01],       [2.65705212e+01, 8.12653053e-01, 6.53533891e-01, 2.81962691e+01,        2.32606388e+01, 2.05981236e-01, 9.10635792e-01, 7.79162683e-01,        1.99087133e-01],       [2.57062437e+01, 3.87543742e-01, 6.25283741e-01, 4.22271358e+01,        4.58378953e+01, 7.95275965e-01, 3.79224385e-01, 2.01316058e-01,        4.89432550e-01],       [2.13580253e+01, 2.97402254e-01, 5.23886093e-01, 3.02319325e+01,        4.04179965e+01, 8.00085971e-01, 1.06778416e-01, 8.92646483e-01,        3.64941074e-01],       [3.33790381e+01, 2.10343502e-01, 4.10514223e-01, 3.38783518e+01,        2.84207684e+01, 7.64032205e-01, 5.27464681e-01, 5.07264568e-01,        1.02744187e-01],       [1.64561762e+01, 2.39647162e-01, 7.30725813e-01, 2.38957428e+01,        4.32079075e+01, 9.48058941e-01, 3.90913706e-01, 5.60644211e-01,        2.96408532e-01],       [1.80079678e+01, 1.60986011e-01, 2.99779752e-01, 4.23564647e+01,        1.72793958e+01, 1.28199482e-01, 1.92048242e-01, 6.05744643e-01,        2.17581918e-01],       [2.59355835e+01, 2.98943052e-02, 2.94093583e-01, 2.66861958e+01,        3.36919962e+01, 2.07302422e-01, 2.06263286e-01, 7.12193202e-01,        2.60192973e-01],       [3.89946831e+01, 9.43376581e-01, 3.62731289e-02, 1.56445514e+01,        3.87852589e+01, 4.84815504e-01, 4.52256545e-01, 9.08479829e-01,        8.38723621e-01],       [3.46100390e+01, 3.55465330e-02, 7.18416788e-01, 1.71275662e+01,        4.75313236e+01, 9.10211705e-01, 6.95066075e-01, 5.22737403e-01,        4.30157317e-01],       [1.00794108e+01, 4.33167952e-01, 1.37317376e-01, 1.75822776e+01,        4.35449181e+01, 9.33827075e-01, 4.71305765e-02, 8.57180737e-01,        8.06336922e-01],       [2.26112115e+01, 1.46470473e-01, 5.63945616e-01, 3.79499042e+01,        3.13785839e+01, 2.68029340e-01, 4.39135018e-01, 9.36787173e-01,        6.13854908e-02],       [2.25387246e+01, 5.85816404e-01, 7.81820475e-01, 1.41011167e+01,        4.01225927e+01, 9.36592886e-02, 9.63586088e-02, 1.34861635e-01,        1.42121811e-01],       [4.59187123e+01, 5.63829474e-01, 6.88992776e-01, 1.26865161e+01,        4.93141878e+01, 2.94175284e-01, 8.23208862e-01, 3.69095008e-01,        2.02428652e-01],       [3.16373757e+01, 9.12903573e-01, 9.86678511e-01, 2.38647790e+01,        2.02379112e+01, 1.32457775e-01, 5.47950998e-01, 5.20904886e-01,        1.35128511e-01],       [2.55862951e+01, 9.16688017e-01, 2.94029372e-01, 1.51587136e+01,        4.03016244e+01, 4.39562058e-01, 6.19269976e-01, 3.00866558e-01,        5.37461255e-01],       [3.81827435e+01, 7.13494550e-01, 5.25595594e-01, 3.78999654e+01,        3.64786723e+01, 4.18315259e-01, 4.20066779e-01, 1.39287055e-01,        3.80575810e-01],       [3.82759306e+01, 5.85090660e-01, 1.62201176e-01, 4.65674933e+01,        1.80777096e+01, 8.56271569e-01, 8.79357797e-02, 6.92299495e-01,        9.55906993e-01],       [2.08779300e+01, 9.53627909e-01, 1.00000000e-02, 3.12410366e+01,        3.36204831e+01, 6.25710207e-01, 5.79839090e-01, 1.00000000e+00,        5.59079257e-01],       [1.49447213e+01, 1.00000000e+00, 1.00000000e-02, 2.74703929e+01,        3.46488195e+01, 5.89163067e-01, 1.00000000e+00, 1.00000000e+00,        7.11727258e-01],       [1.00000000e+01, 9.94328128e-01, 1.00000000e-02, 2.80254066e+01,        3.32350671e+01, 8.70337646e-01, 8.30849140e-01, 1.00000000e+00,        4.91981765e-01],       [2.43133713e+01, 2.61139017e-01, 9.32897238e-01, 3.14756813e+01,        1.69375828e+01, 3.34642289e-01, 3.13011369e-01, 2.83074746e-01,        7.30800847e-01],       [1.03504685e+01, 1.00000000e+00, 1.00000000e-02, 2.72906550e+01,        2.64707334e+01, 5.76093477e-01, 8.09946832e-01, 1.00000000e+00,        5.28459670e-01],       [1.75795071e+01, 8.94797899e-01, 1.00000000e-02, 2.62390574e+01,        2.90334451e+01, 7.35526823e-01, 7.84907232e-01, 1.00000000e+00,        7.35964347e-01],       [1.06635182e+01, 9.71634027e-01, 1.00000000e-02, 1.94553770e+01,        2.51136938e+01, 6.97523592e-01, 1.00000000e+00, 1.00000000e+00,        5.60887366e-01],       [2.58292970e+01, 7.27353892e-01, 9.63020765e-01, 2.45873869e+01,        4.92526576e+01, 5.27474489e-01, 3.19688770e-01, 4.89304339e-01,        6.14136913e-01],       [2.13733486e+01, 8.34084238e-01, 1.00000000e-02, 2.31486103e+01,        3.19481275e+01, 8.88192543e-01, 8.79738608e-01, 1.00000000e+00,        7.63983697e-01],       [1.59703131e+01, 9.88148571e-01, 1.00000000e-02, 1.98175843e+01,        3.02206299e+01, 1.00000000e+00, 1.00000000e+00, 1.00000000e+00,        8.88654964e-01],       [1.54678723e+01, 7.79028136e-01, 1.00000000e-02, 2.29934309e+01,        3.28029172e+01, 9.55772109e-01, 1.00000000e+00, 1.00000000e+00,        6.41559108e-01],       [1.43967557e+01, 8.59367994e-01, 2.83437954e-01, 1.23918890e+01,        3.72865762e+01, 2.16767989e-01, 3.44777216e-01, 4.25762637e-02,        6.52544092e-01],       [1.80599700e+01, 8.36156569e-01, 1.00000000e-02, 2.60929853e+01,        3.02510447e+01, 8.28862200e-01, 8.12653134e-01, 1.00000000e+00,        7.54330859e-01],       [1.75469293e+01, 8.21252490e-01, 1.00000000e-02, 2.60100615e+01,        3.19605261e+01, 7.89612184e-01, 7.80353832e-01, 1.00000000e+00,        7.50736040e-01],       [1.95299235e+01, 8.56100489e-01, 1.00000000e-02, 2.54903875e+01,        2.99823620e+01, 7.82244880e-01, 8.50863672e-01, 1.00000000e+00,        7.46526949e-01],       [1.74556820e+01, 9.82829440e-01, 3.89111688e-01, 1.39114837e+01,        3.20860693e+01, 6.07310335e-02, 7.59798692e-01, 8.60120810e-01,        4.87624919e-01],       [1.74673268e+01, 8.00854749e-01, 1.00000000e-02, 2.52204266e+01,        3.48198275e+01, 9.05999364e-01, 8.54000275e-01, 1.00000000e+00,        5.73564736e-01],       [1.48325890e+01, 8.34601671e-01, 1.00000000e-02, 2.55835812e+01,        3.17796353e+01, 9.16272697e-01, 1.00000000e+00, 1.00000000e+00,        8.49358708e-01],       [2.14003747e+01, 8.71455808e-01, 1.00000000e-02, 2.58252699e+01,        2.77918994e+01, 8.19971397e-01, 9.08738415e-01, 1.00000000e+00,        7.51756779e-01],       [2.14341442e+01, 3.68535842e-01, 8.44666009e-01, 3.23608643e+01,        4.41591456e+01, 2.93515986e-01, 3.39637017e-01, 9.97480385e-01,        3.97606550e-01],       [1.00000000e+01, 8.38947435e-01, 1.00000000e-02, 2.53120791e+01,        3.08798315e+01, 8.82752137e-01, 1.00000000e+00, 1.00000000e+00,        8.66884447e-01],       [1.09150807e+01, 8.13156461e-01, 1.00000000e-02, 2.50547737e+01,        3.29334592e+01, 9.23844031e-01, 1.00000000e+00, 1.00000000e+00,        1.00000000e+00],       [1.00000000e+01, 8.19909008e-01, 1.00000000e-02, 2.62015402e+01,        3.33527212e+01, 9.36371683e-01, 9.93629065e-01, 1.00000000e+00,        1.00000000e+00],       [1.83382539e+01, 9.94351205e-01, 8.09227247e-01, 3.72007373e+01,        4.38239933e+01, 2.34502255e-01, 1.12379507e-01, 7.88273824e-01,        8.61960197e-01],       [1.69203942e+01, 9.17857324e-01, 1.00000000e-02, 2.65436441e+01,        3.26709333e+01, 9.46792718e-01, 9.54170610e-01, 1.00000000e+00,        8.85236057e-01],       [1.00000000e+01, 1.00000000e+00, 1.00000000e-02, 4.20795649e+01,        4.39086960e+01, 1.00000000e+00, 1.00000000e+00, 1.00000000e+00,        1.00000000e+00],       [1.35917467e+01, 8.56893368e-01, 1.00000000e-02, 3.13527339e+01,        3.68580652e+01, 1.00000000e+00, 1.00000000e+00, 1.00000000e+00,        1.00000000e+00],       [4.07282333e+01, 6.46926278e-01, 1.69190095e-01, 4.13678775e+01,        3.41850345e+01, 8.77406424e-01, 8.88470142e-02, 9.21200071e-01,        2.09474504e-01],       [1.00000000e+01, 6.98852493e-01, 1.00000000e-02, 2.96300815e+01,        3.04004535e+01, 1.00000000e+00, 9.06450998e-01, 1.00000000e+00,        1.00000000e+00],       [1.00000000e+01, 8.95256448e-01, 1.00000000e-02, 3.02021527e+01,        3.48212705e+01, 1.00000000e+00, 9.88320437e-01, 1.00000000e+00,        9.37724985e-01],       [1.00000000e+01, 7.37731772e-01, 1.00000000e-02, 2.83782364e+01,        3.36327137e+01, 9.58052875e-01, 1.00000000e+00, 1.00000000e+00,        9.97675236e-01],       [4.11515657e+01, 4.08921927e-01, 8.08995478e-01, 4.23428347e+01,        4.32884003e+01, 5.63014532e-01, 9.31886316e-01, 7.92056596e-01,        2.53967518e-01],       [1.00000000e+01, 9.25493338e-01, 1.00000000e-02, 2.49095406e+01,        3.16841973e+01, 1.00000000e+00, 9.34989747e-01, 1.00000000e+00,        1.00000000e+00],       [1.92689563e+01, 9.03586841e-01, 1.00000000e-02, 2.17727963e+01,        3.12724783e+01, 7.86821947e-01, 8.60288286e-01, 1.00000000e+00,        7.12163279e-01],       [1.37414381e+01, 8.93322400e-01, 1.00000000e-02, 1.81457278e+01,        3.16797323e+01, 9.98304562e-01, 1.00000000e+00, 1.00000000e+00,        7.70850444e-01],       [1.10446970e+01, 9.05670164e-01, 5.21017701e-01, 3.59748337e+01,        3.33920600e+01, 6.48468770e-01, 7.59272376e-01, 8.35608966e-01,        2.86335733e-01],       [1.82526793e+01, 7.50312358e-01, 1.00000000e-02, 2.58094886e+01,        3.08985982e+01, 9.25756005e-01, 1.00000000e+00, 1.00000000e+00,        8.03945285e-01],       [2.05393306e+01, 8.51810919e-01, 1.00000000e-02, 2.73525104e+01,        2.98257692e+01, 7.71510727e-01, 8.77811072e-01, 1.00000000e+00,        6.96287792e-01],       [1.00000000e+01, 8.45127541e-01, 1.00000000e-02, 2.69065787e+01,        3.32719047e+01, 9.22491443e-01, 1.00000000e+00, 1.00000000e+00,        1.00000000e+00],       [4.16055163e+01, 6.16212084e-01, 2.50121129e-01, 1.98187278e+01,        4.39661374e+01, 4.44540412e-01, 5.67990546e-01, 1.29501348e-01,        3.08783540e-01],       [1.00000000e+01, 8.36444828e-01, 4.27319061e-02, 2.44862706e+01,        3.14206918e+01, 1.00000000e+00, 8.65204701e-01, 1.00000000e+00,        1.00000000e+00],       [1.02755976e+01, 1.00000000e+00, 1.00000000e-02, 2.50600719e+01,        2.99299154e+01, 1.00000000e+00, 7.65967546e-01, 1.00000000e+00,        9.79036756e-01],       [1.28345002e+01, 8.48481160e-01, 1.00000000e-02, 2.41044532e+01,        3.21485237e+01, 1.00000000e+00, 9.74945947e-01, 1.00000000e+00,        8.81771818e-01],       [1.87914648e+01, 4.74693102e-01, 6.44713131e-01, 3.18041609e+01,        1.18345500e+01, 5.97092553e-01, 3.17869479e-01, 4.90891488e-02,        5.88039396e-01],       [1.00000000e+01, 7.73556580e-01, 1.94132849e-02, 2.55515306e+01,        3.42818475e+01, 1.00000000e+00, 9.83518508e-01, 1.00000000e+00,        1.00000000e+00],       [1.18605883e+01, 8.61795336e-01, 1.00000000e-02, 2.54310193e+01,        2.93491516e+01, 1.00000000e+00, 7.74422896e-01, 1.00000000e+00,        1.00000000e+00],       [1.00000000e+01, 7.96835868e-01, 6.89983568e-02, 2.54565249e+01,        3.33093759e+01, 1.00000000e+00, 9.00312659e-01, 1.00000000e+00,        1.00000000e+00],       [2.33964000e+01, 7.01566498e-01, 3.18857819e-01, 4.20439441e+01,        2.26739950e+01, 5.71596627e-01, 7.23370698e-01, 3.19906993e-01,        6.71983359e-01],       [1.00000000e+01, 7.09066905e-01, 1.00000000e-02, 2.45164051e+01,        3.18740369e+01, 1.00000000e+00, 7.44117697e-01, 1.00000000e+00,        9.98083602e-01],       [1.09761366e+01, 7.62732973e-01, 1.00000000e-02, 2.46343782e+01,        3.21663001e+01, 1.00000000e+00, 7.94412884e-01, 1.00000000e+00,        1.00000000e+00],       [1.30112292e+01, 7.76159895e-01, 1.00000000e-02, 2.66998413e+01,        3.29571080e+01, 9.35543339e-01, 9.46518950e-01, 1.00000000e+00,        9.89716262e-01],       [2.27518404e+01, 2.15056145e-01, 8.16034705e-01, 1.82810766e+01,        4.12967619e+01, 2.18460242e-02, 3.22093310e-01, 9.88632484e-01,        7.00477760e-01],       [1.00000000e+01, 6.81917632e-01, 1.00000000e-02, 2.50320818e+01,        3.01155665e+01, 1.00000000e+00, 7.98431487e-01, 1.00000000e+00,        1.00000000e+00],       [1.76626910e+01, 6.18293018e-01, 1.00000000e-02, 2.10730575e+01,        3.28436161e+01, 1.00000000e+00, 1.00000000e+00, 1.00000000e+00,        8.99337029e-01],       [1.00000000e+01, 7.89061036e-01, 1.00000000e-02, 2.32988399e+01,        3.10796202e+01, 9.60748621e-01, 7.39969383e-01, 1.00000000e+00,        9.64680950e-01],       [4.52469616e+01, 3.08144341e-01, 8.28465569e-01, 4.02400735e+01,        1.62982438e+01, 2.17429682e-01, 2.14149195e-01, 6.22176835e-01,        9.32511189e-01],       [1.50726849e+01, 6.43496805e-01, 1.00000000e-02, 2.59853824e+01,        3.57955460e+01, 9.30771833e-01, 9.14158013e-01, 1.00000000e+00,        1.00000000e+00],       [1.14776072e+01, 7.51025636e-01, 1.00000000e-02, 2.68824235e+01,        3.21192228e+01, 1.00000000e+00, 7.49655455e-01, 1.00000000e+00,        1.00000000e+00],       [1.49228060e+01, 7.00573451e-01, 1.00000000e-02, 2.67388542e+01,        3.53047965e+01, 9.33939394e-01, 9.27913602e-01, 1.00000000e+00,        1.00000000e+00],       [3.13929888e+01, 8.44226157e-01, 7.46956665e-02, 4.71760838e+01,        1.59149238e+01, 6.61003334e-01, 9.48667408e-01, 8.07299290e-02,        6.19207825e-01],       [1.43887205e+01, 5.74150875e-01, 1.00000000e-02, 2.58939721e+01,        3.59681024e+01, 9.81743905e-01, 9.96253117e-01, 1.00000000e+00,        1.00000000e+00],       [1.12038724e+01, 6.18109797e-01, 1.00000000e-02, 2.31175723e+01,        3.55362381e+01, 1.00000000e+00, 8.79443128e-01, 1.00000000e+00,        1.00000000e+00],       [1.52354987e+01, 6.39844951e-01, 1.00000000e-02, 2.61372438e+01,        3.52226559e+01, 9.31343464e-01, 9.22505754e-01, 9.93544920e-01,        1.00000000e+00],       [2.84432112e+01, 9.53768118e-01, 9.24912954e-01, 2.19866430e+01,        1.31630698e+01, 8.93618245e-01, 7.52895079e-01, 4.11555606e-01,        7.31806578e-01],       [1.00000000e+01, 7.43809707e-01, 1.00000000e-02, 2.44323054e+01,        3.24658366e+01, 1.00000000e+00, 7.70044603e-01, 1.00000000e+00,        1.00000000e+00],       [1.00082197e+01, 7.47441794e-01, 1.00000000e-02, 2.56878180e+01,        3.26855719e+01, 1.00000000e+00, 7.79164058e-01, 1.00000000e+00,        1.00000000e+00],       [1.24232953e+01, 7.86883820e-01, 1.00000000e-02, 2.54358180e+01,        3.46758189e+01, 9.77758004e-01, 1.00000000e+00, 1.00000000e+00,        9.68803825e-01],       [3.48227183e+01, 9.24800434e-01, 2.00241169e-01, 3.74926355e+01,        3.34451656e+01, 1.27641611e-01, 3.75737855e-01, 2.06923366e-01,        2.13745754e-01],       [1.00000000e+01, 8.21091859e-01, 2.32177281e-02, 2.60226728e+01,        3.10792140e+01, 1.00000000e+00, 9.34861892e-01, 1.00000000e+00,        1.00000000e+00],       [1.52178843e+01, 7.29274621e-01, 1.00000000e-02, 2.45275569e+01,        3.36063385e+01, 9.10263802e-01, 1.00000000e+00, 1.00000000e+00,        8.65795954e-01],       [1.22275822e+01, 7.41516149e-01, 1.00000000e-02, 2.67682595e+01,        3.28340799e+01, 9.42703461e-01, 9.29872970e-01, 9.79984775e-01,        1.00000000e+00],       [2.78230779e+01, 1.39069075e-01, 9.17214370e-02, 4.87353846e+01,        4.95636437e+01, 2.10123681e-01, 7.42342485e-01, 7.46654589e-01,        9.47248740e-01],       [1.00000000e+01, 7.32116801e-01, 1.00000000e-02, 1.00000000e+01,        1.16647386e+01, 1.00000000e+00, 1.00000000e+00, 6.95168322e-01,        5.94297965e-01],       [1.24399599e+01, 7.47708087e-01, 1.00000000e-02, 2.41762820e+01,        3.16162440e+01, 1.00000000e+00, 7.99625097e-01, 1.00000000e+00,        1.00000000e+00],       [1.21761659e+01, 6.13290129e-01, 1.00000000e-02, 2.50148528e+01,        3.26832375e+01, 1.00000000e+00, 6.21766066e-01, 1.00000000e+00,        1.00000000e+00],       [4.34906256e+01, 4.19935257e-02, 1.07265656e-01, 2.04415097e+01,        3.84856605e+01, 8.12769495e-01, 7.88604381e-01, 9.43857469e-01,        8.50544138e-01],       [1.33991764e+01, 4.64859375e-01, 1.00000000e-02, 2.54728030e+01,        3.58093963e+01, 1.00000000e+00, 6.73122057e-01, 1.00000000e+00,        1.00000000e+00],       [1.48304791e+01, 3.57555735e-01, 1.00000000e-02, 2.90975854e+01,        3.96336191e+01, 6.49362473e-01, 7.15757820e-01, 1.00000000e+00,        1.00000000e+00],       [1.34485325e+01, 5.63887536e-01, 1.00000000e-02, 2.50650456e+01,        3.94551724e+01, 9.49775803e-01, 9.66099260e-01, 1.00000000e+00,        1.00000000e+00],       [3.00727417e+01, 8.32429905e-01, 7.73421908e-01, 1.11300552e+01,        4.53241983e+01, 2.89018373e-01, 4.35491813e-01, 9.95985628e-01,        8.69570548e-01],       [1.03724321e+01, 8.65442443e-01, 1.00000000e-02, 2.54672277e+01,        3.07605144e+01, 1.00000000e+00, 8.45316135e-01, 1.00000000e+00,        1.00000000e+00],       [1.59344576e+01, 8.73708913e-01, 1.00000000e-02, 2.43948555e+01,        3.04820497e+01, 1.00000000e+00, 1.00000000e+00, 1.00000000e+00,        8.34578166e-01],       [1.00000000e+01, 6.34627172e-01, 1.00000000e-02, 2.40838884e+01,        3.32830252e+01, 1.00000000e+00, 7.12036702e-01, 1.00000000e+00,        9.67984683e-01],       [1.06674340e+01, 4.32149784e-01, 1.78700369e-01, 4.64249359e+01,        2.34373778e+01, 7.23682848e-01, 7.59899494e-01, 4.13376269e-01,        4.50590824e-01],       [1.54386349e+01, 6.70031917e-01, 1.00000000e-02, 2.58197409e+01,        3.53041816e+01, 9.10024287e-01, 8.42050625e-01, 1.00000000e+00,        1.00000000e+00],       [1.12024319e+01, 7.43023923e-01, 1.00000000e-02, 2.57631350e+01,        3.37484393e+01, 9.50768466e-01, 9.17414128e-01, 1.00000000e+00,        1.00000000e+00],       [1.43426333e+01, 6.72216529e-01, 1.00000000e-02, 2.59410179e+01,        3.16897645e+01, 9.89545541e-01, 6.38979302e-01, 1.00000000e+00,        9.89366903e-01],       [2.63457613e+01, 4.73357873e-01, 7.61939027e-01, 1.34138740e+01,        1.08435141e+01, 8.70771377e-01, 2.55877165e-01, 4.31821454e-01,        3.51828630e-01],       [1.51674106e+01, 6.30709595e-01, 1.00000000e-02, 2.52163258e+01,        3.09470622e+01, 1.00000000e+00, 5.80737360e-01, 1.00000000e+00,        1.00000000e+00],       [1.46881652e+01, 6.64655707e-01, 1.00000000e-02, 2.46856342e+01,        2.98997878e+01, 1.00000000e+00, 4.64772282e-01, 1.00000000e+00,        1.00000000e+00],       [1.42703936e+01, 6.72220128e-01, 1.00000000e-02, 2.58229126e+01,        3.18207036e+01, 1.00000000e+00, 6.44538341e-01, 1.00000000e+00,        9.95551054e-01],       [1.14836376e+01, 7.09533955e-01, 1.34350112e-01, 4.28424478e+01,        2.72570385e+01, 9.36858659e-01, 5.11780736e-01, 6.46812000e-01,        9.90877761e-01],       [1.00000000e+01, 6.20808743e-01, 1.00000000e-02, 2.65676346e+01,        3.34410382e+01, 1.00000000e+00, 7.44207435e-01, 9.52241918e-01,        1.00000000e+00],       [1.34312111e+01, 6.63688411e-01, 1.00000000e-02, 2.53622701e+01,        3.21639873e+01, 1.00000000e+00, 6.91955362e-01, 1.00000000e+00,        1.00000000e+00],       [1.35724370e+01, 6.67472762e-01, 1.00000000e-02, 2.62527502e+01,        3.19347782e+01, 9.59961036e-01, 6.38396165e-01, 1.00000000e+00,        9.70797252e-01],       [4.46880794e+01, 5.66177552e-01, 7.87658139e-01, 2.68990713e+01,        2.46530160e+01, 2.09060681e-01, 3.73933349e-01, 6.45478221e-01,        8.89385527e-01],       [1.80401572e+01, 6.60933223e-01, 1.00000000e-02, 2.64036196e+01,        3.17018353e+01, 1.00000000e+00, 6.31216813e-01, 1.00000000e+00,        1.00000000e+00],       [1.55199552e+01, 8.02437747e-01, 1.00000000e-02, 2.70927645e+01,        2.86383157e+01, 1.00000000e+00, 6.88633143e-01, 1.00000000e+00,        1.00000000e+00],       [1.00000000e+01, 7.09567151e-01, 7.14717430e-02, 5.00000000e+01,        2.92780894e+01, 1.00000000e+00, 3.04506636e-01, 1.00000000e+00,        1.00000000e+00],       [3.96421560e+01, 9.01370954e-01, 5.26131651e-01, 3.86378415e+01,        4.98240826e+01, 7.72975715e-01, 4.81364722e-01, 8.58982463e-01,        2.24296153e-01],       [1.26789052e+01, 7.41600791e-01, 1.00000000e-02, 2.50614560e+01,        3.07032524e+01, 1.00000000e+00, 7.07249352e-01, 1.00000000e+00,        1.00000000e+00],       [1.69844396e+01, 5.50878760e-01, 1.00000000e-02, 2.61346684e+01,        3.78857524e+01, 8.88719384e-01, 8.91477515e-01, 1.00000000e+00,        1.00000000e+00],       [1.00000000e+01, 1.00000000e+00, 1.00000000e-02, 5.00000000e+01,        2.12768406e+01, 1.00000000e+00, 3.75071734e-01, 1.00000000e+00,        1.00000000e+00],       [1.60413167e+01, 7.23345175e-01, 4.73513247e-01, 3.52032705e+01,        1.74195121e+01, 6.68282386e-01, 1.95657803e-02, 5.50569911e-01,        8.67293346e-01],       [1.00000000e+01, 5.47340288e-01, 1.00000000e-02, 2.65277470e+01,        2.90317303e+01, 1.00000000e+00, 5.76251562e-01, 8.96317292e-01,        1.00000000e+00],       [1.00000000e+01, 7.95194147e-01, 1.83758091e-02, 2.45905080e+01,        3.27555725e+01, 1.00000000e+00, 8.92676761e-01, 1.00000000e+00,        1.00000000e+00],       [1.15956096e+01, 7.62077416e-01, 6.12062650e-02, 2.57685125e+01,        3.25553113e+01, 1.00000000e+00, 7.97670070e-01, 9.39470617e-01,        1.00000000e+00],       [2.11447394e+01, 1.91289262e-01, 9.83485514e-01, 2.08655358e+01,        4.39780955e+01, 6.92327833e-01, 7.24602560e-01, 3.39689867e-01,        4.25087072e-01],       [1.46556859e+01, 6.70462085e-01, 1.00000000e-02, 2.57344080e+01,        3.14308474e+01, 1.00000000e+00, 6.17388812e-01, 1.00000000e+00,        1.00000000e+00],       [1.55124016e+01, 6.59743499e-01, 1.00000000e-02, 2.71154491e+01,        3.18106518e+01, 9.65259564e-01, 5.85807482e-01, 1.00000000e+00,        1.00000000e+00],       [1.22478152e+01, 6.26806152e-01, 1.00000000e-02, 2.55197349e+01,        3.69277812e+01, 9.17554516e-01, 9.57797585e-01, 1.00000000e+00,        1.00000000e+00],       [4.38341062e+01, 5.83259284e-01, 9.64197390e-01, 3.64435895e+01,        1.41720462e+01, 9.05615477e-01, 3.73565033e-01, 3.74957778e-01,        4.73359673e-01],       [1.23965525e+01, 7.54559240e-01, 1.50413531e-01, 2.59595303e+01,        3.37475763e+01, 9.15961391e-01, 8.96287749e-01, 9.85660576e-01,        1.00000000e+00],       [1.00000000e+01, 3.25470220e-01, 1.00000000e-02, 5.00000000e+01,        1.91625168e+01, 1.00000000e+00, 5.16286080e-01, 1.00000000e+00,        1.00000000e+00],       [1.34914838e+01, 6.90446516e-01, 6.60962146e-02, 2.60293171e+01,        3.17426240e+01, 1.00000000e+00, 6.77069161e-01, 1.00000000e+00,        9.81614929e-01],       [1.61411116e+01, 9.31602163e-01, 3.95980469e-01, 3.33929486e+01,        3.94295684e+01, 9.07625759e-01, 8.78520580e-01, 3.57614128e-01,        5.09891863e-02],       [1.58561121e+01, 7.81359379e-01, 1.00000000e-02, 2.67370107e+01,        3.16892812e+01, 8.29202921e-01, 1.00000000e+00, 1.00000000e+00,        8.32332647e-01],       [1.34135984e+01, 7.69460977e-01, 1.00000000e-02, 2.65302879e+01,        3.25424106e+01, 9.82568195e-01, 8.95470749e-01, 1.00000000e+00,        1.00000000e+00],       [1.36266363e+01, 6.36085399e-01, 1.00000000e-02, 2.52390199e+01,        3.22451148e+01, 9.61970156e-01, 6.62261612e-01, 9.15415169e-01,        1.00000000e+00],       [2.48596274e+01, 4.69084081e-01, 1.95274198e-02, 3.02122658e+01,        3.92736419e+01, 8.01425359e-01, 5.44070499e-01, 4.91853785e-01,        6.67177206e-01],       [1.66037225e+01, 7.70287334e-01, 1.00000000e-02, 2.72204631e+01,        3.14902343e+01, 7.63606375e-01, 1.00000000e+00, 1.00000000e+00,        8.13376186e-01],       [1.55304080e+01, 7.84079176e-01, 1.00000000e-02, 2.70545864e+01,        3.17570507e+01, 8.05923599e-01, 9.91943544e-01, 1.00000000e+00,        8.55915531e-01],       [1.74105296e+01, 7.74827418e-01, 1.00000000e-02, 2.67515610e+01,        3.12689719e+01, 7.81241706e-01, 9.68568639e-01, 1.00000000e+00,        8.15629067e-01],       [4.01013002e+01, 7.56795845e-01, 9.89798790e-02, 2.44360386e+01,        1.09286497e+01, 9.78003619e-01, 1.12211254e-02, 1.20180270e-02,        6.56074297e-01],       [1.00000000e+01, 3.43185652e-01, 1.00000000e-02, 3.43017165e+01,        4.69259414e+01, 1.00000000e+00, 2.97752055e-01, 1.00000000e+00,        1.00000000e+00],       [1.56929225e+01, 7.71294750e-01, 1.00000000e-02, 2.61548301e+01,        3.15303384e+01, 8.52904755e-01, 1.00000000e+00, 1.00000000e+00,        8.36677088e-01],       [1.00000000e+01, 1.00000000e-02, 1.00000000e-02, 2.10178330e+01,        4.87141476e+01, 1.00000000e+00, 8.90178809e-01, 1.00000000e+00,        4.51639043e-01],       [4.92915688e+01, 5.36059887e-01, 2.46358508e-02, 1.77163617e+01,        1.27020329e+01, 4.35720572e-01, 1.58117301e-01, 1.68080287e-01,        3.72606471e-01],       [1.52674982e+01, 7.67909361e-01, 1.00000000e-02, 2.66523114e+01,        3.20035606e+01, 8.41443323e-01, 1.00000000e+00, 9.93998056e-01,        8.11040751e-01],       [1.76696170e+01, 7.31732190e-01, 1.00000000e-02, 2.52058686e+01,        3.09666458e+01, 7.53226281e-01, 9.36013520e-01, 1.00000000e+00,        8.12193989e-01],       [1.20250785e+01, 6.90044136e-01, 1.00000000e-02, 2.46398254e+01,        3.29803723e+01, 1.00000000e+00, 9.66198953e-01, 9.60360548e-01,        9.13649228e-01],       [2.99292164e+01, 2.32114767e-01, 3.86408816e-01, 3.68410304e+01,        2.32303534e+01, 9.71536346e-01, 6.21448631e-01, 8.47392232e-01,        5.98071408e-01],       [1.57288115e+01, 8.01180444e-01, 1.00000000e-02, 2.70605665e+01,        3.13745241e+01, 8.33003954e-01, 1.00000000e+00, 1.00000000e+00,        8.49475252e-01],       [1.00000000e+01, 7.82464460e-01, 1.00000000e-02, 2.55066117e+01,        3.34167658e+01, 9.86006449e-01, 9.03194584e-01, 9.29804624e-01,        1.00000000e+00],       [1.80721446e+01, 5.38656790e-01, 1.00000000e-02, 2.46573258e+01,        3.65910093e+01, 1.00000000e+00, 7.90923114e-01, 1.00000000e+00,        1.00000000e+00],       [3.29369326e+01, 3.80430411e-01, 6.58996138e-01, 4.49870679e+01,        3.66947632e+01, 3.62615491e-02, 3.99706820e-01, 1.32019041e-01,        9.43128648e-01],       [1.59246706e+01, 7.75815869e-01, 1.00000000e-02, 2.67808205e+01,        3.17462774e+01, 8.33705333e-01, 1.00000000e+00, 1.00000000e+00,        8.39492288e-01],       [1.75975705e+01, 6.58866468e-01, 1.76187309e-01, 2.48344129e+01,        3.27160535e+01, 8.56371433e-01, 7.12153335e-01, 1.00000000e+00,        9.63122262e-01],       [1.52324479e+01, 8.08241472e-01, 1.00000000e-02, 2.68573231e+01,        3.18478835e+01, 8.59456240e-01, 1.00000000e+00, 1.00000000e+00,        8.71653474e-01],       [1.99132432e+01, 3.24511047e-01, 7.16325968e-01, 1.08307165e+01,        4.88964215e+01, 7.06818040e-01, 7.35300519e-02, 8.11458933e-01,        1.83319714e-01],       [1.70499235e+01, 6.08507013e-01, 1.00000000e-02, 2.45785432e+01,        3.78841723e+01, 9.72494980e-01, 9.64341879e-01, 9.42964547e-01,        1.00000000e+00],       [1.13624120e+01, 1.00000000e+00, 1.00000000e-02, 3.25676899e+01,        2.55641281e+01, 1.00000000e+00, 1.00000000e+00, 9.21093803e-01,        9.72699133e-01],       [1.44244687e+01, 6.41178358e-01, 1.00000000e-02, 2.59909953e+01,        3.60512846e+01, 9.55460700e-01, 9.14072519e-01, 1.00000000e+00,        1.00000000e+00],       [4.07783378e+01, 4.78899321e-01, 4.25203768e-01, 3.12895377e+01,        4.20057675e+01, 1.15423487e-01, 2.33493353e-01, 9.17836096e-01,        2.11940674e-01],       [1.60849327e+01, 5.83630779e-01, 1.00000000e-02, 2.56126228e+01,        3.64580588e+01, 1.00000000e+00, 8.40931579e-01, 1.00000000e+00,        9.48055365e-01],       [1.47841401e+01, 6.02736418e-01, 1.00000000e-02, 2.60630789e+01,        3.79115408e+01, 9.94392782e-01, 9.62744349e-01, 1.00000000e+00,        1.00000000e+00],       [1.43246702e+01, 6.43332785e-01, 1.00000000e-02, 2.62167478e+01,        3.61859132e+01, 9.63010612e-01, 9.25643327e-01, 1.00000000e+00,        1.00000000e+00],       [3.25669035e+01, 2.50195499e-01, 8.21032477e-01, 3.71475569e+01,        4.79906694e+01, 5.44189363e-01, 8.08687931e-01, 4.82204955e-01,        4.86108047e-01],       [1.54640555e+01, 6.06600816e-01, 1.00000000e-02, 2.61923101e+01,        3.57241560e+01, 9.42672992e-01, 8.75134249e-01, 1.00000000e+00,        9.46834805e-01],       [1.39481492e+01, 6.50040440e-01, 1.00000000e-02, 2.55367991e+01,        3.57261503e+01, 9.63065280e-01, 9.13406591e-01, 1.00000000e+00,        1.00000000e+00],       [1.42603471e+01, 6.41733586e-01, 1.00000000e-02, 2.54133741e+01,        3.59125257e+01, 9.63270959e-01, 9.08600731e-01, 1.00000000e+00,        1.00000000e+00],       [1.56459612e+01, 7.89861735e-01, 8.46579297e-01, 4.48285235e+01,        1.07473612e+01, 1.52840037e-02, 4.21606608e-01, 5.52011051e-02,        3.31749156e-01],       [1.50904247e+01, 6.32117082e-01, 1.00000000e-02, 2.62864670e+01,        3.60746817e+01, 9.51955159e-01, 8.95050014e-01, 1.00000000e+00,        1.00000000e+00],       [1.48807343e+01, 4.48254110e-01, 1.00000000e-02, 1.59503031e+01,        3.11204780e+01, 1.00000000e+00, 8.01585954e-01, 1.00000000e+00,        1.00000000e+00],       [1.55091104e+01, 6.23697938e-01, 1.00000000e-02, 2.61279640e+01,        3.63304002e+01, 9.30603782e-01, 8.90770200e-01, 9.99467686e-01,        1.00000000e+00],       [3.93425277e+01, 3.80850813e-01, 2.58707672e-01, 3.00456771e+01,        3.52833063e+01, 3.28338922e-02, 5.24160875e-01, 6.64037661e-01,        8.58303209e-02],       [1.12822124e+01, 7.25219722e-01, 1.00000000e-02, 2.38596502e+01,        3.16989755e+01, 9.99941673e-01, 8.41578813e-01, 9.47646129e-01,        1.00000000e+00],       [1.50107643e+01, 6.50812825e-01, 1.00000000e-02, 2.59368469e+01,        3.50513674e+01, 9.36611309e-01, 9.25856998e-01, 1.00000000e+00,        9.80133842e-01],       [1.77830792e+01, 5.40993516e-01, 1.00000000e-02, 2.44198509e+01,        3.36072550e+01, 9.99665480e-01, 5.60051866e-01, 1.00000000e+00,        9.54091355e-01],       [2.62693415e+01, 5.33099884e-01, 9.87131433e-01, 2.71497829e+01,        3.69093864e+01, 4.18470015e-01, 2.78408456e-01, 1.58535813e-01,        1.36013361e-02],       [1.00000000e+01, 6.05891086e-01, 1.00000000e-02, 2.28613162e+01,        2.95974322e+01, 9.99725675e-01, 6.55886857e-01, 9.62436546e-01,        9.32977660e-01],       [2.04942471e+01, 5.04445111e-01, 1.00000000e-02, 2.20175015e+01,        3.64259898e+01, 1.00000000e+00, 1.00000000e+00, 1.00000000e+00,        9.50977127e-01],       [1.55412314e+01, 6.41582816e-01, 1.05649289e-02, 2.58713294e+01,        3.61740144e+01, 9.49913350e-01, 8.79760961e-01, 9.84553158e-01,        1.00000000e+00],       [2.53397076e+01, 7.69320367e-01, 9.95222295e-01, 1.89476104e+01,        4.65682916e+01, 2.51614997e-01, 3.80233085e-02, 2.57067065e-01,        3.57582463e-01],       [1.43824585e+01, 6.51900050e-01, 1.00000000e-02, 2.57153603e+01,        3.62957493e+01, 9.39231365e-01, 9.11506515e-01, 1.00000000e+00,        1.00000000e+00],       [1.53836815e+01, 6.24595463e-01, 1.00000000e-02, 2.66079553e+01,        3.57211177e+01, 9.12629712e-01, 8.42478774e-01, 9.50193858e-01,        9.31277256e-01],       [1.42416366e+01, 6.34947927e-01, 1.00000000e-02, 2.60800392e+01,        3.61782402e+01, 9.63064242e-01, 9.12151284e-01, 9.91717913e-01,        1.00000000e+00],       [4.07558908e+01, 5.12087953e-02, 1.85470304e-01, 1.18019669e+01,        2.27155778e+01, 8.49630230e-01, 1.54457527e-01, 7.84229479e-01,        7.13733088e-01],       [1.46483060e+01, 6.55716422e-01, 1.00000000e-02, 2.55622605e+01,        3.62451989e+01, 9.54275176e-01, 9.11818617e-01, 1.00000000e+00,        1.00000000e+00],       [1.65370113e+01, 6.67583012e-01, 1.00000000e-02, 2.50521182e+01,        3.83702712e+01, 1.00000000e+00, 9.49120350e-01, 1.00000000e+00,        9.74887416e-01],       [1.46903537e+01, 6.44269877e-01, 1.00000000e-02, 2.57442558e+01,        3.61671348e+01, 9.36486053e-01, 9.01462395e-01, 1.00000000e+00,        9.95747758e-01],       [1.69813366e+01, 1.65272528e-01, 4.45540916e-01, 2.59551431e+01,        4.61691686e+01, 4.71661368e-01, 1.57354576e-01, 7.40732483e-01,        1.84007574e-01],       [1.00000000e+01, 8.15886406e-01, 1.00000000e-02, 2.50953214e+01,        3.23725517e+01, 9.90580937e-01, 9.05495737e-01, 1.00000000e+00,        9.54723882e-01],       [1.04687991e+01, 7.82914237e-01, 2.35767840e-02, 2.44189045e+01,        3.26230577e+01, 9.88623615e-01, 8.67697859e-01, 1.00000000e+00,        9.73340432e-01],       [2.22380299e+01, 4.82112579e-01, 1.46296505e-01, 2.92184858e+01,        3.38229743e+01, 9.03437182e-01, 7.77095876e-01, 5.00487780e-01,        7.92800930e-01],       [1.66168512e+01, 8.65001641e-01, 9.90575827e-01, 4.16346178e+01,        2.90131079e+01, 6.79521750e-01, 7.65172058e-01, 2.47944904e-01,        2.67724439e-01],       [1.45293368e+01, 6.69560053e-01, 1.00000000e-02, 2.56577115e+01,        3.55415001e+01, 9.42157201e-01, 8.86301981e-01, 9.99545359e-01,        1.00000000e+00],       [1.21817803e+01, 7.97621087e-01, 7.51184608e-02, 2.61935122e+01,        3.31571710e+01, 9.34114157e-01, 9.86059485e-01, 1.00000000e+00,        1.00000000e+00],       [1.00000000e+01, 9.29605859e-01, 1.94645676e-01, 4.92536565e+01,        2.48074683e+01, 6.21173177e-01, 7.78786568e-01, 1.00000000e+00,        1.00000000e+00],       [1.26302140e+01, 4.59076197e-02, 4.76311371e-01, 1.53907390e+01,        1.51205517e+01, 7.51552592e-01, 3.90088805e-01, 8.23767782e-01,        3.68069388e-01],       [1.45702644e+01, 6.35383625e-01, 4.55895669e-02, 2.62474914e+01,        3.64269339e+01, 9.21296687e-01, 9.47465522e-01, 1.00000000e+00,        1.00000000e+00],       [2.71857339e+01, 6.96488693e-01, 1.00000000e-02, 5.00000000e+01,        3.18989033e+01, 1.00000000e+00, 7.72807699e-01, 8.84762672e-01,        1.00000000e+00],       [1.37989755e+01, 7.98561341e-01, 1.00000000e-02, 2.55622733e+01,        3.14637116e+01, 8.47348513e-01, 8.04743813e-01, 1.00000000e+00,        1.00000000e+00],       [4.69314930e+01, 3.78676989e-01, 5.33986420e-01, 3.83226370e+01,        2.00029086e+01, 6.50454563e-01, 9.28153703e-01, 6.98644157e-01,        2.21455007e-01],       [1.42409258e+01, 6.37677551e-01, 4.52388005e-02, 2.63531735e+01,        3.62111882e+01, 9.08008006e-01, 9.39717262e-01, 1.00000000e+00,        1.00000000e+00],       [1.45504355e+01, 6.38974702e-01, 1.00000000e-02, 2.58782637e+01,        3.63992190e+01, 9.17142407e-01, 9.49994636e-01, 1.00000000e+00,        1.00000000e+00],       [1.44614910e+01, 6.50758854e-01, 3.05737591e-02, 2.62637753e+01,        3.59329437e+01, 9.18218552e-01, 9.63718498e-01, 1.00000000e+00,        1.00000000e+00],       [2.22515543e+01, 2.06744803e-01, 5.43284659e-01, 4.40847320e+01,        4.45763803e+01, 3.25964740e-01, 7.31983156e-01, 3.24183778e-01,        3.16342779e-01],       [1.51131331e+01, 6.44390156e-01, 1.00000000e-02, 2.59019763e+01,        3.62203358e+01, 9.51020961e-01, 9.33837404e-01, 9.85944235e-01,        1.00000000e+00],       [1.51150407e+01, 6.47239990e-01, 3.03970211e-02, 2.58185843e+01,        3.58830365e+01, 9.48605997e-01, 9.18865478e-01, 1.00000000e+00,        1.00000000e+00],       [1.54109079e+01, 6.92867902e-01, 1.00000000e-02, 2.67979042e+01,        3.05233542e+01, 9.69283342e-01, 6.42385364e-01, 1.00000000e+00,        9.57260120e-01],       [1.85417649e+01, 4.22513338e-01, 3.88548727e-01, 1.62387742e+01,        1.21557014e+01, 2.19387294e-02, 6.01500662e-01, 3.45339248e-01,        8.27434297e-01],       [1.37275109e+01, 6.85266909e-01, 1.65727852e-02, 2.46009067e+01,        3.27109200e+01, 1.00000000e+00, 6.41384157e-01, 9.73830287e-01,        1.00000000e+00],       [1.49379352e+01, 5.72162788e-01, 1.51901331e-02, 2.62849541e+01,        3.75547498e+01, 9.65583162e-01, 8.89319870e-01, 9.70837617e-01,        1.00000000e+00],       [1.20737592e+01, 8.46566835e-01, 4.96196932e-02, 2.49520930e+01,        3.22737167e+01, 9.28353110e-01, 8.43316429e-01, 1.00000000e+00,        1.00000000e+00],       [3.83210271e+01, 7.49020793e-01, 7.79755485e-01, 4.19115607e+01,        2.47436068e+01, 6.47484713e-01, 1.28904219e-01, 2.84161757e-02,        8.40612954e-01],       [1.62244858e+01, 8.75459354e-01, 1.04599801e-01, 2.50913221e+01,        3.17476950e+01, 8.22651525e-01, 1.00000000e+00, 9.49692957e-01,        8.23044103e-01],       [1.35061045e+01, 7.60822831e-01, 1.00000000e-02, 2.64099970e+01,        3.16390327e+01, 8.94749640e-01, 7.27651111e-01, 9.51195932e-01,        9.63065455e-01],       [1.57109387e+01, 6.31021355e-01, 7.60106396e-02, 2.65765337e+01,        3.59326898e+01, 9.44568425e-01, 8.46221292e-01, 1.00000000e+00,        1.00000000e+00],       [4.29169942e+01, 4.38685156e-01, 2.21046172e-01, 3.61066895e+01,        2.34681657e+01, 4.51944181e-01, 6.79892657e-01, 9.26173585e-02,        8.30460603e-01],       [1.45080613e+01, 6.41893066e-01, 2.46490247e-02, 2.58521871e+01,        3.60293755e+01, 9.52072389e-01, 9.10303044e-01, 1.00000000e+00,        1.00000000e+00],       [2.60428708e+01, 7.50687877e-01, 1.00000000e-02, 2.61125326e+01,        4.31439337e+01, 2.44306900e-01, 1.00000000e+00, 1.00000000e+00,        1.00000000e+00],       [1.28855276e+01, 1.00000000e+00, 1.00000000e-02, 3.40543251e+01,        4.48345630e+01, 1.03067018e-01, 6.86150917e-01, 7.28080076e-01,        1.00000000e+00],       [1.70975764e+01, 4.05047885e-01, 9.21581028e-01, 2.48711824e+01,        3.30567202e+01, 2.26942177e-01, 6.21470423e-01, 2.69177123e-01,        6.60810564e-01],       [1.44115219e+01, 6.37139050e-01, 2.62007778e-02, 2.58092183e+01,        3.58227963e+01, 9.44649040e-01, 8.80913416e-01, 1.00000000e+00,        1.00000000e+00],       [2.53534479e+01, 6.00027971e-01, 1.00000000e-02, 2.71073751e+01,        2.98266209e+01, 9.79801165e-01, 6.12685452e-01, 1.00000000e+00,        1.00000000e+00],       [1.64308690e+01, 6.29801819e-01, 1.00000000e-02, 2.57476303e+01,        3.57341625e+01, 9.41394418e-01, 8.67820520e-01, 9.46380989e-01,        9.51056384e-01],       [3.06883756e+01, 9.63102127e-01, 4.77056448e-01, 2.52468304e+01,        4.57934967e+01, 2.73556768e-01, 7.54963709e-01, 4.23651773e-01,        2.87576761e-01],       [1.43384520e+01, 6.21293823e-01, 6.43358848e-02, 2.57409709e+01,        3.61642755e+01, 9.31109382e-01, 8.83710000e-01, 1.00000000e+00,        1.00000000e+00],       [1.50895387e+01, 6.15297386e-01, 5.36910395e-02, 2.57027953e+01,        3.60756005e+01, 9.05156927e-01, 8.71713499e-01, 9.82540915e-01,        1.00000000e+00],       [2.08573410e+01, 3.06703559e-01, 1.00000000e-02, 2.95747677e+01,        4.09289424e+01, 1.00000000e+00, 1.00000000e+00, 1.00000000e+00,        1.00000000e+00],       [4.36993035e+01, 1.99465525e-01, 2.15099879e-01, 4.69664677e+01,        4.54812270e+01, 5.11278476e-01, 9.81467310e-01, 3.42665771e-01,        4.64635674e-01],       [1.43758722e+01, 6.40617168e-01, 3.59653784e-02, 2.58543456e+01,        3.58574531e+01, 9.43349512e-01, 8.85920380e-01, 1.00000000e+00,        1.00000000e+00],       [1.53074697e+01, 6.13380104e-01, 3.16921851e-02, 2.56024015e+01,        3.53670078e+01, 9.17879377e-01, 8.51296611e-01, 9.93087472e-01,        1.00000000e+00],       [1.45185619e+01, 6.45365927e-01, 2.24290258e-02, 2.60386301e+01,        3.58453375e+01, 9.37773100e-01, 9.26995980e-01, 1.00000000e+00,        9.99853279e-01],       [1.57990639e+01, 8.97652109e-01, 5.85163577e-01, 3.17852426e+01,        4.46212161e+01, 5.09003143e-01, 7.37505824e-01, 7.51977541e-01,        4.74386628e-01],       [1.44997447e+01, 6.51230166e-01, 2.35095974e-02, 2.56133452e+01,        3.57046923e+01, 9.45969274e-01, 8.84367822e-01, 1.00000000e+00,        1.00000000e+00],       [1.45067313e+01, 6.48838788e-01, 2.00101799e-02, 2.58824381e+01,        3.58749814e+01, 9.48933539e-01, 8.61812425e-01, 1.00000000e+00,        1.00000000e+00],       [1.73541642e+01, 6.32894372e-01, 1.00000000e-02, 2.40673079e+01,        3.35484294e+01, 7.72978231e-01, 8.88331049e-01, 1.00000000e+00,        7.03757914e-01],       [4.73691967e+01, 8.14227806e-01, 7.97033056e-01, 1.13501289e+01,        4.52057148e+01, 5.03571602e-01, 5.52547642e-01, 3.28774601e-01,        8.17264983e-02],       [1.41403999e+01, 6.37756766e-01, 3.50308287e-02, 2.55375576e+01,        3.56822396e+01, 9.43775995e-01, 8.87460795e-01, 9.99932306e-01,        1.00000000e+00],       [1.46101461e+01, 6.27425374e-01, 3.00489780e-02, 2.58313050e+01,        3.58821739e+01, 9.46299090e-01, 8.72788673e-01, 9.92328129e-01,        1.00000000e+00],       [2.01767896e+01, 5.17821902e-01, 1.00000000e-02, 2.37588141e+01,        3.80918895e+01, 9.59942773e-01, 9.10982423e-01, 8.44256415e-01,        1.00000000e+00],       [4.74981679e+01, 1.04450232e-01, 4.56867187e-01, 4.16567424e+01,        3.32256129e+01, 1.64166628e-02, 5.86851419e-01, 9.26154128e-01,        5.94701080e-01],       [1.42722851e+01, 6.37153036e-01, 6.03907958e-02, 2.58755226e+01,        3.56480631e+01, 9.33175726e-01, 8.81391957e-01, 1.00000000e+00,        1.00000000e+00],       [1.42743108e+01, 6.38414909e-01, 3.12631666e-02, 2.56438996e+01,        3.56432138e+01, 9.38469934e-01, 8.84745309e-01, 1.00000000e+00,        1.00000000e+00],       [1.62314326e+01, 6.53046835e-01, 1.00000000e-02, 2.58021340e+01,        3.60619877e+01, 9.15623952e-01, 8.98347895e-01, 1.00000000e+00,        9.78793595e-01],       [3.92470565e+01, 8.71498294e-01, 4.81603663e-01, 4.36514284e+01,        3.03924207e+01, 1.65377251e-01, 4.06839443e-01, 2.46753609e-01,        1.62816874e-01],       [1.41005493e+01, 6.43509960e-01, 4.32082690e-02, 2.57183171e+01,        3.57723047e+01, 9.37710715e-01, 8.88177169e-01, 1.00000000e+00,        1.00000000e+00],       [1.41008312e+01, 6.37122060e-01, 4.03590033e-02, 2.54432339e+01,        3.55566636e+01, 9.45145190e-01, 8.81542631e-01, 1.00000000e+00,        1.00000000e+00],       [1.81681425e+01, 6.18070471e-01, 1.00000000e-02, 2.63206435e+01,        3.64074077e+01, 8.85269893e-01, 8.03118392e-01, 1.00000000e+00,        9.33685785e-01],       [2.57340904e+01, 1.32102802e-01, 8.71133532e-01, 1.62474424e+01,        3.55660134e+01, 6.66428131e-01, 9.22400401e-01, 5.82927551e-01,        3.29836809e-01],       [1.46251573e+01, 6.38611783e-01, 1.00000000e-02, 2.47028285e+01,        3.59250656e+01, 9.51771885e-01, 8.35211155e-01, 9.68538219e-01,        1.00000000e+00],       [1.43368630e+01, 6.38282175e-01, 3.96695005e-02, 2.57444891e+01,        3.57178495e+01, 9.46287636e-01, 8.85240315e-01, 1.00000000e+00,        1.00000000e+00],       [1.46574735e+01, 6.45975578e-01, 1.00000000e-02, 2.57524388e+01,        3.59780716e+01, 9.60062908e-01, 9.16367751e-01, 9.95732460e-01,        1.00000000e+00],       [4.09722425e+01, 8.18569028e-01, 5.16159649e-01, 4.02975997e+01,        2.54806447e+01, 5.27743990e-01, 2.22454839e-01, 8.38849184e-01,        8.02611358e-01],       [1.43664027e+01, 6.34628341e-01, 2.38351282e-02, 2.56791895e+01,        3.58807342e+01, 9.45649642e-01, 8.72375516e-01, 1.00000000e+00,        1.00000000e+00],       [1.40926670e+01, 6.48149199e-01, 4.28931169e-02, 2.58199719e+01,        3.57002188e+01, 9.46105260e-01, 9.02985866e-01, 1.00000000e+00,        1.00000000e+00],       [1.72449513e+01, 8.10142351e-01, 1.06641367e-01, 2.88486039e+01,        2.99439540e+01, 7.85939902e-01, 8.94616899e-01, 1.00000000e+00,        7.63038715e-01],       [2.82770390e+01, 2.77898723e-01, 8.65726408e-01, 1.63979578e+01,        4.44096989e+01, 7.15378066e-01, 3.48345833e-01, 2.78740171e-01,        8.77723134e-01],       [1.43330668e+01, 6.37975688e-01, 2.87590039e-02, 2.56843381e+01,        3.60472570e+01, 9.41429168e-01, 8.75260924e-01, 1.00000000e+00,        1.00000000e+00],       [1.45954610e+01, 6.49103371e-01, 4.51500342e-02, 2.59102701e+01,        3.59278690e+01, 9.40284706e-01, 9.16005902e-01, 9.89637716e-01,        1.00000000e+00],       [1.47900749e+01, 6.46302482e-01, 1.25499240e-02, 2.62640955e+01,        3.58071022e+01, 9.34750658e-01, 9.09006934e-01, 9.99584514e-01,        9.99422504e-01],       [4.72397099e+01, 8.33141654e-02, 7.11170985e-01, 3.51275522e+01,        4.54057987e+01, 7.94377315e-01, 3.00119879e-01, 7.93199709e-01,        4.94846617e-02],       [1.44402060e+01, 6.31789004e-01, 1.47246970e-02, 2.57983431e+01,        3.59466922e+01, 9.46674944e-01, 8.80826993e-01, 9.96839630e-01,        1.00000000e+00],       [1.52773901e+01, 8.38892367e-01, 1.00000000e-02, 3.15618592e+01,        5.00000000e+01, 6.85954293e-01, 7.54176075e-01, 1.00000000e+00,        1.00000000e+00],       [1.46908880e+01, 6.43537691e-01, 2.00372032e-02, 2.62233346e+01,        3.58425223e+01, 9.44246762e-01, 9.03513940e-01, 9.99991398e-01,        1.00000000e+00],       [1.30261019e+01, 2.92669772e-01, 4.57016150e-01, 3.47194309e+01,        2.94520309e+01, 1.64321753e-01, 1.03084502e-01, 3.14931384e-01,        8.12773397e-01],       [1.45980872e+01, 6.41384416e-01, 4.83939012e-02, 2.56236618e+01,        3.58054604e+01, 9.28477354e-01, 8.87011148e-01, 1.00000000e+00,        1.00000000e+00]])
all_costs=array([ -4.88780488,  -6.54901961,  -1.02769231,  -1.09269357,        -2.5112782 ,  -1.003003  ,  -1.10718232,  -1.12710911,        -1.43347639,  -1.01725888,  -1.22643819,  -1.97633136,        -1.23247232,  -1.14253136,  -1.01519757,  -1.003003  ,        -1.2447205 ,  -2.26185102,  -1.03619442,  -1.95321637,        -1.04483837,  -1.29624838,  -1.00703518,  -1.35588633,        -1.7186964 ,  -1.00501505,  -1.000999  ,  -1.14253136,        -1.12206047,  -1.17192982,  -1.11955307,  -1.01932859,        -1.7186964 ,  -1.58795563,  -1.05807814,  -1.4670571 ,        -1.15040184,  -1.08794788,  -1.36698499,  -1.07395498,        -1.04049844,  -1.76098418,  -1.02140673,  -1.2       ,        -1.06937033,  -1.000999  ,  -1.00501505,  -1.00501505,        -1.22643819,  -1.05807814,  -1.65619835,  -5.85964912,        -6.54901961,  -6.38216561,  -1.02349336,  -5.41621622,        -7.20863309,  -6.14723926,  -1.05807814,  -7.10638298,        -6.72483221,  -7.00699301,  -1.02558854,  -7.42222222,        -6.91034483,  -7.53383459,  -1.03619442,  -6.14723926,        -7.76744186,  -6.22360248,  -1.13734393,  -5.92899408,        -5.59776536,  -8.016     ,  -1.04483837,  -6.22360248,        -5.19170984,  -6.46451613,  -1.50676692,  -5.85964912,        -6.38216561,  -6.38216561,  -1.28297055,  -7.64885496,        -5.66101695,  -6.07272727,  -2.85470085,  -6.81632653,        -6.54901961,  -6.38216561,  -1.10718232,  -7.88976378,        -6.30188679,  -6.54901961,  -1.0110999 ,  -8.016     ,        -7.42222222,  -7.42222222,  -1.54391371,  -8.14634146,        -8.28099174,  -8.14634146,  -1.00501505,  -6.54901961,        -7.00699301,  -5.66101695,  -1.00501505,  -8.56410256,        -6.91034483,  -6.63576159,  -1.11457175,  -7.10638298,        -7.00699301,  -6.81632653,  -1.02558854,  -6.22360248,        -7.31386861,  -6.        ,  -1.06031746,  -7.10638298,        -6.72483221,  -7.88976378,  -3.16088328,  -2.22172949,        -6.81632653,  -8.14634146,  -1.8185118 ,  -6.72483221,        -6.46451613,  -7.10638298,  -1.00501505,  -6.30188679,        -6.14723926,  -6.72483221,  -2.46191646,  -6.81632653,        -7.42222222,  -8.86725664,  -1.00501505,  -7.31386861,        -5.79190751,  -8.14634146,  -6.91034483,  -6.14723926,        -6.22360248,  -7.10638298,  -1.00703518,  -7.53383459,        -7.76744186,  -6.14723926,  -1.57795276,  -6.22360248,        -7.20863309,  -7.00699301,  -1.04049844,  -6.63576159,        -8.42016807,  -7.53383459,  -1.16376307,  -7.10638298,        -5.85964912,  -5.92899408,  -1.00501505,  -6.63576159,        -4.98507463,  -5.72571429,  -1.14776632,  -9.54285714,        -7.10638298,  -7.20863309,  -6.63576159,  -6.46451613,        -6.72483221,  -6.81632653,  -1.003003  ,  -4.88780488,        -6.54901961,  -1.01725888,  -1.04921466,  -7.64885496,        -6.91034483,  -6.54901961,  -1.7426087 ,  -8.14634146,        -6.22360248,  -7.64885496,  -1.00501505,  -6.07272727,        -4.15767635,  -7.42222222,  -1.003003  ,  -7.88976378,        -6.46451613, -10.12121212,  -1.01725888,  -7.31386861,        -6.91034483,  -8.14634146,  -1.33422104,  -7.76744186,        -7.10638298,  -8.016     ,  -1.000999  ,  -7.53383459,        -5.03517588,  -7.76744186,  -1.00906344,  -7.10638298,        -7.20863309,  -6.54901961,  -1.00501505,  -7.00699301,        -6.22360248,  -8.71304348,  -1.003003  ,  -8.86725664,        -5.92899408,  -6.72483221,  -1.05807814,  -7.76744186,        -6.14723926,  -7.31386861,  -1.10718232,  -7.31386861,        -7.76744186,  -3.96047431,  -1.11705686,  -6.63576159,        -7.88976378,  -4.93596059,  -1.06482465,  -8.56410256,        -4.93596059,  -7.88976378,  -1.04921466,  -7.10638298,        -6.91034483,  -7.88976378,  -1.46277372,  -6.91034483,        -8.56410256,  -5.5359116 ,  -1.00703518,  -8.016     ,        -7.53383459,  -7.42222222,  -1.01314459,  -5.47540984,        -7.20863309,  -5.72571429,  -1.11457175,  -7.64885496,        -4.26382979,  -2.53670886,  -1.07857912,  -9.36448598,        -6.22360248,  -7.31386861,  -1.1942789 ,  -7.53383459,        -8.56410256,  -5.66101695,  -1.96086106,  -9.72815534,        -6.72483221,  -6.22360248,  -2.17353579,  -7.76744186,        -7.42222222,  -5.41621622,  -1.003003  ,  -9.54285714,        -8.016     ,  -5.5359116 ,  -1.003003  ,  -8.28099174,        -7.76744186,  -7.10638298,  -1.01519757,  -8.56410256,        -8.14634146,  -6.81632653,  -1.09269357,  -7.00699301,        -8.86725664,  -6.63576159,  -1.21160822,  -9.19266055,        -7.20863309,  -5.85964912,  -1.03405573,  -6.        ,        -7.53383459,  -7.42222222,  -1.02349336,  -6.22360248,        -5.35828877,  -7.64885496,  -1.07626208,  -7.42222222])
all_uncers=array([1.e-08, 1.e-08, 1.e-08, 1.e-08, 1.e-08, 1.e-08, 1.e-08, 1.e-08,       1.e-08, 1.e-08, 1.e-08, 1.e-08, 1.e-08, 1.e-08, 1.e-08, 1.e-08,       1.e-08, 1.e-08, 1.e-08, 1.e-08, 1.e-08, 1.e-08, 1.e-08, 1.e-08,       1.e-08, 1.e-08, 1.e-08, 1.e-08, 1.e-08, 1.e-08, 1.e-08, 1.e-08,       1.e-08, 1.e-08, 1.e-08, 1.e-08, 1.e-08, 1.e-08, 1.e-08, 1.e-08,       1.e-08, 1.e-08, 1.e-08, 1.e-08, 1.e-08, 1.e-08, 1.e-08, 1.e-08,       1.e-08, 1.e-08, 1.e-08, 1.e-08, 1.e-08, 1.e-08, 1.e-08, 1.e-08,       1.e-08, 1.e-08, 1.e-08, 1.e-08, 1.e-08, 1.e-08, 1.e-08, 1.e-08,       1.e-08, 1.e-08, 1.e-08, 1.e-08, 1.e-08, 1.e-08, 1.e-08, 1.e-08,       1.e-08, 1.e-08, 1.e-08, 1.e-08, 1.e-08, 1.e-08, 1.e-08, 1.e-08,       1.e-08, 1.e-08, 1.e-08, 1.e-08, 1.e-08, 1.e-08, 1.e-08, 1.e-08,       1.e-08, 1.e-08, 1.e-08, 1.e-08, 1.e-08, 1.e-08, 1.e-08, 1.e-08,       1.e-08, 1.e-08, 1.e-08, 1.e-08, 1.e-08, 1.e-08, 1.e-08, 1.e-08,       1.e-08, 1.e-08, 1.e-08, 1.e-08, 1.e-08, 1.e-08, 1.e-08, 1.e-08,       1.e-08, 1.e-08, 1.e-08, 1.e-08, 1.e-08, 1.e-08, 1.e-08, 1.e-08,       1.e-08, 1.e-08, 1.e-08, 1.e-08, 1.e-08, 1.e-08, 1.e-08, 1.e-08,       1.e-08, 1.e-08, 1.e-08, 1.e-08, 1.e-08, 1.e-08, 1.e-08, 1.e-08,       1.e-08, 1.e-08, 1.e-08, 1.e-08, 1.e-08, 1.e-08, 1.e-08, 1.e-08,       1.e-08, 1.e-08, 1.e-08, 1.e-08, 1.e-08, 1.e-08, 1.e-08, 1.e-08,       1.e-08, 1.e-08, 1.e-08, 1.e-08, 1.e-08, 1.e-08, 1.e-08, 1.e-08,       1.e-08, 1.e-08, 1.e-08, 1.e-08, 1.e-08, 1.e-08, 1.e-08, 1.e-08,       1.e-08, 1.e-08, 1.e-08, 1.e-08, 1.e-08, 1.e-08, 1.e-08, 1.e-08,       1.e-08, 1.e-08, 1.e-08, 1.e-08, 1.e-08, 1.e-08, 1.e-08, 1.e-08,       1.e-08, 1.e-08, 1.e-08, 1.e-08, 1.e-08, 1.e-08, 1.e-08, 1.e-08,       1.e-08, 1.e-08, 1.e-08, 1.e-08, 1.e-08, 1.e-08, 1.e-08, 1.e-08,       1.e-08, 1.e-08, 1.e-08, 1.e-08, 1.e-08, 1.e-08, 1.e-08, 1.e-08,       1.e-08, 1.e-08, 1.e-08, 1.e-08, 1.e-08, 1.e-08, 1.e-08, 1.e-08,       1.e-08, 1.e-08, 1.e-08, 1.e-08, 1.e-08, 1.e-08, 1.e-08, 1.e-08,       1.e-08, 1.e-08, 1.e-08, 1.e-08, 1.e-08, 1.e-08, 1.e-08, 1.e-08,       1.e-08, 1.e-08, 1.e-08, 1.e-08, 1.e-08, 1.e-08, 1.e-08, 1.e-08,       1.e-08, 1.e-08, 1.e-08, 1.e-08, 1.e-08, 1.e-08, 1.e-08, 1.e-08,       1.e-08, 1.e-08, 1.e-08, 1.e-08, 1.e-08, 1.e-08, 1.e-08, 1.e-08,       1.e-08, 1.e-08, 1.e-08, 1.e-08, 1.e-08, 1.e-08, 1.e-08, 1.e-08,       1.e-08, 1.e-08, 1.e-08, 1.e-08, 1.e-08, 1.e-08, 1.e-08, 1.e-08,       1.e-08, 1.e-08, 1.e-08, 1.e-08, 1.e-08, 1.e-08, 1.e-08, 1.e-08,       1.e-08, 1.e-08, 1.e-08, 1.e-08, 1.e-08, 1.e-08, 1.e-08, 1.e-08,       1.e-08, 1.e-08, 1.e-08, 1.e-08, 1.e-08, 1.e-08, 1.e-08, 1.e-08,       1.e-08, 1.e-08, 1.e-08, 1.e-08])
bad_run_indexs=[]
best_cost=-10.121212121212126
best_params=array([1.44244687e+01, 6.41178358e-01, 1.00000000e-02, 2.59909953e+01,       3.60512846e+01, 9.55460700e-01, 9.14072519e-01, 1.00000000e+00,       1.00000000e+00])
best_index=193
worst_cost=-1.000999000999001
worst_index=26
cost_range=9.120213120213126
costs_count=300
params_count=189
cost_scaler_init_index=51
net_0={'last_hyperfit': 0, 'last_net_reg': 1e-08, 'regularization_history': [1e-08], 'losses_list': [1.4149542, 0.054939117, 0.0030106788, 0.00035617882, 8.0401514e-05, 2.2489576e-05, 2.789737e-06, 8.6753465e-07, 5.9000723e-07, 8.8553895e-07, 1.6792551e-06, 8.179712e-07, 7.4556056e-07, 1.4953295e-06, 1.5762125e-06, 2.5771562e-06, 0.0004751619, 0.0029029942, 0.015089171, 0.007534623, 0.07494499, 0.0047609466, 0.00059030904, 1.8727354e-05, 4.527464e-06, 3.6455986e-06, 6.416381e-07, 5.439157e-07, 0.075269945, 0.02549292, 0.012654442, 0.0010507975, 0.0001512769, 0.00020645365, 3.330018e-05, 5.1879902e-05, 2.5476384e-06, 1.7134273e-05, 0.009302095, 0.006475883, 0.0006977577, 0.0037891192, 0.02411033, 0.014472611, 0.1868631, 0.035292003, 0.030136943, 0.02282207, 0.01920745, 0.023950666, 0.017096724, 0.011883794, 0.009658659, 0.008643195, 0.006446581, 0.005773873, 0.0042900047, 0.004505413, 0.007071385, 0.033313166, 0.1095013, 0.06989518, 0.06277506, 0.07886552, 0.095345065, 0.07213983, 0.08923781, 0.05278822, 0.046078842, 0.035827655, 0.023743637, 0.033216882, 0.026083998, 0.015463768, 0.003756745, 0.0112518305, 0.09851417, 0.036202848, 0.04572569, 0.027385622, 0.048216783, 0.08029818, 0.009776092, 0.0032129348, 0.023136884, 0.010426241, 0.0054318407, 0.0036164592, 0.0012118643, 0.0015282686, 0.049615182, 0.024741082, 0.019345267, 0.025617164, 0.013159396, 0.010631278, 0.022397391, 0.015110165, 0.008098965, 0.013259869, 0.0050270515, 0.005495004, 0.0036494762, 0.0024966414, 0.020385245, 0.05271028, 0.087570965, 0.0773101, 0.03147639, 0.048632193, 0.021175465, 0.03253195, 0.08242685, 0.016085628, 0.008003882, 0.01386156, 0.049775038, 0.01172118, 0.015933821, 0.0036102328, 0.005556758, 0.0025649206, 0.0032856762, 0.0033840353, 0.0010048636, 0.00022921633, 0.00043335854, 0.0011595106, 0.13380864, 0.0847649, 0.086717196, 0.02805381, 0.14953184, 0.074150875, 0.06952192, 0.06132033, 0.07027697, 0.06028873, 0.25478753, 0.053663917, 0.049411602, 0.03855264, 0.035235804, 0.037890423, 0.062027283, 0.10216569, 0.091444716, 0.04619456, 0.037564013, 0.0465429, 0.11008215, 0.09117385, 0.038827904, 0.027619282, 0.07238461, 0.021901539, 0.027952181, 0.030668331, 0.017645158, 0.038861025, 0.009136857, 0.0038098278, 0.08453243, 0.029513245, 0.005307093, 0.023040397, 0.17667502, 0.09668794, 0.066769496, 0.078047596, 0.0134078255, 0.114036426, 0.113549836, 0.033298083, 0.019564567, 0.030746479, 0.014843953, 0.0066710594, 0.005193382, 0.0041162493, 0.0031240538, 0.0053432966, 0.0719031, 0.050510313, 0.028845705, 0.008924186, 0.0041782274, 0.0034432593, 0.016755493, 0.034687176, 0.007073647, 0.0040043374, 0.036437683, 0.050210137, 0.28356782, 0.06125443, 0.036728233, 0.032924835, 0.048427057, 0.029662402, 0.016097402, 0.009744097, 0.14203507, 0.05168509, 0.027634969, 0.029687878, 0.1938144, 0.042053044, 0.019999506, 0.21126713, 0.0484249, 0.03495801, 0.056106664, 0.018115379, 0.023858752, 0.015952116, 0.014835534, 0.0064849374, 0.094111465, 0.009184809, 0.014715525, 0.041321725, 0.008755512, 0.0050383694, 0.0033644692, 0.004410124, 0.003575699, 0.004549537, 0.07992495, 0.052595906, 0.042316236, 0.053295694, 0.07232263, 0.105312236, 0.05036039, 0.05769927, 0.04452174, 0.06521283, 0.29059228, 0.16801979, 0.09844586, 0.078442745, 0.09155433, 0.08796864, 0.08460118, 0.0822009, 0.077827014, 0.11142238, 0.08961408, 0.11317234, 0.060316812, 0.06784401, 0.08519077, 0.06912919, 0.10211935, 0.076649986, 0.07232556, 0.10558179, 0.07647578, 0.07316598, 0.11242789, 0.15935919, 0.1341486, 0.14737457, 0.074799895, 0.075964265, 0.07682529, 0.072399616, 0.08590122, 0.068157084, 0.08221262, 0.08081956, 0.101747744, 0.16347532, 0.09154738, 0.10724189, 0.14653273, 0.09496834, 0.07319182, 0.07374155, 0.10436651, 0.07526364, 0.108659804, 0.07910894, 0.14577934, 0.10466683, 0.082008936, 0.06717051, 0.09721175, 0.13062058, 0.12075118, 0.141493, 0.09452289, 0.09507557, 0.10799748, 0.089700915, 0.08164197, 0.0863955, 0.13043058, 0.105520405, 0.106894635, 0.10324594, 0.13272567, 0.114787154, 0.112117834, 0.101943806, 0.13178651, 0.09682582, 0.21512152, 0.11990577, 0.12697166, 0.18046427], 'scaler_samples': (array([[2.80000000e+01, 3.00000000e-01, 6.00000000e-02, 3.20000000e+01,        3.20000000e+01, 1.00000000e+00, 1.00000000e+00, 1.00000000e+00,        1.00000000e+00],       [2.22265423e+01, 8.41835481e-01, 2.79214471e-02, 2.94379652e+01,        2.95163719e+01, 5.79112298e-01, 6.16990000e-01, 9.98242620e-01,        5.88330715e-01],       [3.09839415e+01, 6.46613415e-01, 4.01074806e-01, 3.12475858e+01,        3.87117575e+01, 6.55017352e-01, 6.22557729e-02, 9.24730551e-01,        7.13910990e-02],       [4.74815589e+01, 9.13518380e-01, 8.73368741e-01, 1.77619859e+01,        3.45843972e+01, 7.82002760e-01, 8.19459283e-01, 9.55168118e-01,        6.34155538e-01],       [1.03779647e+01, 7.19267270e-01, 3.99181507e-01, 1.46503670e+01,        4.39147324e+01, 8.15573263e-01, 9.21943015e-01, 7.74106482e-01,        9.43469898e-01],       [2.02143379e+01, 2.50448164e-01, 4.72754773e-01, 1.30314493e+01,        2.08332381e+01, 5.30199899e-02, 8.18843657e-01, 1.00441198e-01,        1.11911981e-01],       [2.97454490e+01, 4.06849138e-01, 3.70064024e-01, 3.54879998e+01,        4.27211485e+01, 2.17111025e-01, 1.94957506e-01, 8.34517125e-01,        7.34332866e-01],       [3.13636991e+01, 2.70147383e-01, 8.29388100e-01, 4.23057184e+01,        2.15993179e+01, 4.89887365e-01, 8.31101352e-01, 5.37617215e-01,        3.90276465e-01],       [1.27014178e+01, 9.96991498e-01, 2.61795015e-01, 3.58689226e+01,        3.88203985e+01, 6.72827045e-01, 5.44370747e-01, 5.14836762e-01,        5.94558088e-02],       [4.49107734e+01, 8.82829352e-02, 6.38376276e-01, 2.48463193e+01,        3.94475196e+01, 2.04855288e-01, 6.13989549e-01, 8.70507205e-01,        1.11488860e-01],       [2.55603408e+01, 2.25673828e-01, 1.10600407e-01, 1.31711056e+01,        1.42740803e+01, 5.23151867e-01, 6.45823663e-01, 3.07445846e-01,        6.22350082e-01],       [3.67201170e+01, 2.94715074e-01, 2.00851746e-01, 3.72043661e+01,        3.41029977e+01, 2.60583383e-01, 8.72682063e-01, 5.30972426e-01,        8.44648639e-01],       [2.11850448e+01, 1.57346606e-01, 8.28685024e-01, 3.62855162e+01,        4.27556679e+01, 9.81745365e-01, 9.72430605e-01, 2.60222598e-01,        4.27698839e-01],       [2.26933133e+01, 4.63543244e-01, 3.15057106e-01, 4.22867135e+01,        1.99008293e+01, 5.97759353e-01, 4.93312748e-01, 9.93802158e-01,        6.38846324e-02],       [4.59508594e+01, 4.06162440e-01, 5.90517258e-01, 4.60687259e+01,        3.32754724e+01, 3.14105794e-01, 7.83170880e-01, 8.08511782e-02,        2.79853878e-01],       [2.68017617e+01, 3.46342270e-01, 9.53316249e-01, 1.18281656e+01,        4.81082122e+01, 2.93432871e-01, 5.58363164e-02, 7.83426183e-01,        7.37139578e-01],       [3.10602724e+01, 3.21087608e-01, 9.19128502e-01, 2.49910305e+01,        3.98299352e+01, 9.60792571e-01, 7.26375646e-01, 3.08727280e-01,        8.30284539e-01],       [2.75407465e+01, 8.93942185e-01, 1.26886397e-01, 3.25301787e+01,        1.98894152e+01, 5.83177261e-01, 2.98663050e-01, 8.56855902e-01,        6.38071983e-01],       [3.53095281e+01, 4.16187006e-01, 2.86156878e-01, 3.60291075e+01,        1.17593583e+01, 1.12688539e-01, 5.79556848e-01, 7.84832607e-01,        2.66004922e-01],       [4.49087464e+01, 6.19296927e-01, 1.29600527e-01, 1.99142094e+01,        4.04115007e+01, 6.68543566e-01, 7.62106995e-01, 4.66177890e-01,        9.82348340e-01],       [3.39922308e+01, 8.99056206e-01, 4.05789193e-01, 1.20038908e+01,        3.25773194e+01, 5.66970819e-01, 6.20734164e-01, 5.11618796e-01,        3.99457713e-01],       [2.43004915e+01, 5.05920124e-01, 1.64491924e-01, 4.65243337e+01,        1.47761661e+01, 4.96028292e-01, 8.90927969e-01, 6.02316934e-01,        3.32286189e-01],       [3.96327680e+01, 7.95275628e-01, 8.18876987e-01, 4.67415638e+01,        2.17532500e+01, 7.32252795e-02, 4.71285822e-01, 2.40223646e-01,        9.79852800e-01],       [1.89575861e+01, 3.99838893e-01, 5.92207254e-01, 4.82966278e+01,        4.68810163e+01, 3.89560173e-01, 1.88503988e-01, 7.55159940e-01,        1.70040756e-01],       [3.77675434e+01, 3.11206656e-01, 5.10704300e-01, 4.74346649e+01,        3.94479072e+01, 2.83864109e-01, 9.68168742e-01, 9.18034524e-01,        9.78063003e-01],       [4.58682444e+01, 9.31450080e-01, 8.60509430e-01, 2.44342400e+01,        1.82449923e+01, 2.43412953e-01, 9.14224165e-01, 2.70300999e-01,        4.54905813e-01],       [4.24049554e+01, 9.29933454e-01, 9.01562263e-01, 1.00426415e+01,        3.55828824e+01, 1.84976766e-02, 7.54958053e-01, 5.59333380e-01,        9.13577148e-01],       [1.23049123e+01, 6.37153498e-01, 2.42061071e-02, 1.99926230e+01,        2.79660984e+01, 1.23059597e-01, 1.24509701e-01, 5.86635418e-01,        7.08476513e-01],       [2.80109702e+01, 1.72745458e-01, 7.64057707e-01, 3.80030712e+01,        3.17626914e+01, 7.02258395e-01, 1.31033693e-01, 9.02999547e-01,        6.84168403e-01],       [1.89475076e+01, 9.94582402e-01, 2.96701561e-02, 1.46785563e+01,        4.29270015e+01, 7.08761296e-01, 5.36611229e-02, 5.65812696e-01,        7.94236018e-01],       [3.50266372e+01, 3.68376547e-01, 1.90484790e-01, 4.73377975e+01,        4.11639801e+01, 6.15585138e-01, 8.25047065e-01, 7.24609811e-01,        2.45848939e-02],       [4.80500692e+01, 3.07988706e-01, 6.26947294e-01, 3.95646609e+01,        2.85246413e+01, 1.89590296e-01, 9.06302973e-01, 9.20614975e-01,        6.79524190e-02],       [2.42201320e+01, 6.97915639e-01, 1.28888428e-01, 3.80403220e+01,        1.70390283e+01, 1.80028305e-01, 9.23301367e-01, 5.82485532e-01,        4.95781495e-01],       [3.05905984e+01, 8.92637013e-01, 3.11524237e-01, 3.19954911e+01,        2.69045997e+01, 6.14337455e-01, 7.07841010e-01, 3.04223519e-01,        7.71879367e-01],       [2.65705212e+01, 8.12653053e-01, 6.53533891e-01, 2.81962691e+01,        2.32606388e+01, 2.05981236e-01, 9.10635792e-01, 7.79162683e-01,        1.99087133e-01],       [2.57062437e+01, 3.87543742e-01, 6.25283741e-01, 4.22271358e+01,        4.58378953e+01, 7.95275965e-01, 3.79224385e-01, 2.01316058e-01,        4.89432550e-01],       [2.13580253e+01, 2.97402254e-01, 5.23886093e-01, 3.02319325e+01,        4.04179965e+01, 8.00085971e-01, 1.06778416e-01, 8.92646483e-01,        3.64941074e-01],       [3.33790381e+01, 2.10343502e-01, 4.10514223e-01, 3.38783518e+01,        2.84207684e+01, 7.64032205e-01, 5.27464681e-01, 5.07264568e-01,        1.02744187e-01],       [1.64561762e+01, 2.39647162e-01, 7.30725813e-01, 2.38957428e+01,        4.32079075e+01, 9.48058941e-01, 3.90913706e-01, 5.60644211e-01,        2.96408532e-01],       [1.80079678e+01, 1.60986011e-01, 2.99779752e-01, 4.23564647e+01,        1.72793958e+01, 1.28199482e-01, 1.92048242e-01, 6.05744643e-01,        2.17581918e-01],       [2.59355835e+01, 2.98943052e-02, 2.94093583e-01, 2.66861958e+01,        3.36919962e+01, 2.07302422e-01, 2.06263286e-01, 7.12193202e-01,        2.60192973e-01],       [3.89946831e+01, 9.43376581e-01, 3.62731289e-02, 1.56445514e+01,        3.87852589e+01, 4.84815504e-01, 4.52256545e-01, 9.08479829e-01,        8.38723621e-01],       [3.46100390e+01, 3.55465330e-02, 7.18416788e-01, 1.71275662e+01,        4.75313236e+01, 9.10211705e-01, 6.95066075e-01, 5.22737403e-01,        4.30157317e-01],       [1.00794108e+01, 4.33167952e-01, 1.37317376e-01, 1.75822776e+01,        4.35449181e+01, 9.33827075e-01, 4.71305765e-02, 8.57180737e-01,        8.06336922e-01],       [2.26112115e+01, 1.46470473e-01, 5.63945616e-01, 3.79499042e+01,        3.13785839e+01, 2.68029340e-01, 4.39135018e-01, 9.36787173e-01,        6.13854908e-02],       [2.25387246e+01, 5.85816404e-01, 7.81820475e-01, 1.41011167e+01,        4.01225927e+01, 9.36592886e-02, 9.63586088e-02, 1.34861635e-01,        1.42121811e-01],       [4.59187123e+01, 5.63829474e-01, 6.88992776e-01, 1.26865161e+01,        4.93141878e+01, 2.94175284e-01, 8.23208862e-01, 3.69095008e-01,        2.02428652e-01],       [3.16373757e+01, 9.12903573e-01, 9.86678511e-01, 2.38647790e+01,        2.02379112e+01, 1.32457775e-01, 5.47950998e-01, 5.20904886e-01,        1.35128511e-01],       [2.55862951e+01, 9.16688017e-01, 2.94029372e-01, 1.51587136e+01,        4.03016244e+01, 4.39562058e-01, 6.19269976e-01, 3.00866558e-01,        5.37461255e-01],       [3.81827435e+01, 7.13494550e-01, 5.25595594e-01, 3.78999654e+01,        3.64786723e+01, 4.18315259e-01, 4.20066779e-01, 1.39287055e-01,        3.80575810e-01],       [3.82759306e+01, 5.85090660e-01, 1.62201176e-01, 4.65674933e+01,        1.80777096e+01, 8.56271569e-01, 8.79357797e-02, 6.92299495e-01,        9.55906993e-01]]), array([-4.88780488, -6.54901961, -1.02769231, -1.09269357, -2.5112782 ,       -1.003003  , -1.10718232, -1.12710911, -1.43347639, -1.01725888,       -1.22643819, -1.97633136, -1.23247232, -1.14253136, -1.01519757,       -1.003003  , -1.2447205 , -2.26185102, -1.03619442, -1.95321637,       -1.04483837, -1.29624838, -1.00703518, -1.35588633, -1.7186964 ,       -1.00501505, -1.000999  , -1.14253136, -1.12206047, -1.17192982,       -1.11955307, -1.01932859, -1.7186964 , -1.58795563, -1.05807814,       -1.4670571 , -1.15040184, -1.08794788, -1.36698499, -1.07395498,       -1.04049844, -1.76098418, -1.02140673, -1.2       , -1.06937033,       -1.000999  , -1.00501505, -1.00501505, -1.22643819, -1.05807814,       -1.65619835])), 'net': {'saver_path': './M-LOOP_archives/neural_net_archive_2022-10-15_14-32_osOzRUo1.ckpt'}}
net_1={'last_hyperfit': 0, 'last_net_reg': 1e-08, 'regularization_history': [1e-08], 'losses_list': [2.2248585, 0.38724667, 0.055562317, 0.001967935, 0.00022316308, 4.6968747e-05, 5.569794e-06, 1.4601368e-06, 6.1419513e-07, 5.420625e-07, 5.3237187e-07, 5.3133306e-07, 5.3152655e-07, 5.312419e-07, 5.312167e-07, 5.3113746e-07, 5.3113394e-07, 5.311304e-07, 5.3113035e-07, 5.3113035e-07, 0.020011488, 0.0077913706, 0.004426893, 0.00032923723, 3.2774366e-05, 1.22394285e-05, 1.256755e-06, 5.754308e-07, 5.3417267e-07, 5.3326374e-07, 0.02285591, 0.008372399, 0.0057085454, 0.00020715891, 1.923815e-05, 1.2292762e-05, 2.3390749e-06, 7.244379e-07, 5.7700447e-07, 5.452208e-07, 0.0080868825, 0.0003948331, 0.005471633, 0.016277496, 0.009936348, 0.07378391, 0.048446536, 0.03536815, 0.018086117, 0.0128651, 0.01169277, 0.017516663, 0.11928728, 0.075118296, 0.06688127, 0.05084921, 0.10102025, 0.0732617, 0.058403026, 0.0553347, 0.04234443, 0.05307257, 0.05886478, 0.10262459, 0.14331906, 0.09792072, 0.096746504, 0.08076739, 0.08333619, 0.07998156, 0.06096148, 0.058210623, 0.09606891, 0.05835904, 0.05005429, 0.04071632, 0.07693716, 0.069281325, 0.037650917, 0.1043761, 0.07282837, 0.06564287, 0.099660434, 0.071595535, 0.14652391, 0.083297834, 0.07637466, 0.065393105, 0.05973055, 0.06159458, 0.08902325, 0.061608758, 0.11540615, 0.09223494, 0.11828916, 0.098043784, 0.09140111, 0.08639153, 0.04702706, 0.050102945, 0.09547849, 0.05731972, 0.05247851, 0.042178307, 0.2145974, 0.32262474, 0.14501478, 0.09098258, 0.07460629, 0.08067293, 0.058566812, 0.044132233, 0.07753459, 0.073445976, 0.12956418, 0.045504306, 0.04164222, 0.096845485, 0.023870789, 0.032110367, 0.14954129, 0.2543639, 0.088069335, 0.11948424, 0.0842667, 0.053185143, 0.041359637, 0.04121418, 0.0953029, 0.058637768, 0.047668137, 0.049035273, 0.032463267, 0.02733055, 0.09551635, 0.055542223, 0.052078087, 0.034124643, 0.13476759, 0.050992973, 0.032594763, 0.07249641, 0.021362033, 0.01988454, 0.027358757, 0.11136378, 0.068134524, 0.02582708, 0.019277528, 0.00961487, 0.26713443, 0.068991825, 0.03000241, 0.064713255, 0.029170197, 0.06925851, 0.041950986, 0.023450328, 0.08124734, 0.070092306, 0.19986872, 0.053922918, 0.038078208, 0.053694937, 0.08385998, 0.11399408, 0.05584252, 0.05334461, 0.16037641, 0.057827845, 0.1043014, 0.049349494, 0.048241757, 0.08402614, 0.08439047, 0.05738634, 0.049706716, 0.19640803, 0.16356397, 0.08139466, 0.07239976, 0.059990726, 0.06482055, 0.051853776, 0.09195772, 0.06917689, 0.115065336, 0.07753203, 0.08653251, 0.07291393, 0.26303014, 0.072899036, 0.05114776, 0.08448791, 0.18202575, 0.06989254, 0.06374322, 0.056215364, 0.11965409, 0.087053195, 0.12113213, 0.09719655, 0.07491527, 0.0783881, 0.08167097, 0.07709277, 0.15567993, 0.15773445, 0.100957386, 0.12297851, 0.15274128, 0.094025224, 0.071262814, 0.08179745, 0.11974056, 0.074624345, 0.07179614, 0.07743127, 0.11614377, 0.08866414, 0.122224055, 0.105778955, 0.13392213, 0.118540056, 0.10136034, 0.08177785, 0.10955308, 0.07526414, 0.07495553, 0.07000545, 0.120628715, 0.15152462, 0.12120899, 0.08932783, 0.07530427, 0.07785549, 0.124441884, 0.10007353, 0.12769428, 0.10979611, 0.10306592, 0.22428599, 0.10449814, 0.116164096, 0.118358664, 0.09166053, 0.12345893, 0.09215123, 0.14272839, 0.17170618, 0.15507902, 0.11789099, 0.13700624, 0.113874, 0.14043796, 0.14952327, 0.14607856, 0.14111345], 'scaler_samples': (array([[2.80000000e+01, 3.00000000e-01, 6.00000000e-02, 3.20000000e+01,        3.20000000e+01, 1.00000000e+00, 1.00000000e+00, 1.00000000e+00,        1.00000000e+00],       [2.22265423e+01, 8.41835481e-01, 2.79214471e-02, 2.94379652e+01,        2.95163719e+01, 5.79112298e-01, 6.16990000e-01, 9.98242620e-01,        5.88330715e-01],       [3.09839415e+01, 6.46613415e-01, 4.01074806e-01, 3.12475858e+01,        3.87117575e+01, 6.55017352e-01, 6.22557729e-02, 9.24730551e-01,        7.13910990e-02],       [4.74815589e+01, 9.13518380e-01, 8.73368741e-01, 1.77619859e+01,        3.45843972e+01, 7.82002760e-01, 8.19459283e-01, 9.55168118e-01,        6.34155538e-01],       [1.03779647e+01, 7.19267270e-01, 3.99181507e-01, 1.46503670e+01,        4.39147324e+01, 8.15573263e-01, 9.21943015e-01, 7.74106482e-01,        9.43469898e-01],       [2.02143379e+01, 2.50448164e-01, 4.72754773e-01, 1.30314493e+01,        2.08332381e+01, 5.30199899e-02, 8.18843657e-01, 1.00441198e-01,        1.11911981e-01],       [2.97454490e+01, 4.06849138e-01, 3.70064024e-01, 3.54879998e+01,        4.27211485e+01, 2.17111025e-01, 1.94957506e-01, 8.34517125e-01,        7.34332866e-01],       [3.13636991e+01, 2.70147383e-01, 8.29388100e-01, 4.23057184e+01,        2.15993179e+01, 4.89887365e-01, 8.31101352e-01, 5.37617215e-01,        3.90276465e-01],       [1.27014178e+01, 9.96991498e-01, 2.61795015e-01, 3.58689226e+01,        3.88203985e+01, 6.72827045e-01, 5.44370747e-01, 5.14836762e-01,        5.94558088e-02],       [4.49107734e+01, 8.82829352e-02, 6.38376276e-01, 2.48463193e+01,        3.94475196e+01, 2.04855288e-01, 6.13989549e-01, 8.70507205e-01,        1.11488860e-01],       [2.55603408e+01, 2.25673828e-01, 1.10600407e-01, 1.31711056e+01,        1.42740803e+01, 5.23151867e-01, 6.45823663e-01, 3.07445846e-01,        6.22350082e-01],       [3.67201170e+01, 2.94715074e-01, 2.00851746e-01, 3.72043661e+01,        3.41029977e+01, 2.60583383e-01, 8.72682063e-01, 5.30972426e-01,        8.44648639e-01],       [2.11850448e+01, 1.57346606e-01, 8.28685024e-01, 3.62855162e+01,        4.27556679e+01, 9.81745365e-01, 9.72430605e-01, 2.60222598e-01,        4.27698839e-01],       [2.26933133e+01, 4.63543244e-01, 3.15057106e-01, 4.22867135e+01,        1.99008293e+01, 5.97759353e-01, 4.93312748e-01, 9.93802158e-01,        6.38846324e-02],       [4.59508594e+01, 4.06162440e-01, 5.90517258e-01, 4.60687259e+01,        3.32754724e+01, 3.14105794e-01, 7.83170880e-01, 8.08511782e-02,        2.79853878e-01],       [2.68017617e+01, 3.46342270e-01, 9.53316249e-01, 1.18281656e+01,        4.81082122e+01, 2.93432871e-01, 5.58363164e-02, 7.83426183e-01,        7.37139578e-01],       [3.10602724e+01, 3.21087608e-01, 9.19128502e-01, 2.49910305e+01,        3.98299352e+01, 9.60792571e-01, 7.26375646e-01, 3.08727280e-01,        8.30284539e-01],       [2.75407465e+01, 8.93942185e-01, 1.26886397e-01, 3.25301787e+01,        1.98894152e+01, 5.83177261e-01, 2.98663050e-01, 8.56855902e-01,        6.38071983e-01],       [3.53095281e+01, 4.16187006e-01, 2.86156878e-01, 3.60291075e+01,        1.17593583e+01, 1.12688539e-01, 5.79556848e-01, 7.84832607e-01,        2.66004922e-01],       [4.49087464e+01, 6.19296927e-01, 1.29600527e-01, 1.99142094e+01,        4.04115007e+01, 6.68543566e-01, 7.62106995e-01, 4.66177890e-01,        9.82348340e-01],       [3.39922308e+01, 8.99056206e-01, 4.05789193e-01, 1.20038908e+01,        3.25773194e+01, 5.66970819e-01, 6.20734164e-01, 5.11618796e-01,        3.99457713e-01],       [2.43004915e+01, 5.05920124e-01, 1.64491924e-01, 4.65243337e+01,        1.47761661e+01, 4.96028292e-01, 8.90927969e-01, 6.02316934e-01,        3.32286189e-01],       [3.96327680e+01, 7.95275628e-01, 8.18876987e-01, 4.67415638e+01,        2.17532500e+01, 7.32252795e-02, 4.71285822e-01, 2.40223646e-01,        9.79852800e-01],       [1.89575861e+01, 3.99838893e-01, 5.92207254e-01, 4.82966278e+01,        4.68810163e+01, 3.89560173e-01, 1.88503988e-01, 7.55159940e-01,        1.70040756e-01],       [3.77675434e+01, 3.11206656e-01, 5.10704300e-01, 4.74346649e+01,        3.94479072e+01, 2.83864109e-01, 9.68168742e-01, 9.18034524e-01,        9.78063003e-01],       [4.58682444e+01, 9.31450080e-01, 8.60509430e-01, 2.44342400e+01,        1.82449923e+01, 2.43412953e-01, 9.14224165e-01, 2.70300999e-01,        4.54905813e-01],       [4.24049554e+01, 9.29933454e-01, 9.01562263e-01, 1.00426415e+01,        3.55828824e+01, 1.84976766e-02, 7.54958053e-01, 5.59333380e-01,        9.13577148e-01],       [1.23049123e+01, 6.37153498e-01, 2.42061071e-02, 1.99926230e+01,        2.79660984e+01, 1.23059597e-01, 1.24509701e-01, 5.86635418e-01,        7.08476513e-01],       [2.80109702e+01, 1.72745458e-01, 7.64057707e-01, 3.80030712e+01,        3.17626914e+01, 7.02258395e-01, 1.31033693e-01, 9.02999547e-01,        6.84168403e-01],       [1.89475076e+01, 9.94582402e-01, 2.96701561e-02, 1.46785563e+01,        4.29270015e+01, 7.08761296e-01, 5.36611229e-02, 5.65812696e-01,        7.94236018e-01],       [3.50266372e+01, 3.68376547e-01, 1.90484790e-01, 4.73377975e+01,        4.11639801e+01, 6.15585138e-01, 8.25047065e-01, 7.24609811e-01,        2.45848939e-02],       [4.80500692e+01, 3.07988706e-01, 6.26947294e-01, 3.95646609e+01,        2.85246413e+01, 1.89590296e-01, 9.06302973e-01, 9.20614975e-01,        6.79524190e-02],       [2.42201320e+01, 6.97915639e-01, 1.28888428e-01, 3.80403220e+01,        1.70390283e+01, 1.80028305e-01, 9.23301367e-01, 5.82485532e-01,        4.95781495e-01],       [3.05905984e+01, 8.92637013e-01, 3.11524237e-01, 3.19954911e+01,        2.69045997e+01, 6.14337455e-01, 7.07841010e-01, 3.04223519e-01,        7.71879367e-01],       [2.65705212e+01, 8.12653053e-01, 6.53533891e-01, 2.81962691e+01,        2.32606388e+01, 2.05981236e-01, 9.10635792e-01, 7.79162683e-01,        1.99087133e-01],       [2.57062437e+01, 3.87543742e-01, 6.25283741e-01, 4.22271358e+01,        4.58378953e+01, 7.95275965e-01, 3.79224385e-01, 2.01316058e-01,        4.89432550e-01],       [2.13580253e+01, 2.97402254e-01, 5.23886093e-01, 3.02319325e+01,        4.04179965e+01, 8.00085971e-01, 1.06778416e-01, 8.92646483e-01,        3.64941074e-01],       [3.33790381e+01, 2.10343502e-01, 4.10514223e-01, 3.38783518e+01,        2.84207684e+01, 7.64032205e-01, 5.27464681e-01, 5.07264568e-01,        1.02744187e-01],       [1.64561762e+01, 2.39647162e-01, 7.30725813e-01, 2.38957428e+01,        4.32079075e+01, 9.48058941e-01, 3.90913706e-01, 5.60644211e-01,        2.96408532e-01],       [1.80079678e+01, 1.60986011e-01, 2.99779752e-01, 4.23564647e+01,        1.72793958e+01, 1.28199482e-01, 1.92048242e-01, 6.05744643e-01,        2.17581918e-01],       [2.59355835e+01, 2.98943052e-02, 2.94093583e-01, 2.66861958e+01,        3.36919962e+01, 2.07302422e-01, 2.06263286e-01, 7.12193202e-01,        2.60192973e-01],       [3.89946831e+01, 9.43376581e-01, 3.62731289e-02, 1.56445514e+01,        3.87852589e+01, 4.84815504e-01, 4.52256545e-01, 9.08479829e-01,        8.38723621e-01],       [3.46100390e+01, 3.55465330e-02, 7.18416788e-01, 1.71275662e+01,        4.75313236e+01, 9.10211705e-01, 6.95066075e-01, 5.22737403e-01,        4.30157317e-01],       [1.00794108e+01, 4.33167952e-01, 1.37317376e-01, 1.75822776e+01,        4.35449181e+01, 9.33827075e-01, 4.71305765e-02, 8.57180737e-01,        8.06336922e-01],       [2.26112115e+01, 1.46470473e-01, 5.63945616e-01, 3.79499042e+01,        3.13785839e+01, 2.68029340e-01, 4.39135018e-01, 9.36787173e-01,        6.13854908e-02],       [2.25387246e+01, 5.85816404e-01, 7.81820475e-01, 1.41011167e+01,        4.01225927e+01, 9.36592886e-02, 9.63586088e-02, 1.34861635e-01,        1.42121811e-01],       [4.59187123e+01, 5.63829474e-01, 6.88992776e-01, 1.26865161e+01,        4.93141878e+01, 2.94175284e-01, 8.23208862e-01, 3.69095008e-01,        2.02428652e-01],       [3.16373757e+01, 9.12903573e-01, 9.86678511e-01, 2.38647790e+01,        2.02379112e+01, 1.32457775e-01, 5.47950998e-01, 5.20904886e-01,        1.35128511e-01],       [2.55862951e+01, 9.16688017e-01, 2.94029372e-01, 1.51587136e+01,        4.03016244e+01, 4.39562058e-01, 6.19269976e-01, 3.00866558e-01,        5.37461255e-01],       [3.81827435e+01, 7.13494550e-01, 5.25595594e-01, 3.78999654e+01,        3.64786723e+01, 4.18315259e-01, 4.20066779e-01, 1.39287055e-01,        3.80575810e-01],       [3.82759306e+01, 5.85090660e-01, 1.62201176e-01, 4.65674933e+01,        1.80777096e+01, 8.56271569e-01, 8.79357797e-02, 6.92299495e-01,        9.55906993e-01]]), array([-4.88780488, -6.54901961, -1.02769231, -1.09269357, -2.5112782 ,       -1.003003  , -1.10718232, -1.12710911, -1.43347639, -1.01725888,       -1.22643819, -1.97633136, -1.23247232, -1.14253136, -1.01519757,       -1.003003  , -1.2447205 , -2.26185102, -1.03619442, -1.95321637,       -1.04483837, -1.29624838, -1.00703518, -1.35588633, -1.7186964 ,       -1.00501505, -1.000999  , -1.14253136, -1.12206047, -1.17192982,       -1.11955307, -1.01932859, -1.7186964 , -1.58795563, -1.05807814,       -1.4670571 , -1.15040184, -1.08794788, -1.36698499, -1.07395498,       -1.04049844, -1.76098418, -1.02140673, -1.2       , -1.06937033,       -1.000999  , -1.00501505, -1.00501505, -1.22643819, -1.05807814,       -1.65619835])), 'net': {'saver_path': './M-LOOP_archives/neural_net_archive_2022-10-15_14-32_2ZP2nIxX.ckpt'}}
net_2={'last_hyperfit': 0, 'last_net_reg': 1e-08, 'regularization_history': [1e-08], 'losses_list': [0.8371982, 0.02856629, 0.0024835786, 0.00025544083, 2.8238346e-05, 3.0537194e-05, 1.123783e-05, 2.0947899e-05, 0.00049920374, 0.00069358153, 0.00083060923, 0.0018113048, 0.013108755, 0.012532707, 0.0019382802, 0.00075517374, 0.00033137138, 2.3713044e-05, 4.05235e-06, 9.448777e-06, 1.6930202e-05, 2.56133e-06, 1.6647311e-06, 9.609557e-07, 7.855547e-07, 7.676072e-07, 7.577148e-07, 1.706554e-06, 9.2541364e-07, 5.2398354e-06, 1.6076987e-05, 0.00036888337, 0.00135955, 0.020907912, 0.022157947, 0.0021261564, 0.0016284127, 0.0005611197, 6.470625e-05, 1.9951476e-05, 1.0439544e-06, 1.0737956e-06, 8.498379e-07, 1.0032127e-06, 7.8034196e-07, 5.703068e-07, 5.8619224e-07, 5.487383e-07, 5.4779747e-07, 5.4329973e-07, 5.438212e-07, 5.7082326e-07, 5.5602777e-07, 5.6224616e-07, 5.7378503e-07, 5.535237e-07, 9.495799e-07, 7.238651e-07, 9.778141e-07, 6.3148497e-07, 0.18021736, 0.19746459, 0.009442359, 0.003133275, 0.046044845, 0.0016134684, 0.00045736256, 0.0005231618, 0.012488074, 0.0077740382, 0.0009862973, 0.0004929163, 1.278833e-05, 6.8510226e-06, 1.1177822e-06, 7.4088564e-07, 5.9778125e-07, 5.6206505e-07, 0.003325848, 0.005301083, 0.06565529, 0.046105344, 0.041006554, 0.019636516, 0.015583964, 0.016510278, 0.12431154, 0.07916103, 0.07360354, 0.08249366, 0.06154304, 0.055778477, 0.12298623, 0.065839946, 0.048807777, 0.043056786, 0.033131406, 0.037069414, 0.027694143, 0.026249124, 0.07117279, 0.022131165, 0.15014535, 0.05650791, 0.03593952, 0.02379986, 0.0046441834, 0.010759879, 0.0028518874, 0.0032553691, 0.0039237477, 0.0006075866, 0.03983925, 0.025551, 0.017925166, 0.0404298, 0.010086706, 0.010927228, 0.07419807, 0.033208974, 0.026289951, 0.014814652, 0.012286762, 0.010258941, 0.013077821, 0.03383808, 0.010603943, 0.013600257, 0.0060063563, 0.021590305, 0.0031068532, 0.013331587, 0.0017362965, 0.0011069502, 0.021595849, 0.0036386864, 0.0014729729, 0.0009547434, 0.0026005332, 0.0015492163, 0.14607075, 0.047375504, 0.011161161, 0.007948526, 0.0018554429, 0.014963511, 0.037926234, 0.06539463, 0.004279583, 0.0004916575, 0.00017715456, 0.0001956504, 5.396293e-05, 8.6509244e-05, 2.5362337e-05, 8.742997e-06, 0.032709613, 0.03252217, 0.122537084, 0.08394337, 0.055555303, 0.05967759, 0.041396182, 0.03853039, 0.073728524, 0.023208223, 0.021703934, 0.029670598, 0.016553188, 0.017299082, 0.13132082, 0.09586382, 0.10472391, 0.04978744, 0.044910934, 0.031521186, 0.023673384, 0.014098681, 0.009315451, 0.009901753, 0.014795472, 0.022124263, 0.0042382856, 0.007542202, 0.019420054, 0.0134097645, 0.0112316385, 0.03927159, 0.0052407146, 0.0022205329, 0.0020824838, 0.0047521526, 0.12438588, 0.32181266, 0.1822582, 0.09067226, 0.06975126, 0.055877633, 0.10678854, 0.035500187, 0.022178495, 0.01723966, 0.094718315, 0.020402532, 0.0147112785, 0.026333164, 0.08311047, 0.08562764, 0.041819442, 0.020224722, 0.025618473, 0.025780035, 0.057964616, 0.054007966, 0.037930906, 0.030630004, 0.0310118, 0.019609453, 0.014536996, 0.0025247782, 0.007282458, 0.002829129, 0.049034253, 0.015657209, 0.007976776, 0.08036438, 0.12615234, 0.040282916, 0.022817183, 0.016099365, 0.16093364, 0.18541867, 0.20629326, 0.24796292, 0.14788434, 0.122464284, 0.1407301, 0.085301995, 0.06943557, 0.06648335, 0.243136, 0.084121354, 0.04025194, 0.033169772, 0.0451392, 0.059596147, 0.016687263, 0.010361241, 0.15698838, 0.050122183, 0.041916136, 0.047923855, 0.052238148, 0.124780074, 0.11449731, 0.0606638, 0.05510806, 0.04970548, 0.11753304, 0.07768367, 0.05440252, 0.059092917, 0.07011981, 0.0707823, 0.058943033, 0.06416537, 0.06383608, 0.10468617, 0.08246413, 0.05385984, 0.06623357, 0.054154325, 0.0387037, 0.044772707, 0.09345867, 0.089702904, 0.07516222, 0.063613534, 0.090418704, 0.07191488, 0.06993895, 0.06689365, 0.15050602, 0.10485584, 0.08715622, 0.0992956, 0.116468474, 0.066482894, 0.10235194, 0.09314588, 0.082487665, 0.06394861, 0.059319314, 0.06856919, 0.06748229, 0.07279472, 0.14950891, 0.18752992, 0.08245705, 0.14367804, 0.10635254, 0.12788826, 0.06579788, 0.07311387, 0.12866704, 0.10151039, 0.14880769, 0.0664909, 0.104932375, 0.05186588, 0.057027, 0.06154601, 0.08875156, 0.112505995, 0.17683253, 0.0818692, 0.06588525, 0.060196314, 0.2652077, 0.12326785, 0.14808176, 0.11071223, 0.10191898, 0.09995447, 0.08813685, 0.084005736, 0.122192465, 0.20113191, 0.29876038, 0.12030271, 0.120051704, 0.1315806, 0.07929739, 0.067748114, 0.11701908, 0.073335774, 0.06866943, 0.06864097, 0.07824613, 0.0687428, 0.1447225, 0.09611694, 0.07577976, 0.07661278, 0.1937371, 0.09864736, 0.07146528, 0.063734844, 0.10501991, 0.14431895], 'scaler_samples': (array([[2.80000000e+01, 3.00000000e-01, 6.00000000e-02, 3.20000000e+01,        3.20000000e+01, 1.00000000e+00, 1.00000000e+00, 1.00000000e+00,        1.00000000e+00],       [2.22265423e+01, 8.41835481e-01, 2.79214471e-02, 2.94379652e+01,        2.95163719e+01, 5.79112298e-01, 6.16990000e-01, 9.98242620e-01,        5.88330715e-01],       [3.09839415e+01, 6.46613415e-01, 4.01074806e-01, 3.12475858e+01,        3.87117575e+01, 6.55017352e-01, 6.22557729e-02, 9.24730551e-01,        7.13910990e-02],       [4.74815589e+01, 9.13518380e-01, 8.73368741e-01, 1.77619859e+01,        3.45843972e+01, 7.82002760e-01, 8.19459283e-01, 9.55168118e-01,        6.34155538e-01],       [1.03779647e+01, 7.19267270e-01, 3.99181507e-01, 1.46503670e+01,        4.39147324e+01, 8.15573263e-01, 9.21943015e-01, 7.74106482e-01,        9.43469898e-01],       [2.02143379e+01, 2.50448164e-01, 4.72754773e-01, 1.30314493e+01,        2.08332381e+01, 5.30199899e-02, 8.18843657e-01, 1.00441198e-01,        1.11911981e-01],       [2.97454490e+01, 4.06849138e-01, 3.70064024e-01, 3.54879998e+01,        4.27211485e+01, 2.17111025e-01, 1.94957506e-01, 8.34517125e-01,        7.34332866e-01],       [3.13636991e+01, 2.70147383e-01, 8.29388100e-01, 4.23057184e+01,        2.15993179e+01, 4.89887365e-01, 8.31101352e-01, 5.37617215e-01,        3.90276465e-01],       [1.27014178e+01, 9.96991498e-01, 2.61795015e-01, 3.58689226e+01,        3.88203985e+01, 6.72827045e-01, 5.44370747e-01, 5.14836762e-01,        5.94558088e-02],       [4.49107734e+01, 8.82829352e-02, 6.38376276e-01, 2.48463193e+01,        3.94475196e+01, 2.04855288e-01, 6.13989549e-01, 8.70507205e-01,        1.11488860e-01],       [2.55603408e+01, 2.25673828e-01, 1.10600407e-01, 1.31711056e+01,        1.42740803e+01, 5.23151867e-01, 6.45823663e-01, 3.07445846e-01,        6.22350082e-01],       [3.67201170e+01, 2.94715074e-01, 2.00851746e-01, 3.72043661e+01,        3.41029977e+01, 2.60583383e-01, 8.72682063e-01, 5.30972426e-01,        8.44648639e-01],       [2.11850448e+01, 1.57346606e-01, 8.28685024e-01, 3.62855162e+01,        4.27556679e+01, 9.81745365e-01, 9.72430605e-01, 2.60222598e-01,        4.27698839e-01],       [2.26933133e+01, 4.63543244e-01, 3.15057106e-01, 4.22867135e+01,        1.99008293e+01, 5.97759353e-01, 4.93312748e-01, 9.93802158e-01,        6.38846324e-02],       [4.59508594e+01, 4.06162440e-01, 5.90517258e-01, 4.60687259e+01,        3.32754724e+01, 3.14105794e-01, 7.83170880e-01, 8.08511782e-02,        2.79853878e-01],       [2.68017617e+01, 3.46342270e-01, 9.53316249e-01, 1.18281656e+01,        4.81082122e+01, 2.93432871e-01, 5.58363164e-02, 7.83426183e-01,        7.37139578e-01],       [3.10602724e+01, 3.21087608e-01, 9.19128502e-01, 2.49910305e+01,        3.98299352e+01, 9.60792571e-01, 7.26375646e-01, 3.08727280e-01,        8.30284539e-01],       [2.75407465e+01, 8.93942185e-01, 1.26886397e-01, 3.25301787e+01,        1.98894152e+01, 5.83177261e-01, 2.98663050e-01, 8.56855902e-01,        6.38071983e-01],       [3.53095281e+01, 4.16187006e-01, 2.86156878e-01, 3.60291075e+01,        1.17593583e+01, 1.12688539e-01, 5.79556848e-01, 7.84832607e-01,        2.66004922e-01],       [4.49087464e+01, 6.19296927e-01, 1.29600527e-01, 1.99142094e+01,        4.04115007e+01, 6.68543566e-01, 7.62106995e-01, 4.66177890e-01,        9.82348340e-01],       [3.39922308e+01, 8.99056206e-01, 4.05789193e-01, 1.20038908e+01,        3.25773194e+01, 5.66970819e-01, 6.20734164e-01, 5.11618796e-01,        3.99457713e-01],       [2.43004915e+01, 5.05920124e-01, 1.64491924e-01, 4.65243337e+01,        1.47761661e+01, 4.96028292e-01, 8.90927969e-01, 6.02316934e-01,        3.32286189e-01],       [3.96327680e+01, 7.95275628e-01, 8.18876987e-01, 4.67415638e+01,        2.17532500e+01, 7.32252795e-02, 4.71285822e-01, 2.40223646e-01,        9.79852800e-01],       [1.89575861e+01, 3.99838893e-01, 5.92207254e-01, 4.82966278e+01,        4.68810163e+01, 3.89560173e-01, 1.88503988e-01, 7.55159940e-01,        1.70040756e-01],       [3.77675434e+01, 3.11206656e-01, 5.10704300e-01, 4.74346649e+01,        3.94479072e+01, 2.83864109e-01, 9.68168742e-01, 9.18034524e-01,        9.78063003e-01],       [4.58682444e+01, 9.31450080e-01, 8.60509430e-01, 2.44342400e+01,        1.82449923e+01, 2.43412953e-01, 9.14224165e-01, 2.70300999e-01,        4.54905813e-01],       [4.24049554e+01, 9.29933454e-01, 9.01562263e-01, 1.00426415e+01,        3.55828824e+01, 1.84976766e-02, 7.54958053e-01, 5.59333380e-01,        9.13577148e-01],       [1.23049123e+01, 6.37153498e-01, 2.42061071e-02, 1.99926230e+01,        2.79660984e+01, 1.23059597e-01, 1.24509701e-01, 5.86635418e-01,        7.08476513e-01],       [2.80109702e+01, 1.72745458e-01, 7.64057707e-01, 3.80030712e+01,        3.17626914e+01, 7.02258395e-01, 1.31033693e-01, 9.02999547e-01,        6.84168403e-01],       [1.89475076e+01, 9.94582402e-01, 2.96701561e-02, 1.46785563e+01,        4.29270015e+01, 7.08761296e-01, 5.36611229e-02, 5.65812696e-01,        7.94236018e-01],       [3.50266372e+01, 3.68376547e-01, 1.90484790e-01, 4.73377975e+01,        4.11639801e+01, 6.15585138e-01, 8.25047065e-01, 7.24609811e-01,        2.45848939e-02],       [4.80500692e+01, 3.07988706e-01, 6.26947294e-01, 3.95646609e+01,        2.85246413e+01, 1.89590296e-01, 9.06302973e-01, 9.20614975e-01,        6.79524190e-02],       [2.42201320e+01, 6.97915639e-01, 1.28888428e-01, 3.80403220e+01,        1.70390283e+01, 1.80028305e-01, 9.23301367e-01, 5.82485532e-01,        4.95781495e-01],       [3.05905984e+01, 8.92637013e-01, 3.11524237e-01, 3.19954911e+01,        2.69045997e+01, 6.14337455e-01, 7.07841010e-01, 3.04223519e-01,        7.71879367e-01],       [2.65705212e+01, 8.12653053e-01, 6.53533891e-01, 2.81962691e+01,        2.32606388e+01, 2.05981236e-01, 9.10635792e-01, 7.79162683e-01,        1.99087133e-01],       [2.57062437e+01, 3.87543742e-01, 6.25283741e-01, 4.22271358e+01,        4.58378953e+01, 7.95275965e-01, 3.79224385e-01, 2.01316058e-01,        4.89432550e-01],       [2.13580253e+01, 2.97402254e-01, 5.23886093e-01, 3.02319325e+01,        4.04179965e+01, 8.00085971e-01, 1.06778416e-01, 8.92646483e-01,        3.64941074e-01],       [3.33790381e+01, 2.10343502e-01, 4.10514223e-01, 3.38783518e+01,        2.84207684e+01, 7.64032205e-01, 5.27464681e-01, 5.07264568e-01,        1.02744187e-01],       [1.64561762e+01, 2.39647162e-01, 7.30725813e-01, 2.38957428e+01,        4.32079075e+01, 9.48058941e-01, 3.90913706e-01, 5.60644211e-01,        2.96408532e-01],       [1.80079678e+01, 1.60986011e-01, 2.99779752e-01, 4.23564647e+01,        1.72793958e+01, 1.28199482e-01, 1.92048242e-01, 6.05744643e-01,        2.17581918e-01],       [2.59355835e+01, 2.98943052e-02, 2.94093583e-01, 2.66861958e+01,        3.36919962e+01, 2.07302422e-01, 2.06263286e-01, 7.12193202e-01,        2.60192973e-01],       [3.89946831e+01, 9.43376581e-01, 3.62731289e-02, 1.56445514e+01,        3.87852589e+01, 4.84815504e-01, 4.52256545e-01, 9.08479829e-01,        8.38723621e-01],       [3.46100390e+01, 3.55465330e-02, 7.18416788e-01, 1.71275662e+01,        4.75313236e+01, 9.10211705e-01, 6.95066075e-01, 5.22737403e-01,        4.30157317e-01],       [1.00794108e+01, 4.33167952e-01, 1.37317376e-01, 1.75822776e+01,        4.35449181e+01, 9.33827075e-01, 4.71305765e-02, 8.57180737e-01,        8.06336922e-01],       [2.26112115e+01, 1.46470473e-01, 5.63945616e-01, 3.79499042e+01,        3.13785839e+01, 2.68029340e-01, 4.39135018e-01, 9.36787173e-01,        6.13854908e-02],       [2.25387246e+01, 5.85816404e-01, 7.81820475e-01, 1.41011167e+01,        4.01225927e+01, 9.36592886e-02, 9.63586088e-02, 1.34861635e-01,        1.42121811e-01],       [4.59187123e+01, 5.63829474e-01, 6.88992776e-01, 1.26865161e+01,        4.93141878e+01, 2.94175284e-01, 8.23208862e-01, 3.69095008e-01,        2.02428652e-01],       [3.16373757e+01, 9.12903573e-01, 9.86678511e-01, 2.38647790e+01,        2.02379112e+01, 1.32457775e-01, 5.47950998e-01, 5.20904886e-01,        1.35128511e-01],       [2.55862951e+01, 9.16688017e-01, 2.94029372e-01, 1.51587136e+01,        4.03016244e+01, 4.39562058e-01, 6.19269976e-01, 3.00866558e-01,        5.37461255e-01],       [3.81827435e+01, 7.13494550e-01, 5.25595594e-01, 3.78999654e+01,        3.64786723e+01, 4.18315259e-01, 4.20066779e-01, 1.39287055e-01,        3.80575810e-01],       [3.82759306e+01, 5.85090660e-01, 1.62201176e-01, 4.65674933e+01,        1.80777096e+01, 8.56271569e-01, 8.79357797e-02, 6.92299495e-01,        9.55906993e-01]]), array([-4.88780488, -6.54901961, -1.02769231, -1.09269357, -2.5112782 ,       -1.003003  , -1.10718232, -1.12710911, -1.43347639, -1.01725888,       -1.22643819, -1.97633136, -1.23247232, -1.14253136, -1.01519757,       -1.003003  , -1.2447205 , -2.26185102, -1.03619442, -1.95321637,       -1.04483837, -1.29624838, -1.00703518, -1.35588633, -1.7186964 ,       -1.00501505, -1.000999  , -1.14253136, -1.12206047, -1.17192982,       -1.11955307, -1.01932859, -1.7186964 , -1.58795563, -1.05807814,       -1.4670571 , -1.15040184, -1.08794788, -1.36698499, -1.07395498,       -1.04049844, -1.76098418, -1.02140673, -1.2       , -1.06937033,       -1.000999  , -1.00501505, -1.00501505, -1.22643819, -1.05807814,       -1.65619835])), 'net': {'saver_path': './M-LOOP_archives/neural_net_archive_2022-10-15_14-32_QYfm3Dq4.ckpt'}}
