mloop_version='3.3.1'
archive_type='neural_net_learner'
num_params=9
min_boundary=array([10.  ,  0.01,  0.01, 10.  , 10.  ,  0.01,  0.01,  0.01,  0.01])
max_boundary=array([50.,  1.,  1., 50., 50.,  1.,  1.,  1.,  1.])
start_datetime='2022-10-15_14-05'
param_names=['', '', '', '', '', '', '', '', '']
search_precision=1e-06
parameter_searches=10
bad_uncer_frac=0.1
trust_region=nan
has_trust_region=False
predict_global_minima_at_end=True
generation_num=3
update_hyperparameters=False
predicted_best_parameters=array([5.00000000e+01, 1.00000000e+00, 9.90764568e-01, 2.35204583e+01,       3.10883525e+01, 1.00000000e-02, 6.07854457e-01, 3.86827104e-01,       2.67079394e-01])
predicted_best_scaled_cost=-7.576323
predicted_best_cost=-7.589095565740563
all_params=array([[2.80000000e+01, 3.00000000e-01, 6.00000000e-02, 3.20000000e+01,        3.20000000e+01, 1.00000000e+00, 1.00000000e+00, 1.00000000e+00,        1.00000000e+00],       [2.44537537e+01, 8.69422555e-01, 6.85654532e-01, 1.52738474e+01,        3.11552725e+01, 3.56395870e-01, 8.69758901e-01, 2.56639479e-02,        2.90840929e-01],       [4.15991401e+01, 4.24446990e-01, 4.30387380e-01, 2.57095796e+01,        1.07103792e+01, 2.96480264e-01, 8.26412322e-01, 3.96747978e-02,        9.59362007e-01],       [1.19618371e+01, 7.38868694e-01, 4.49651050e-01, 2.12844386e+01,        4.25145497e+01, 7.67236263e-01, 4.78739424e-01, 7.63085680e-02,        3.22054255e-01],       [1.49699544e+01, 6.19315597e-01, 2.91998511e-01, 3.31793534e+01,        2.37256108e+01, 3.93854491e-02, 3.27642255e-01, 3.47652799e-01,        9.24642635e-01],       [2.71886021e+01, 6.86596364e-01, 3.86083201e-01, 2.88190317e+01,        1.21393527e+01, 1.68011639e-01, 6.31538474e-01, 6.79638931e-01,        8.96755849e-01],       [2.62449422e+01, 4.48251731e-01, 3.13372393e-01, 3.99337534e+01,        3.01721781e+01, 6.22289288e-01, 8.90104926e-01, 8.95718627e-01,        1.07715503e-01],       [1.11126830e+01, 3.37454908e-01, 6.71879991e-01, 1.75454794e+01,        1.33978753e+01, 5.80670848e-02, 9.95539294e-01, 1.82798935e-01,        6.92693175e-01],       [2.20567887e+01, 5.62588446e-02, 9.87505454e-01, 4.55119379e+01,        4.75265276e+01, 6.93823301e-01, 1.02064526e-01, 8.65900148e-01,        8.56885128e-01],       [1.27963626e+01, 3.03743290e-01, 8.64424936e-01, 4.07494319e+01,        3.98255348e+01, 8.66816335e-01, 5.05364471e-01, 4.92024614e-01,        7.64672220e-02],       [4.67754015e+01, 7.04139773e-01, 2.98916328e-01, 4.99137475e+01,        3.07532992e+01, 5.51737695e-01, 9.54753122e-01, 7.97891129e-01,        5.85945454e-01],       [5.00000000e+01, 1.00000000e+00, 1.00000000e-02, 2.36708259e+01,        5.00000000e+01, 1.00000000e+00, 1.00000000e+00, 1.00000000e-02,        4.59456211e-01],       [5.00000000e+01, 1.00000000e-02, 4.57943966e-01, 1.00000000e+01,        1.65598441e+01, 8.41149711e-01, 4.33621816e-01, 1.00000000e-02,        7.09040777e-01],       [1.00000000e+01, 1.00319741e-01, 1.00000000e+00, 1.38695222e+01,        5.00000000e+01, 3.78265966e-01, 1.00000000e+00, 3.74690969e-01,        1.00000000e-02],       [1.68312933e+01, 9.08946038e-01, 5.46116502e-01, 1.15554812e+01,        2.25960437e+01, 1.44073020e-01, 7.18345446e-01, 1.04673783e-01,        9.93675952e-01],       [2.59953071e+01, 1.00000000e-02, 8.64081729e-02, 3.30071667e+01,        1.55940193e+01, 1.00000000e+00, 2.24685735e-01, 1.00000000e-02,        5.08416639e-01],       [5.00000000e+01, 5.84357668e-01, 8.16289375e-01, 4.37907899e+01,        4.51088526e+01, 1.00000000e-02, 8.05332076e-01, 1.00000000e+00,        8.70441658e-01],       [4.74988733e+01, 1.00000000e-02, 1.00000000e-02, 5.00000000e+01,        1.00000000e+01, 1.00000000e+00, 2.83625993e-01, 4.59423607e-01,        5.89180539e-01],       [1.00508486e+01, 8.03208357e-01, 7.88149317e-01, 2.34626179e+01,        4.27690177e+01, 7.02564440e-01, 3.54735704e-01, 2.64569025e-01,        7.53019133e-01],       [1.19941896e+01, 2.74821692e-02, 1.00000000e-02, 4.20117982e+01,        4.01058957e+01, 1.00000000e-02, 1.00000000e-02, 8.73650432e-01,        8.36152867e-01],       [5.00000000e+01, 8.28081682e-01, 3.57299966e-01, 3.35666897e+01,        5.00000000e+01, 1.00000000e-02, 1.00000000e-02, 1.00000000e-02,        1.00000000e-02],       [5.00000000e+01, 1.00000000e+00, 1.00000000e+00, 4.74921303e+01,        5.00000000e+01, 6.59484991e-01, 7.68135728e-01, 5.60945464e-01,        1.31173100e-01],       [3.77945416e+01, 9.08581986e-01, 9.15664421e-01, 1.84051299e+01,        3.15227871e+01, 6.79228826e-01, 8.67818577e-01, 7.74742285e-01,        6.45818704e-01],       [1.00000000e+01, 1.84128152e-01, 1.00000000e+00, 1.00000000e+01,        1.00000000e+01, 8.45393455e-02, 1.00000000e-02, 8.04491778e-01,        1.00000000e+00],       [1.23795541e+01, 1.00000000e+00, 1.00000000e+00, 5.00000000e+01,        4.07115532e+01, 7.03683369e-01, 5.13721019e-01, 7.26714619e-01,        1.98489929e-01],       [4.21429856e+01, 1.00000000e-02, 6.15160203e-02, 5.00000000e+01,        5.00000000e+01, 2.61452398e-01, 3.51140475e-02, 1.00000000e-02,        5.99734441e-01],       [3.72482608e+01, 5.97676827e-01, 7.52190865e-02, 4.77592580e+01,        4.74573161e+01, 4.09474756e-01, 4.55229810e-01, 9.91100701e-01,        7.83569722e-01],       [2.67403672e+01, 8.49526195e-02, 1.00000000e-02, 5.00000000e+01,        1.58974443e+01, 1.00000000e-02, 9.69295208e-01, 8.57607492e-02,        1.00000000e-02],       [3.54709705e+01, 5.88896879e-01, 4.39313678e-01, 3.88770226e+01,        5.00000000e+01, 1.00000000e-02, 1.00000000e-02, 2.01147945e-01,        6.92704568e-01],       [4.07660670e+01, 1.00000000e+00, 8.38455384e-01, 3.98322730e+01,        1.14346819e+01, 5.17830866e-02, 1.00000000e-02, 6.64250773e-01,        1.00000000e-02],       [2.26956952e+01, 9.94132675e-01, 8.71301651e-01, 4.14133640e+01,        1.22103220e+01, 2.38506082e-01, 9.34915868e-01, 8.17361454e-01,        5.99306334e-01],       [5.00000000e+01, 8.29163691e-01, 4.80888859e-01, 5.00000000e+01,        1.00000000e+01, 1.00000000e-02, 1.00000000e+00, 8.30105545e-02,        8.89249085e-02],       [5.00000000e+01, 9.33883938e-01, 1.00000000e-02, 5.00000000e+01,        5.00000000e+01, 1.00000000e-02, 1.00000000e-02, 1.00000000e-02,        1.00000000e-02],       [5.00000000e+01, 1.00000000e+00, 2.44879463e-01, 4.21621012e+01,        5.00000000e+01, 1.00000000e-02, 1.42164061e-01, 7.07078013e-02,        1.80412873e-01],       [3.20568447e+01, 4.69626083e-01, 6.35688968e-01, 2.52820890e+01,        3.68083461e+01, 8.48255440e-01, 2.80317072e-01, 8.27668442e-02,        8.28604731e-01],       [3.59708924e+01, 1.00000000e+00, 2.66743470e-01, 5.00000000e+01,        1.00000000e+01, 3.77272223e-01, 7.48486016e-01, 1.00000000e+00,        1.00000000e+00],       [3.93037335e+01, 1.00000000e-02, 1.00000000e-02, 5.00000000e+01,        1.69440630e+01, 1.00000000e-02, 1.00000000e+00, 1.00000000e+00,        1.28204586e-01],       [1.00000000e+01, 1.00000000e+00, 1.00000000e-02, 1.00000000e+01,        1.00000000e+01, 3.93647535e-01, 4.64926787e-01, 1.70047026e-01,        1.00000000e-02],       [3.66552028e+01, 7.80996874e-01, 1.30341649e-01, 1.06295375e+01,        2.43785758e+01, 8.47273115e-01, 3.12833866e-01, 5.19771226e-01,        2.05049356e-01],       [5.00000000e+01, 2.35707611e-01, 3.64568872e-01, 2.98096217e+01,        4.01042515e+01, 1.00000000e-02, 3.40693223e-01, 8.38841263e-02,        7.30854481e-01],       [5.00000000e+01, 8.76840315e-01, 4.96274699e-01, 2.65519463e+01,        5.00000000e+01, 1.00000000e-02, 1.00000000e-02, 2.35630018e-02,        1.00000000e-02],       [2.85831942e+01, 1.00000000e-02, 6.25445085e-01, 2.68907426e+01,        1.00000000e+01, 1.39307710e-01, 1.00000000e-02, 7.49497239e-01,        1.00000000e+00],       [4.60355846e+01, 3.24052131e-01, 1.22696428e-02, 1.69703994e+01,        3.30638527e+01, 3.07634274e-01, 6.20744204e-01, 1.63855215e-01,        6.85418372e-01],       [1.16888115e+01, 9.99835841e-01, 1.00000000e+00, 1.76160641e+01,        3.25372733e+01, 1.00000000e+00, 1.00000000e+00, 1.00000000e+00,        1.00000000e+00],       [5.00000000e+01, 6.49333478e-01, 3.88892019e-01, 3.93947803e+01,        5.00000000e+01, 1.00000000e-02, 1.00000000e-02, 1.00000000e-02,        1.00000000e-02],       [2.40249846e+01, 9.13750595e-01, 1.58709096e-01, 1.00000000e+01,        1.00000000e+01, 1.06299603e-01, 1.00000000e-02, 1.00000000e+00,        1.00000000e-02],       [2.54218573e+01, 1.34430113e-01, 3.49478695e-01, 1.30141755e+01,        2.17760021e+01, 5.86871453e-01, 9.10875619e-01, 7.20496376e-01,        5.45252357e-01],       [4.48038582e+01, 1.00000000e-02, 1.00000000e-02, 3.45727925e+01,        5.00000000e+01, 1.00000000e+00, 1.00000000e-02, 1.00000000e-02,        7.42452300e-01],       [5.00000000e+01, 8.39624162e-01, 1.74179862e-01, 3.50611109e+01,        4.75837998e+01, 1.00000000e-02, 1.00000000e-02, 1.11287875e-01,        1.00000000e-02],       [1.00000000e+01, 5.13689060e-01, 8.55774470e-01, 1.98118520e+01,        5.00000000e+01, 4.85892423e-01, 8.75849108e-01, 7.86886198e-01,        4.94797282e-02],       [1.37108477e+01, 3.30346736e-01, 2.82605189e-01, 3.23733701e+01,        3.25607951e+01, 2.59983818e-01, 3.11598501e-01, 2.46011440e-01,        5.98296531e-02],       [1.68688258e+01, 8.89985836e-01, 8.79875068e-01, 5.00000000e+01,        5.00000000e+01, 5.86122795e-01, 5.84299166e-01, 2.72879581e-01,        1.00000000e+00],       [5.00000000e+01, 1.25995480e-01, 9.20352664e-01, 2.88809857e+01,        4.42921143e+01, 4.65922315e-01, 2.82898385e-01, 1.00000000e+00,        6.70581134e-01],       [1.00000000e+01, 1.00000000e-02, 1.00000000e-02, 1.16454118e+01,        1.32619939e+01, 9.46420870e-01, 4.65523996e-01, 1.00000000e+00,        4.22181678e-01],       [1.99904351e+01, 3.48936314e-01, 7.81778281e-01, 1.58987519e+01,        2.55578556e+01, 3.83131727e-01, 2.21393910e-01, 6.55003990e-02,        5.49504727e-01],       [5.00000000e+01, 7.72481729e-01, 2.68214864e-01, 3.16200257e+01,        5.00000000e+01, 1.00000000e-02, 1.00000000e-02, 1.00000000e-02,        4.06149422e-02],       [4.79068964e+01, 9.38471640e-01, 4.30217891e-01, 3.63011301e+01,        5.00000000e+01, 1.44317824e-02, 1.00000000e-02, 1.00000000e-02,        1.00000000e-02],       [4.89485725e+01, 8.86322513e-01, 5.09028230e-01, 3.53383299e+01,        5.00000000e+01, 1.07999876e-01, 1.00000000e-02, 1.00000000e-02,        1.00000000e-02],       [2.42756304e+01, 4.83484314e-01, 4.16949964e-01, 4.59709220e+01,        3.56030355e+01, 9.47606090e-02, 9.36101635e-01, 4.20146267e-01,        5.94336369e-01],       [5.00000000e+01, 7.10449680e-01, 1.00000000e+00, 3.84553195e+01,        4.83547923e+01, 1.00000000e-02, 1.00000000e+00, 1.00000000e+00,        1.00000000e-02],       [1.14738644e+01, 1.00000000e-02, 1.79667198e-01, 5.00000000e+01,        4.15836547e+01, 3.83368189e-01, 7.22860002e-01, 7.53043877e-01,        1.00000000e+00],       [1.31460954e+01, 3.51476401e-01, 1.00000000e+00, 3.72321195e+01,        4.23102916e+01, 1.00000000e-02, 1.66657079e-01, 1.00000000e-02,        2.26776230e-01],       [4.89813501e+01, 5.53069062e-01, 2.49882952e-01, 2.64521856e+01,        3.83512124e+01, 3.92784137e-01, 2.79950068e-01, 3.93692447e-02,        2.44619304e-01],       [4.01979089e+01, 1.00000000e-02, 2.85890992e-01, 3.54181012e+01,        4.55250858e+01, 4.10468080e-01, 1.00000000e+00, 3.38607341e-01,        9.64192615e-01],       [5.00000000e+01, 1.00000000e+00, 1.05343732e-01, 5.00000000e+01,        4.39112265e+01, 5.55753322e-01, 6.64696476e-01, 1.00000000e+00,        4.41686228e-01],       [5.00000000e+01, 1.00000000e+00, 9.86377399e-01, 2.43394180e+01,        3.11407208e+01, 1.00000000e-02, 5.85888610e-01, 3.88673104e-01,        2.40868162e-01],       [4.18003091e+01, 2.62409393e-02, 6.65044281e-01, 2.94124502e+01,        4.10722197e+01, 4.58297206e-01, 4.57645910e-01, 3.51327580e-01,        7.21429358e-01],       [5.00000000e+01, 1.00000000e+00, 1.00000000e+00, 1.02540264e+01,        2.73812499e+01, 1.00000000e-02, 5.00970911e-01, 1.40618340e-01,        1.17495140e-02],       [5.00000000e+01, 1.00000000e+00, 1.00000000e+00, 2.38889793e+01,        2.81632992e+01, 1.00000000e-02, 6.05781937e-01, 4.39057067e-01,        1.99002891e-01],       [5.00000000e+01, 1.00000000e+00, 1.00000000e+00, 2.41748974e+01,        3.13295834e+01, 1.00000000e-02, 5.78080963e-01, 1.39870050e-01,        1.54578925e-01],       [4.26277938e+01, 4.71401068e-01, 4.53826642e-02, 3.68371987e+01,        1.97778507e+01, 9.97619110e-01, 7.10369573e-01, 2.05513104e-01,        1.83301031e-01],       [5.00000000e+01, 1.00000000e-02, 1.00000000e+00, 1.29567534e+01,        5.00000000e+01, 1.08704931e-01, 3.18701423e-01, 4.16299378e-01,        9.24588733e-01],       [5.00000000e+01, 1.00000000e+00, 1.00000000e+00, 2.34302263e+01,        3.72649701e+01, 1.00000000e-02, 4.57617122e-01, 4.85494793e-01,        4.12505232e-01],       [5.00000000e+01, 1.00000000e+00, 1.00000000e+00, 2.15003851e+01,        3.86027184e+01, 1.00000000e-02, 6.36378158e-01, 4.78092294e-01,        3.13554021e-01],       [2.94304134e+01, 2.31017561e-02, 6.82744470e-01, 4.31559827e+01,        3.87388159e+01, 7.21883274e-01, 1.67433475e-01, 9.53905319e-02,        2.26573911e-01],       [5.00000000e+01, 1.00000000e+00, 1.00000000e+00, 1.00000000e+01,        2.57448288e+01, 2.49544789e-01, 3.46089712e-01, 1.00000000e-02,        1.00000000e-02],       [5.00000000e+01, 1.00000000e-02, 8.28870883e-01, 2.47976154e+01,        5.00000000e+01, 7.00846720e-01, 4.60335321e-01, 5.06129433e-02,        3.46611975e-01],       [4.74924021e+01, 1.00000000e-02, 8.14402625e-01, 2.73250107e+01,        3.87062972e+01, 5.08714976e-01, 5.55209844e-01, 1.93104379e-01,        7.59946979e-01],       [1.41288514e+01, 7.33687799e-01, 4.03114103e-01, 3.36936157e+01,        2.72890214e+01, 9.18995026e-01, 1.69961143e-01, 6.56429440e-02,        4.43541701e-01],       [4.83485792e+01, 1.00000000e+00, 1.00000000e+00, 2.36006589e+01,        3.03875470e+01, 1.00000000e-02, 5.12512384e-01, 3.36152823e-01,        1.95018854e-01],       [5.00000000e+01, 8.85083192e-01, 1.00000000e+00, 1.00000000e+01,        2.78630127e+01, 1.00000000e-02, 4.64376724e-01, 1.80714703e-01,        1.76342904e-01],       [5.00000000e+01, 9.43675435e-01, 1.00000000e+00, 1.25045577e+01,        2.74715194e+01, 1.00000000e-02, 4.93731584e-01, 2.51739606e-01,        6.88334724e-02],       [1.39627863e+01, 2.85332571e-01, 3.68417924e-01, 3.17181386e+01,        2.05610908e+01, 2.47903100e-01, 7.93095047e-01, 8.40505099e-01,        7.96951357e-01],       [5.00000000e+01, 1.00000000e+00, 7.74853184e-01, 2.48452930e+01,        3.00415113e+01, 1.00000000e-02, 7.23361195e-01, 5.23096397e-01,        4.85817848e-01],       [3.86787108e+01, 1.00000000e-02, 5.82893666e-01, 3.15392373e+01,        4.29339501e+01, 5.55107886e-01, 4.40447954e-01, 3.65938414e-01,        7.56697810e-01],       [4.07069374e+01, 1.00000000e-02, 5.97444183e-01, 3.01443697e+01,        3.94986906e+01, 3.86224283e-01, 4.25494251e-01, 4.22162781e-01,        7.63493685e-01],       [4.81515117e+01, 5.39070796e-01, 8.90370957e-01, 2.67786562e+01,        3.01939587e+01, 8.90559088e-02, 3.64682731e-01, 4.98139483e-01,        7.74811856e-02],       [5.00000000e+01, 9.86063725e-01, 1.00000000e+00, 2.38241858e+01,        3.25630549e+01, 1.00000000e-02, 6.35145721e-01, 3.80907237e-01,        1.66805683e-01],       [5.00000000e+01, 1.00000000e+00, 1.00000000e+00, 1.80113578e+01,        2.90077023e+01, 1.00000000e-02, 7.07117336e-01, 2.48284270e-01,        2.29005361e-01],       [4.89252815e+01, 1.00000000e+00, 8.56079482e-01, 2.58024932e+01,        3.49490779e+01, 1.00000000e-02, 6.54813009e-01, 4.52088919e-01,        1.70268493e-01],       [1.84036331e+01, 4.45420153e-02, 3.98985419e-01, 3.73115174e+01,        3.02032676e+01, 7.39810071e-01, 4.50789072e-01, 7.14946506e-01,        1.25562277e-01],       [4.37077135e+01, 1.00000000e+00, 1.00000000e+00, 1.00000000e+01,        1.00000000e+01, 1.00000000e-02, 9.26262546e-01, 1.00000000e-02,        1.00000000e-02],       [5.00000000e+01, 1.00000000e+00, 1.00000000e+00, 2.50338375e+01,        2.98501290e+01, 1.00000000e-02, 5.50044156e-01, 3.36143421e-01,        3.86967246e-01],       [4.31754232e+01, 1.00000000e-02, 7.35884962e-01, 2.64475361e+01,        4.18510667e+01, 5.01052913e-01, 4.26068576e-01, 3.30458089e-01,        8.17351454e-01],       [4.85360144e+01, 1.37534413e-01, 1.47780369e-01, 2.63143620e+01,        1.03192290e+01, 7.14845440e-01, 6.37085456e-01, 9.09827168e-01,        8.23296213e-01],       [4.93335822e+01, 9.48010669e-01, 9.67659502e-01, 1.00000000e+01,        2.41749256e+01, 1.00000000e-02, 5.65328824e-01, 1.00000000e-02,        1.00000000e-02],       [3.96203615e+01, 1.00000000e-02, 5.58451174e-01, 2.54342977e+01,        4.10849686e+01, 5.12704053e-01, 6.01924687e-01, 2.45777402e-01,        5.54783785e-01],       [4.88132075e+01, 1.00000000e+00, 9.48551921e-01, 1.00063242e+01,        2.89570844e+01, 1.00000000e-02, 6.31680422e-01, 1.00000000e-02,        1.29868264e-01],       [1.85374552e+01, 4.07695016e-01, 9.57881492e-01, 1.08102651e+01,        2.44014294e+01, 6.34882661e-01, 8.01161625e-01, 5.37198349e-01,        4.66550324e-01],       [5.00000000e+01, 9.87604956e-01, 1.00000000e+00, 2.67599412e+01,        3.16863105e+01, 3.55748088e-02, 5.46346804e-01, 4.59999459e-01,        1.83608250e-01]])
all_costs=array([-0.01277253, -0.01277253, -0.01277253, -0.01277253, -0.01277253,       -0.01277253, -0.01277253, -0.01277253, -0.01277253, -0.01277253,       -0.01277253, -0.13793103, -0.04591906, -0.01921694, -0.01921694,       -0.03043016, -0.04205318, -0.07768469, -0.07768469, -0.06741573,       -0.42271032, -0.02120234, -0.02120234, -0.02163366, -0.06925956,       -0.06925956, -0.06925956, -0.06925956, -0.06925956, -0.06925956,       -0.06925956, -0.06925956, -0.06925956, -0.06925956, -0.06925956,       -0.06925956, -0.06925956, -0.06925956, -0.06925956, -0.06925956,       -0.06925956, -0.06925956, -0.06925956, -0.06925956, -0.06925956,       -0.06925956, -0.06925956, -0.06925956, -0.06925956, -0.06925956,       -0.06925956, -0.06925956, -0.06925956, -0.06925956, -0.06925956,       -0.06925956, -0.03036644, -0.01926444, -0.01926444, -0.01926444,       -0.0116527 , -0.04992301, -0.04992301, -0.04992301, -0.0383094 ,       -7.47800587, -7.47800587, -7.47800587, -0.05362306, -0.01198696,       -0.01198696, -0.06334617, -0.01765561, -0.08858781, -0.08858781,       -0.01766591, -0.01271458, -0.02025203, -0.02025203, -0.04549509,       -0.01449619, -0.04150278, -0.04150278, -0.05533704, -0.06120612,       -0.02184191, -0.02184191, -0.03711435, -0.03574871, -0.04072181,       -0.04072181, -0.01463625, -0.01987994, -0.03366337, -0.03366337,       -0.11446527, -0.01655575, -0.02416031, -0.02416031, -0.02126107])
all_uncers=array([1.e-08, 1.e-08, 1.e-08, 1.e-08, 1.e-08, 1.e-08, 1.e-08, 1.e-08,       1.e-08, 1.e-08, 1.e-08, 1.e-08, 1.e-08, 1.e-08, 1.e-08, 1.e-08,       1.e-08, 1.e-08, 1.e-08, 1.e-08, 1.e-08, 1.e-08, 1.e-08, 1.e-08,       1.e-08, 1.e-08, 1.e-08, 1.e-08, 1.e-08, 1.e-08, 1.e-08, 1.e-08,       1.e-08, 1.e-08, 1.e-08, 1.e-08, 1.e-08, 1.e-08, 1.e-08, 1.e-08,       1.e-08, 1.e-08, 1.e-08, 1.e-08, 1.e-08, 1.e-08, 1.e-08, 1.e-08,       1.e-08, 1.e-08, 1.e-08, 1.e-08, 1.e-08, 1.e-08, 1.e-08, 1.e-08,       1.e-08, 1.e-08, 1.e-08, 1.e-08, 1.e-08, 1.e-08, 1.e-08, 1.e-08,       1.e-08, 1.e-08, 1.e-08, 1.e-08, 1.e-08, 1.e-08, 1.e-08, 1.e-08,       1.e-08, 1.e-08, 1.e-08, 1.e-08, 1.e-08, 1.e-08, 1.e-08, 1.e-08,       1.e-08, 1.e-08, 1.e-08, 1.e-08, 1.e-08, 1.e-08, 1.e-08, 1.e-08,       1.e-08, 1.e-08, 1.e-08, 1.e-08, 1.e-08, 1.e-08, 1.e-08, 1.e-08,       1.e-08, 1.e-08, 1.e-08, 1.e-08])
bad_run_indexs=[]
best_cost=-7.47800586510264
best_params=array([5.00000000e+01, 1.00000000e+00, 9.86377399e-01, 2.43394180e+01,       3.11407208e+01, 1.00000000e-02, 5.85888610e-01, 3.88673104e-01,       2.40868162e-01])
best_index=65
worst_cost=-0.011652703731911651
worst_index=60
cost_range=7.466353161370728
costs_count=100
params_count=69
cost_scaler_init_index=11
net_0={'last_hyperfit': 0, 'last_net_reg': 1e-08, 'regularization_history': [1e-08], 'losses_list': [1.7099864, 0.13961762, 0.031280726, 0.009463884, 0.0042604334, 0.0010628451, 0.00044018883, 8.296435e-05, 5.8147856e-05, 2.2147706e-05, 5.499228e-06, 3.5266492e-06, 1.3695592e-06, 7.751298e-07, 6.158851e-07, 5.589593e-07, 5.378032e-07, 5.3299823e-07, 5.2848634e-07, 5.270725e-07, 5.268262e-07, 5.267234e-07, 5.266692e-07, 5.266378e-07, 5.2663574e-07, 5.266344e-07, 5.26634e-07, 5.266338e-07, 5.2663376e-07, 5.266337e-07, 0.33202416, 0.0063607534, 0.0027028224, 0.0007400043, 0.0008665972, 0.00022817127, 2.8436232e-05, 2.3714258e-05, 1.39295635e-05, 3.3761175e-06, 7.8854976e-07, 9.3869085e-07, 7.4482426e-07, 5.7258165e-07, 5.335632e-07, 5.277331e-07, 0.04467337, 0.01019847, 0.0047727516, 0.0057933875, 0.0033183424, 0.0012618402, 0.00047607167, 0.00043766474, 0.00016007337, 0.00023311975, 7.281407e-05, 1.6258433e-05, 6.6597163e-06, 1.801456e-06, 8.969215e-07, 9.924687e-07, 6.942587e-07, 5.5552226e-07, 0.03492818, 0.0026104816, 0.00028260925, 0.00011777895, 1.5001051e-05, 4.6595287e-06, 1.5344317e-06, 6.0701893e-07, 5.456398e-07, 5.329946e-07, 0.022778695, 0.0018857653, 0.0001236547, 5.3806303e-05, 4.9695145e-06, 8.3277166e-07, 6.225207e-07, 5.30453e-07, 0.007955407, 0.00031970616, 7.007281e-05, 7.3547617e-06, 9.814486e-07, 6.461599e-07, 5.513276e-07, 5.276816e-07, 0.008728471, 0.0016354437, 0.0037729756, 0.005758694, 0.00036575034, 0.00016052551, 1.587302e-05, 1.4397319e-05, 9.484697e-06, 1.4224559e-06, 7.347818e-07, 5.7293477e-07, 5.3057005e-07, 5.591644e-07, 0.008383124, 0.00030575166, 2.6279225e-05, 4.8257148e-06, 2.2627933e-06, 1.3312638e-06, 1.0040252e-06, 7.289292e-07, 6.0503777e-07, 5.6092966e-07, 0.005955575, 0.0014771441, 0.00075614837, 0.000423066, 0.00018406872, 1.6724849e-05, 2.5605477e-06, 7.1204124e-07, 5.5891644e-07, 5.3890415e-07, 0.0055551096, 0.00064910925, 0.0001207431, 1.8700552e-05, 1.7491597e-06, 6.1789274e-07, 5.523655e-07, 5.351018e-07, 0.0037300384, 0.0016821524, 0.0012394186, 0.0006061544, 0.0004797247, 0.004574033, 0.0031658823, 0.000380142, 3.938202e-05, 4.72844e-06, 1.3694885e-06, 5.996301e-07, 5.572016e-07, 5.32299e-07, 0.0037897045, 0.001714318, 0.001658216, 0.0015634967, 0.0027651757, 0.0014028472, 0.0013717212, 0.0013148352, 0.77144027, 0.0069124177, 0.0019383418, 0.0018334535, 1.4817593, 0.7402011, 0.53542995, 0.43907335, 0.27173942, 0.012941173, 0.075820744, 0.0019695484, 0.0014757642, 0.0014817836, 1.7328265, 0.15654251, 0.0046354476, 0.0015749051, 0.0016919158, 0.0012382552, 0.7854435, 0.014034276, 0.0017286445, 0.0012869333, 0.0012175125, 0.0011792858, 0.8207028, 0.6003921, 0.1829134, 1.5542389, 1.3429067, 0.45995206, 0.39082292, 0.10175243, 0.022817126, 0.0046938076, 0.0021957578, 0.0014778947, 0.0013099026, 0.0012701062, 0.44489974, 0.057665456, 0.0021743914, 0.001267785, 0.001191277, 0.0011751575, 0.672138, 0.18720083, 0.002750147, 0.0013654238, 0.0011898271, 0.0011241797, 0.41465235, 0.10767847, 0.086877316, 0.007252974, 0.0013726952, 0.0011369967, 0.31991965, 0.21376035, 0.38364455, 0.45078105, 0.15701352, 0.021463811, 0.0025376375, 0.0019309677, 0.0010901041, 0.002171109], 'scaler_samples': (array([[2.80000000e+01, 3.00000000e-01, 6.00000000e-02, 3.20000000e+01,        3.20000000e+01, 1.00000000e+00, 1.00000000e+00, 1.00000000e+00,        1.00000000e+00],       [2.44537537e+01, 8.69422555e-01, 6.85654532e-01, 1.52738474e+01,        3.11552725e+01, 3.56395870e-01, 8.69758901e-01, 2.56639479e-02,        2.90840929e-01],       [4.15991401e+01, 4.24446990e-01, 4.30387380e-01, 2.57095796e+01,        1.07103792e+01, 2.96480264e-01, 8.26412322e-01, 3.96747978e-02,        9.59362007e-01],       [1.19618371e+01, 7.38868694e-01, 4.49651050e-01, 2.12844386e+01,        4.25145497e+01, 7.67236263e-01, 4.78739424e-01, 7.63085680e-02,        3.22054255e-01],       [1.49699544e+01, 6.19315597e-01, 2.91998511e-01, 3.31793534e+01,        2.37256108e+01, 3.93854491e-02, 3.27642255e-01, 3.47652799e-01,        9.24642635e-01],       [2.71886021e+01, 6.86596364e-01, 3.86083201e-01, 2.88190317e+01,        1.21393527e+01, 1.68011639e-01, 6.31538474e-01, 6.79638931e-01,        8.96755849e-01],       [2.62449422e+01, 4.48251731e-01, 3.13372393e-01, 3.99337534e+01,        3.01721781e+01, 6.22289288e-01, 8.90104926e-01, 8.95718627e-01,        1.07715503e-01],       [1.11126830e+01, 3.37454908e-01, 6.71879991e-01, 1.75454794e+01,        1.33978753e+01, 5.80670848e-02, 9.95539294e-01, 1.82798935e-01,        6.92693175e-01],       [2.20567887e+01, 5.62588446e-02, 9.87505454e-01, 4.55119379e+01,        4.75265276e+01, 6.93823301e-01, 1.02064526e-01, 8.65900148e-01,        8.56885128e-01],       [1.27963626e+01, 3.03743290e-01, 8.64424936e-01, 4.07494319e+01,        3.98255348e+01, 8.66816335e-01, 5.05364471e-01, 4.92024614e-01,        7.64672220e-02],       [4.67754015e+01, 7.04139773e-01, 2.98916328e-01, 4.99137475e+01,        3.07532992e+01, 5.51737695e-01, 9.54753122e-01, 7.97891129e-01,        5.85945454e-01]]), array([-0.01277253, -0.01277253, -0.01277253, -0.01277253, -0.01277253,       -0.01277253, -0.01277253, -0.01277253, -0.01277253, -0.01277253,       -0.01277253])), 'net': {'saver_path': './M-LOOP_archives/neural_net_archive_2022-10-15_14-05_wwfi1zMb.ckpt'}}
net_1={'last_hyperfit': 0, 'last_net_reg': 1e-08, 'regularization_history': [1e-08], 'losses_list': [1.4064691, 0.08227197, 0.020443883, 0.008159742, 0.00183019, 0.0015141368, 0.00024259344, 0.00012051258, 6.1005085e-05, 2.130451e-05, 7.441434e-06, 1.8527408e-06, 1.0871354e-06, 8.2283896e-07, 6.274177e-07, 5.504675e-07, 5.354793e-07, 5.2840375e-07, 5.252373e-07, 5.2420836e-07, 5.2392426e-07, 5.2376276e-07, 5.237072e-07, 5.2369205e-07, 5.23689e-07, 5.2368756e-07, 5.236868e-07, 5.2368654e-07, 5.2368654e-07, 5.236865e-07, 0.31532997, 0.040793285, 0.0153532885, 0.004471038, 0.0010736982, 0.0003184779, 0.00017548227, 7.7713936e-05, 2.3963587e-05, 6.2122235e-06, 2.401704e-06, 1.5277116e-06, 9.578994e-07, 6.4844676e-07, 5.490149e-07, 5.284979e-07, 0.042622346, 0.09414043, 0.0035747516, 0.0021647997, 0.00087483943, 0.00019016668, 0.00010012105, 4.81724e-05, 2.5189755e-05, 6.2911968e-06, 3.9638876e-06, 1.1309851e-06, 1.4435059e-06, 1.2910846e-06, 0.0100074615, 0.00038540203, 0.00013409607, 3.163661e-05, 6.13143e-06, 1.2888688e-06, 9.1889495e-07, 5.4768805e-07, 5.361312e-07, 5.204443e-07, 0.013069999, 0.0006962922, 7.589963e-05, 1.0536374e-05, 2.5039128e-06, 9.138001e-07, 6.069231e-07, 5.292303e-07, 5.2127916e-07, 5.2022e-07, 0.0135965645, 0.000578578, 0.00011589821, 1.5452748e-05, 2.1669355e-06, 6.962056e-07, 5.442349e-07, 5.2295377e-07, 0.004607672, 0.0028361713, 0.00072065636, 0.00033337658, 5.03188e-05, 0.00030722973, 0.0032782543, 0.00018077307, 5.0426614e-05, 3.5968844e-06, 8.351866e-07, 5.497098e-07, 5.205222e-07, 5.190387e-07, 0.0035520105, 0.0011433949, 0.00059729547, 0.00024327183, 6.141085e-05, 4.7826543e-06, 8.047956e-07, 5.84456e-07, 5.201507e-07, 5.1943897e-07, 0.0054198, 0.0005975854, 0.0002068024, 6.368294e-05, 1.1069681e-05, 2.0869084e-06, 6.806371e-07, 5.412868e-07, 5.203511e-07, 5.196236e-07, 0.0036366691, 0.0016884218, 0.002945459, 0.004911222, 0.004286683, 0.0011633179, 0.00035515343, 0.00029377278, 0.00016445178, 3.6050624e-05, 8.526336e-06, 5.4820225e-06, 1.1953762e-06, 5.630178e-07, 5.3511815e-07, 6.236309e-07, 0.0060476144, 0.0013867308, 0.0010194819, 0.0007796472, 0.000670406, 0.00016884216, 9.028544e-05, 8.483411e-05, 0.00083112536, 4.045552e-05, 0.00021002731, 0.00046117915, 0.00010954664, 6.060242e-05, 1.5008908e-05, 3.248168e-06, 1.0695654e-06, 1.4358145e-06, 6.509466e-07, 5.600609e-07, 0.73960906, 0.010259735, 0.0025870043, 0.0020882234, 1.7591141, 0.622839, 0.43431953, 0.34237474, 0.2203335, 0.10023097, 0.007807275, 0.0005232298, 0.0005702901, 0.00047459654, 8.5265434e-05, 8.5570326e-05, 0.00014096523, 2.92101e-05, 8.5400716e-05, 1.4653813e-05, 1.1055912e-05, 3.9437986e-05, 0.9709332, 0.09197425, 0.014356167, 0.0012497151, 0.0007638109, 0.0005050039, 0.00028814885, 0.00058505614, 0.5301284, 0.018266995, 0.00090272084, 0.00030352842, 0.00016824651, 0.00010349604, 7.005054e-05, 5.1765077e-05, 3.8800998e-05, 3.125245e-05, 2.960598e-05, 2.3011056e-05, 1.84909e-05, 1.54283e-05, 1.3105093e-05, 1.1587294e-05, 1.0449741e-05, 8.56591e-06, 7.382872e-06, 6.0552557e-06, 4.932901e-06, 4.457339e-06, 3.5300168e-06, 3.842057e-06, 1.3740054, 1.0493199, 1.0143465, 0.86205554, 1.3833256, 0.816053, 0.88135445, 0.09238877, 0.012456245, 0.00057649834, 0.00010421737, 2.9718436e-05, 1.4980109e-05, 1.0899715e-05, 2.9788102e-06, 2.3973564e-06, 2.1034843e-06, 1.8901408e-06, 0.69231313, 0.22571355, 0.06224929, 0.07701991, 0.0013198482, 0.00015958957, 4.361693e-05, 1.5039026e-05, 5.2182186e-06, 2.542312e-06, 1.4340312e-06, 1.0769662e-06, 9.3536033e-07, 8.810672e-07, 1.0070473, 0.15210062, 0.06197093, 0.00084544433, 1.9442841e-05, 1.7616626e-06, 8.2867e-07, 7.2401616e-07, 0.3095673, 0.008683877, 0.0006135497, 0.0003619784], 'scaler_samples': (array([[2.80000000e+01, 3.00000000e-01, 6.00000000e-02, 3.20000000e+01,        3.20000000e+01, 1.00000000e+00, 1.00000000e+00, 1.00000000e+00,        1.00000000e+00],       [2.44537537e+01, 8.69422555e-01, 6.85654532e-01, 1.52738474e+01,        3.11552725e+01, 3.56395870e-01, 8.69758901e-01, 2.56639479e-02,        2.90840929e-01],       [4.15991401e+01, 4.24446990e-01, 4.30387380e-01, 2.57095796e+01,        1.07103792e+01, 2.96480264e-01, 8.26412322e-01, 3.96747978e-02,        9.59362007e-01],       [1.19618371e+01, 7.38868694e-01, 4.49651050e-01, 2.12844386e+01,        4.25145497e+01, 7.67236263e-01, 4.78739424e-01, 7.63085680e-02,        3.22054255e-01],       [1.49699544e+01, 6.19315597e-01, 2.91998511e-01, 3.31793534e+01,        2.37256108e+01, 3.93854491e-02, 3.27642255e-01, 3.47652799e-01,        9.24642635e-01],       [2.71886021e+01, 6.86596364e-01, 3.86083201e-01, 2.88190317e+01,        1.21393527e+01, 1.68011639e-01, 6.31538474e-01, 6.79638931e-01,        8.96755849e-01],       [2.62449422e+01, 4.48251731e-01, 3.13372393e-01, 3.99337534e+01,        3.01721781e+01, 6.22289288e-01, 8.90104926e-01, 8.95718627e-01,        1.07715503e-01],       [1.11126830e+01, 3.37454908e-01, 6.71879991e-01, 1.75454794e+01,        1.33978753e+01, 5.80670848e-02, 9.95539294e-01, 1.82798935e-01,        6.92693175e-01],       [2.20567887e+01, 5.62588446e-02, 9.87505454e-01, 4.55119379e+01,        4.75265276e+01, 6.93823301e-01, 1.02064526e-01, 8.65900148e-01,        8.56885128e-01],       [1.27963626e+01, 3.03743290e-01, 8.64424936e-01, 4.07494319e+01,        3.98255348e+01, 8.66816335e-01, 5.05364471e-01, 4.92024614e-01,        7.64672220e-02],       [4.67754015e+01, 7.04139773e-01, 2.98916328e-01, 4.99137475e+01,        3.07532992e+01, 5.51737695e-01, 9.54753122e-01, 7.97891129e-01,        5.85945454e-01]]), array([-0.01277253, -0.01277253, -0.01277253, -0.01277253, -0.01277253,       -0.01277253, -0.01277253, -0.01277253, -0.01277253, -0.01277253,       -0.01277253])), 'net': {'saver_path': './M-LOOP_archives/neural_net_archive_2022-10-15_14-05_IA3iBi1H.ckpt'}}
net_2={'last_hyperfit': 0, 'last_net_reg': 1e-08, 'regularization_history': [1e-08], 'losses_list': [0.35908505, 0.03915094, 0.011037711, 0.005675279, 0.0020257246, 0.0004322355, 0.00024631934, 5.2031395e-05, 1.6858574e-05, 9.441811e-06, 3.0917656e-06, 2.061854e-06, 9.746857e-07, 6.5343306e-07, 6.019078e-07, 5.5405786e-07, 5.3360407e-07, 5.286549e-07, 5.2710755e-07, 5.26171e-07, 5.2606146e-07, 5.2598534e-07, 5.2595595e-07, 5.259482e-07, 5.259463e-07, 5.2594527e-07, 5.259447e-07, 5.259445e-07, 5.259445e-07, 5.259445e-07, 0.31216124, 0.021778608, 0.0058540036, 0.0035049745, 0.00064423226, 0.0002920726, 0.00016570746, 1.0698844e-05, 1.8728846e-05, 6.4302694e-06, 1.5958584e-06, 1.2838777e-06, 6.7510535e-07, 6.0630265e-07, 5.6060543e-07, 5.3220896e-07, 0.13066103, 0.034107156, 0.014632096, 0.006950592, 0.006985527, 0.0007217698, 0.0007948449, 0.0004055268, 0.00027801484, 0.0001398507, 1.7736538e-05, 1.0363171e-05, 3.6318143e-06, 2.825529e-06, 1.0090844e-06, 7.708136e-07, 6.749213e-07, 5.5135075e-07, 0.0421851, 0.0058874385, 0.0008227111, 4.4490695e-05, 2.1978274e-05, 1.4644023e-06, 6.7318535e-07, 5.9710936e-07, 5.3201575e-07, 5.2435337e-07, 0.022888342, 0.0011529324, 0.00017995646, 2.0049325e-05, 2.413394e-06, 7.2653484e-07, 5.6522094e-07, 5.267553e-07, 0.0076612374, 0.00023368685, 4.140057e-05, 5.9350446e-06, 1.4882198e-06, 6.5058435e-07, 5.4775256e-07, 5.236995e-07, 0.0064474754, 0.0027350131, 0.002809011, 0.001004437, 0.00046170133, 0.00019485313, 3.4516364e-05, 3.5604906e-05, 3.8137916e-06, 2.5137483e-06, 0.003051482, 0.00016727517, 2.060307e-05, 2.4221847e-06, 7.25709e-07, 5.3804365e-07, 5.222143e-07, 5.203595e-07, 0.01304978, 0.0013589913, 0.0005713782, 0.00019428632, 6.359623e-05, 9.029322e-06, 4.611322e-06, 1.0519173e-06, 5.5239775e-07, 5.255424e-07, 5.20991e-07, 5.1991907e-07, 0.006307558, 0.00061787415, 0.00019899025, 5.987222e-05, 1.4381072e-05, 1.4472203e-06, 5.951814e-07, 5.256094e-07, 0.004590567, 0.0056685964, 0.0015469586, 0.001360172, 0.00037283858, 0.00017951409, 5.2055664e-05, 6.580923e-05, 8.954911e-06, 1.8530679e-06, 8.6334035e-07, 8.614774e-07, 0.0011506656, 0.00012888832, 5.050266e-06, 4.107303e-06, 2.9935318e-06, 2.5312005e-05, 0.005637331, 0.0022589765, 0.0013787795, 0.0017555786, 0.0009863679, 0.0007938123, 0.00053178135, 0.00040611505, 0.0014728148, 0.00018936011, 4.6624955e-05, 3.7678845e-05, 1.73963e-05, 0.0010063872, 0.6617756, 0.047027625, 0.002136021, 0.0022805813, 0.0015463645, 0.0020118682, 1.6791689, 0.50102276, 0.45816493, 0.28806397, 0.08859524, 0.06635668, 0.002165027, 0.0016301951, 0.0016460534, 0.0015019891, 1.0539143, 0.042519554, 0.0023950115, 0.0014752896, 0.0013727486, 0.0013582022, 0.6919409, 0.007052463, 0.0014925434, 0.0014395631, 0.0013033237, 0.0012498362, 0.7777171, 0.2296699, 0.007806651, 0.0023535609, 0.0013494511, 0.0020140128, 0.74765444, 0.16599803, 0.025499875, 0.0026943053, 0.0009989082, 0.00084888394, 0.9309298, 0.28353694, 1.5669483, 0.75705373, 0.30000678, 0.029163117, 0.012072159, 0.0047207833, 0.002441562, 0.0035865568, 0.00094682403, 0.00065165677, 0.0004719497, 0.00035893384, 0.00032249588, 0.00015701853, 0.000105338615, 7.9850695e-05], 'scaler_samples': (array([[2.80000000e+01, 3.00000000e-01, 6.00000000e-02, 3.20000000e+01,        3.20000000e+01, 1.00000000e+00, 1.00000000e+00, 1.00000000e+00,        1.00000000e+00],       [2.44537537e+01, 8.69422555e-01, 6.85654532e-01, 1.52738474e+01,        3.11552725e+01, 3.56395870e-01, 8.69758901e-01, 2.56639479e-02,        2.90840929e-01],       [4.15991401e+01, 4.24446990e-01, 4.30387380e-01, 2.57095796e+01,        1.07103792e+01, 2.96480264e-01, 8.26412322e-01, 3.96747978e-02,        9.59362007e-01],       [1.19618371e+01, 7.38868694e-01, 4.49651050e-01, 2.12844386e+01,        4.25145497e+01, 7.67236263e-01, 4.78739424e-01, 7.63085680e-02,        3.22054255e-01],       [1.49699544e+01, 6.19315597e-01, 2.91998511e-01, 3.31793534e+01,        2.37256108e+01, 3.93854491e-02, 3.27642255e-01, 3.47652799e-01,        9.24642635e-01],       [2.71886021e+01, 6.86596364e-01, 3.86083201e-01, 2.88190317e+01,        1.21393527e+01, 1.68011639e-01, 6.31538474e-01, 6.79638931e-01,        8.96755849e-01],       [2.62449422e+01, 4.48251731e-01, 3.13372393e-01, 3.99337534e+01,        3.01721781e+01, 6.22289288e-01, 8.90104926e-01, 8.95718627e-01,        1.07715503e-01],       [1.11126830e+01, 3.37454908e-01, 6.71879991e-01, 1.75454794e+01,        1.33978753e+01, 5.80670848e-02, 9.95539294e-01, 1.82798935e-01,        6.92693175e-01],       [2.20567887e+01, 5.62588446e-02, 9.87505454e-01, 4.55119379e+01,        4.75265276e+01, 6.93823301e-01, 1.02064526e-01, 8.65900148e-01,        8.56885128e-01],       [1.27963626e+01, 3.03743290e-01, 8.64424936e-01, 4.07494319e+01,        3.98255348e+01, 8.66816335e-01, 5.05364471e-01, 4.92024614e-01,        7.64672220e-02],       [4.67754015e+01, 7.04139773e-01, 2.98916328e-01, 4.99137475e+01,        3.07532992e+01, 5.51737695e-01, 9.54753122e-01, 7.97891129e-01,        5.85945454e-01]]), array([-0.01277253, -0.01277253, -0.01277253, -0.01277253, -0.01277253,       -0.01277253, -0.01277253, -0.01277253, -0.01277253, -0.01277253,       -0.01277253])), 'net': {'saver_path': './M-LOOP_archives/neural_net_archive_2022-10-15_14-05_cAbuMMxz.ckpt'}}
