mloop_version='3.3.1'
archive_type='neural_net_learner'
num_params=2
min_boundary=array([0., 0.])
max_boundary=array([1., 1.])
start_datetime='2022-10-23_13-15'
param_names=['', '']
search_precision=1e-06
parameter_searches=10
bad_uncer_frac=0.1
trust_region=nan
has_trust_region=False
predict_global_minima_at_end=True
generation_num=3
update_hyperparameters=False
predicted_best_parameters=array([0.16881251, 0.18089636])
predicted_best_scaled_cost=-1.2586601
predicted_best_cost=-4.06428100796661
all_params=array([[0.55769665, 0.55434948],       [0.10140549, 0.11117698],       [0.73156666, 0.08105714],       [0.        , 0.27816117],       [0.        , 0.08273343],       [0.        , 0.        ],       [0.5035993 , 0.60531731],       [0.24506925, 0.12693054],       [0.18903524, 0.14271451],       [0.20226124, 0.12681772],       [0.07051709, 0.30868433],       [0.09571904, 0.15658337],       [0.1057683 , 0.15976105],       [0.10359455, 0.1546924 ],       [0.97460392, 0.22702876],       [0.14253912, 0.07375551],       [0.1363265 , 0.07672404],       [0.1203703 , 0.08958007],       [0.24556468, 0.59633272],       [0.28287848, 0.2221869 ],       [0.16523337, 0.17846258],       [0.20756548, 0.19211536],       [0.67119628, 0.91608959],       [0.14994065, 0.14359837],       [0.15329866, 0.16284886],       [0.13081003, 0.15346807],       [0.96653609, 0.12920473],       [0.81257449, 1.        ],       [0.69546736, 1.        ],       [0.77736671, 1.        ],       [0.54373918, 0.27517738],       [0.15291761, 0.17606582],       [0.15167029, 0.20130217],       [0.16425281, 0.19613902],       [0.74270976, 0.45834453],       [0.57712666, 0.95722101],       [0.14793723, 0.19088891],       [0.17744481, 0.18754788],       [0.70980776, 0.32405346],       [0.16105028, 0.18542168],       [0.15460664, 0.18050039],       [0.16086965, 0.18284112],       [0.29227076, 0.08940566],       [0.66804561, 0.81772057],       [0.15044062, 0.17928199],       [0.15431734, 0.18111218],       [0.83112743, 0.09975552],       [0.15854074, 0.18534799],       [0.1615114 , 0.17881349],       [0.15947621, 0.17846488],       [0.17807312, 0.66636283],       [0.65650178, 0.81933044],       [0.15776474, 0.1868311 ],       [0.15121789, 0.17242607],       [0.8041349 , 0.77957158],       [0.11772697, 0.75115295],       [0.        , 1.        ],       [0.16458486, 0.18539363],       [0.36121524, 0.72317064],       [0.6758834 , 0.88388366],       [0.15827183, 0.19270163],       [0.16566015, 0.19230989],       [0.72234349, 0.88625239],       [0.23976912, 0.78269554],       [0.28392985, 0.80167592],       [0.16567383, 0.18872316],       [0.35282684, 0.69161529],       [0.16049752, 0.18844365],       [0.16205007, 0.20260866],       [0.16601588, 0.18427408],       [0.11286906, 0.84139595],       [0.08310791, 0.65980461],       [0.01434678, 0.77024164],       [0.16412132, 0.17592174],       [0.97444016, 0.53647203],       [0.10518479, 0.12055086],       [0.16556671, 0.17758867],       [0.16086712, 0.172348  ],       [0.99630284, 0.04410221],       [0.16816202, 0.18354097],       [0.1397772 , 0.77845918],       [0.16351707, 0.17801077],       [0.45019165, 0.24677144],       [0.1781208 , 0.18782047],       [0.17036879, 0.18251662],       [0.17284272, 0.18631962],       [0.47612057, 0.27451162],       [0.16494597, 0.18013728],       [0.17085103, 0.17875663],       [0.16753665, 0.18066195],       [0.96816227, 0.01832276],       [0.16583448, 0.18133613],       [0.16509339, 0.18085494],       [0.1684646 , 0.18179674],       [0.50593544, 0.35268151],       [0.93275151, 0.00962672],       [0.16833521, 0.18434859],       [0.16769202, 0.18315152],       [0.02684178, 0.41351334],       [0.17179841, 0.18183036],       [0.1692792 , 0.18197413],       [0.1696119 , 0.18636973],       [0.0142572 , 0.85113437],       [0.17226542, 0.18770867],       [0.16815379, 0.1835575 ],       [0.17015665, 0.18459837],       [0.73592215, 0.3978639 ],       [0.17279893, 0.18089312],       [0.16580963, 0.18617255],       [0.1708462 , 0.18370884],       [0.10787316, 0.68033249],       [0.16777113, 0.1841999 ],       [0.16884005, 0.18660758],       [0.16774342, 0.18431314],       [0.51419633, 0.09126052],       [0.22887534, 0.16886791],       [0.16822519, 0.18276055],       [0.16695047, 0.18518521],       [0.89746612, 0.10894066],       [0.18645982, 0.17442166]])
all_costs=array([-2.97473997, -4.06085193, -3.48173913, -2.70906631, -2.75378267,       -2.40914561, -2.71641791, -3.38747885, -3.79886148, -3.63339383,       -3.18282989, -3.21348315, -3.93320236, -3.54336283, -2.88888889,       -3.38747885, -3.43396226, -3.13302034, -2.79218968, -2.97473997,       -4.32397408, -3.24473258, -4.17954071, -3.36470588, -4.26865672,       -3.75609756, -3.38747885, -3.05648855, -2.83168317, -2.79218968,       -2.80785414, -3.81333333, -3.81333333, -4.09406953, -2.65165563,       -2.5373891 , -4.14492754, -3.60720721, -3.23424879, -4.06085193,       -3.99600798, -4.06085193, -2.99252616, -3.85741811, -3.43396226,       -4.01202405, -3.68692449, -3.58139535, -3.94871795, -3.54336283,       -3.71428571, -3.30909091, -4.2869379 , -3.4938918 , -2.88057554,       -3.74205607, -2.57657658, -3.90253411, -3.45768566, -2.85592011,       -3.64663024, -4.14492754, -2.99252616, -2.91411936, -3.07526882,       -3.90253411, -3.28735632, -3.77024482, -3.22383253, -4.4988764 ,       -3.98011928, -2.75378267, -3.11353033, -3.94871795, -2.84779516,       -3.54336283, -4.11088296, -3.72811918, -2.76137931, -4.02816901,       -3.4938918 , -3.85741811, -2.77669903, -3.5061296 , -4.04444444,       -4.06085193, -2.6728972 , -3.94871795, -3.4938918 , -4.56036446,       -3.82791587, -4.16216216, -4.4       , -4.04444444, -2.97473997,       -3.34223706, -4.36165577, -4.16216216, -3.28735632, -3.85741811,       -3.99600798, -3.85741811, -3.79886148, -3.78449905, -4.36165577,       -3.71428571, -2.82369535, -3.78449905, -4.11088296, -4.23255814,       -3.75609756, -4.02816901, -3.91780822, -3.71428571, -3.27659574,       -3.34223706, -4.34273319, -3.56862745, -3.42222222, -3.79886148])
all_uncers=array([1.e-08, 1.e-08, 1.e-08, 1.e-08, 1.e-08, 1.e-08, 1.e-08, 1.e-08,       1.e-08, 1.e-08, 1.e-08, 1.e-08, 1.e-08, 1.e-08, 1.e-08, 1.e-08,       1.e-08, 1.e-08, 1.e-08, 1.e-08, 1.e-08, 1.e-08, 1.e-08, 1.e-08,       1.e-08, 1.e-08, 1.e-08, 1.e-08, 1.e-08, 1.e-08, 1.e-08, 1.e-08,       1.e-08, 1.e-08, 1.e-08, 1.e-08, 1.e-08, 1.e-08, 1.e-08, 1.e-08,       1.e-08, 1.e-08, 1.e-08, 1.e-08, 1.e-08, 1.e-08, 1.e-08, 1.e-08,       1.e-08, 1.e-08, 1.e-08, 1.e-08, 1.e-08, 1.e-08, 1.e-08, 1.e-08,       1.e-08, 1.e-08, 1.e-08, 1.e-08, 1.e-08, 1.e-08, 1.e-08, 1.e-08,       1.e-08, 1.e-08, 1.e-08, 1.e-08, 1.e-08, 1.e-08, 1.e-08, 1.e-08,       1.e-08, 1.e-08, 1.e-08, 1.e-08, 1.e-08, 1.e-08, 1.e-08, 1.e-08,       1.e-08, 1.e-08, 1.e-08, 1.e-08, 1.e-08, 1.e-08, 1.e-08, 1.e-08,       1.e-08, 1.e-08, 1.e-08, 1.e-08, 1.e-08, 1.e-08, 1.e-08, 1.e-08,       1.e-08, 1.e-08, 1.e-08, 1.e-08, 1.e-08, 1.e-08, 1.e-08, 1.e-08,       1.e-08, 1.e-08, 1.e-08, 1.e-08, 1.e-08, 1.e-08, 1.e-08, 1.e-08,       1.e-08, 1.e-08, 1.e-08, 1.e-08, 1.e-08, 1.e-08, 1.e-08, 1.e-08])
bad_run_indexs=[]
best_cost=-4.5603644646924835
best_params=array([0.16753665, 0.18066195])
best_index=89
worst_cost=-2.4091456077015643
worst_index=5
cost_range=2.151218856990919
costs_count=120
params_count=91
cost_scaler_init_index=3
net_0={'last_hyperfit': 0, 'last_net_reg': 1e-08, 'regularization_history': [1e-08], 'losses_list': [4.3001666, 0.27944493, 0.19175507, 0.068130694, 0.007090417, 0.0026846325, 0.0013424443, 0.0004781755, 0.00011409258, 3.1032785e-05, 2.2305587e-05, 1.0105492e-05, 3.4187403e-06, 1.6095582e-06, 1.0306699e-06, 7.570094e-07, 6.251977e-07, 5.61261e-07, 5.353824e-07, 5.2896536e-07, 5.2808383e-07, 5.274994e-07, 5.270962e-07, 5.269589e-07, 5.269317e-07, 5.269315e-07, 5.26932e-07, 5.269309e-07, 5.2693025e-07, 5.2693025e-07, 3.8888888, 0.95731807, 0.34113395, 0.090349354, 0.01843288, 0.0021932034, 0.0038766072, 0.0006977078, 0.00033096128, 9.9031124e-05, 4.1193034e-05, 2.0411739e-05, 1.9682145e-06, 3.312068e-06, 1.0547999e-06, 7.2459227e-07, 5.858347e-07, 5.757796e-07, 2.0527022, 0.40522477, 0.25303924, 0.19628204, 0.14728087, 0.09414392, 0.052330304, 0.025593707, 0.012860388, 0.007816855, 0.005541471, 0.0043675704, 0.0034916375, 0.0027289223, 0.0021228555, 0.0016391525, 0.0012527956, 0.0009435361, 0.00069997663, 0.0005116621, 0.00036860714, 0.00026176148, 0.00018332765, 0.00012670527, 8.648358e-05, 5.8350117e-05, 3.8962327e-05, 2.5786723e-05, 1.6950133e-05, 1.1096911e-05, 7.266134e-06, 4.785502e-06, 3.196457e-06, 2.1876951e-06, 1.5539752e-06, 1.158563e-06, 9.145661e-07, 7.648098e-07, 6.7392665e-07, 6.192792e-07, 0.7000889, 0.26207244, 0.15097116, 0.12394854, 0.10801162, 0.09732102, 0.6799717, 0.43811947, 0.47344506, 0.27654886, 0.34865275, 0.19617304, 0.47603422, 0.31720835, 0.25092533, 0.2258348, 0.77713823, 0.2736612, 0.25300896, 0.24496174, 0.84718966, 0.38105214, 0.31915346, 0.2809708, 0.25950924, 0.2961429, 0.61018986, 0.3355386, 0.27739576, 0.24767186, 0.2407456, 0.19862112, 0.17300087, 0.15826581, 0.18115486, 0.16632237, 0.18652488, 0.2884437, 0.3546686, 0.2507578, 0.20948756, 0.19856463, 0.23181865, 0.16986558, 0.16088812, 0.15793465, 0.28571162, 0.23292351, 0.22672181, 0.22727276, 0.31618708, 0.26229963, 0.7301805, 0.32742825, 0.27979118, 0.26268637, 0.41502604, 0.28055108, 0.26223588, 0.23688483, 0.24349849, 0.22139075, 0.2275539, 0.3038924, 0.35754344, 0.2550829, 0.23751004, 0.2260739, 0.24221127, 0.2357536, 0.27229542, 0.24822785, 0.21412721, 0.2044473, 0.23923862, 0.22843254, 0.2384168, 0.21286264, 0.21901016, 0.19374843, 0.20958045, 0.17844327, 0.19040942, 0.2400731, 0.22951254, 0.22691868, 0.35912645, 0.25681773, 0.24571453, 0.2303725, 0.23584974, 0.22369039], 'scaler_samples': (array([[0.55769665, 0.55434948],       [0.10140549, 0.11117698],       [0.73156666, 0.08105714]]), array([-2.97473997, -4.06085193, -3.48173913])), 'net': {'saver_path': './M-LOOP_archives/./neural_net_archive_2022-10-23_13-15_9WZAGKis.ckpt'}}
net_1={'last_hyperfit': 0, 'last_net_reg': 1e-08, 'regularization_history': [1e-08], 'losses_list': [1.2258179, 0.11402148, 0.038778998, 0.016670974, 0.0054778447, 0.00096550654, 9.594643e-05, 7.1399872e-06, 4.5258075e-06, 4.719435e-06, 2.1351561e-06, 8.632966e-07, 5.933458e-07, 5.515177e-07, 5.782341e-07, 5.7540626e-07, 5.6120217e-07, 5.469117e-07, 5.3928716e-07, 5.37244e-07, 5.371422e-07, 5.372017e-07, 5.371373e-07, 5.371072e-07, 5.3709556e-07, 5.3709306e-07, 5.370918e-07, 5.3709175e-07, 5.370917e-07, 5.3709164e-07, 3.2013533, 0.8016048, 0.125286, 0.026886854, 0.011275804, 0.0044523706, 0.0007364636, 0.0002621492, 0.00016095518, 5.0875627e-05, 2.1689733e-05, 6.3578336e-06, 1.4090234e-06, 1.1053417e-06, 6.984093e-07, 5.781714e-07, 5.707439e-07, 5.483123e-07, 1.4687873, 0.5008473, 0.1715325, 0.12693319, 0.08129099, 0.035951294, 0.0119738635, 0.005412206, 0.0050407657, 0.0043385397, 0.0035813586, 0.0031437606, 0.0028163525, 0.0025029643, 0.0022211885, 0.0019711936, 0.0017463717, 0.0015450233, 0.0013651963, 0.0012043564, 0.0010605432, 0.0009320527, 0.0008172993, 0.00071493303, 0.000623747, 0.00054266164, 0.0004707141, 0.00040703703, 0.0003508332, 0.0003013697, 0.0002579739, 0.00022003602, 0.00018698705, 0.00015830983, 0.000133521, 0.000112180016, 9.389124e-05, 7.828396e-05, 6.5022854e-05, 5.3807442e-05, 4.4366898e-05, 3.645417e-05, 2.985365e-05, 2.4373416e-05, 1.9842451e-05, 1.6114522e-05, 1.3059072e-05, 1.0567155e-05, 8.542561e-06, 6.904624e-06, 5.584908e-06, 4.5260267e-06, 3.6790984e-06, 3.0044555e-06, 2.4693716e-06, 2.0460757e-06, 1.712618e-06, 1.4506231e-06, 1.2454526e-06, 1.0854645e-06, 9.61034e-07, 8.6448597e-07, 0.7265291, 0.25521296, 0.1709075, 0.15113091, 0.13491797, 0.12324257, 0.4601129, 0.6499493, 0.26433298, 0.20018306, 0.21191883, 0.21407813, 0.36415982, 0.26154006, 0.22899963, 0.22012527, 0.66407216, 0.29278117, 0.24417533, 0.22878435, 0.5493204, 0.38614094, 0.32909307, 0.29817128, 0.38704044, 0.37701344, 0.531514, 0.3269974, 0.294968, 0.27202177, 0.2732762, 0.21737044, 0.1974673, 0.18952668, 0.2355356, 0.21792147, 0.22176053, 0.22077927, 0.4358693, 0.3791195, 0.28137627, 0.2636401, 0.37353984, 0.24277472, 0.22622077, 0.22796638, 0.3329832, 0.25874013, 0.25075892, 0.24672109, 0.36462954, 0.26692197, 0.25591767, 0.25890866, 0.2975283, 0.3065631, 0.36767784, 0.28905103, 0.28776956, 0.2831366, 0.27068546, 0.23971374, 0.24459592, 0.25816965, 0.4169861, 0.2784124, 0.24849665, 0.258638, 0.2574287, 0.23899299, 0.28661415, 0.25974056, 0.25043133, 0.2423122, 0.23224561, 0.3930097, 0.22241329, 0.21730801, 0.2591974, 0.2154011, 0.20200892, 0.21326573, 0.20364897, 0.24390589, 0.2355856, 0.20820695], 'scaler_samples': (array([[0.55769665, 0.55434948],       [0.10140549, 0.11117698],       [0.73156666, 0.08105714]]), array([-2.97473997, -4.06085193, -3.48173913])), 'net': {'saver_path': './M-LOOP_archives/./neural_net_archive_2022-10-23_13-15_Oljepude.ckpt'}}
net_2={'last_hyperfit': 0, 'last_net_reg': 1e-08, 'regularization_history': [1e-08], 'losses_list': [0.11641051, 0.11075184, 0.020392172, 0.0035490044, 0.00023560965, 9.4103205e-05, 0.0002941464, 0.00019349142, 3.2695403e-05, 2.1250205e-06, 9.237197e-06, 1.574449e-06, 1.1440799e-06, 8.307948e-07, 6.0989396e-07, 5.97091e-07, 5.718577e-07, 5.6489716e-07, 5.649636e-07, 5.6284233e-07, 5.630389e-07, 5.6289116e-07, 5.628257e-07, 5.6282624e-07, 5.62821e-07, 5.62819e-07, 5.6281834e-07, 5.6281806e-07, 5.628179e-07, 5.6281766e-07, 3.7588465, 0.93220353, 0.37641862, 0.10558527, 0.008109442, 0.010623894, 0.0020132186, 0.0010652965, 0.00010893296, 0.00012981376, 2.1697044e-05, 1.9531553e-05, 4.666719e-06, 2.8596805e-06, 8.6514103e-07, 8.2827364e-07, 6.3020985e-07, 6.001775e-07, 0.96909404, 0.3319952, 0.15546918, 0.07936855, 0.024760514, 0.00900503, 0.006017634, 0.005638682, 0.0043626097, 0.0037534374, 0.0033525496, 0.0029618365, 0.002619726, 0.0023217825, 0.0020529039, 0.0018123423, 0.001596378, 0.0014021093, 0.0012278464, 0.0010718807, 0.00093265093, 0.00080870837, 0.0006987402, 0.0006015326, 0.0005159187, 0.00044081657, 0.00037521622, 0.00031816165, 0.00026873115, 0.00022610466, 0.00018949775, 0.00015820454, 0.00013157462, 0.00010900659, 8.9975314e-05, 7.399354e-05, 6.0634808e-05, 4.9512364e-05, 4.0303268e-05, 3.270073e-05, 2.6457914e-05, 2.1351341e-05, 1.7194427e-05, 1.381971e-05, 1.10953515e-05, 8.901755e-06, 7.1433337e-06, 5.74022e-06, 4.6226596e-06, 3.7371017e-06, 3.037923e-06, 2.4872472e-06, 2.0555094e-06, 1.7174549e-06, 1.454043e-06, 1.2493736e-06, 1.0907631e-06, 9.686107e-07, 8.742305e-07, 8.0202057e-07, 0.7071767, 0.25871348, 0.16710055, 0.13646014, 0.11905546, 0.10410154, 0.09336966, 0.084595695, 0.3443393, 0.34132135, 0.21451773, 0.22071214, 0.45085675, 0.30405402, 0.2199426, 0.23247127, 0.68447953, 0.25663316, 0.22443354, 0.20720805, 0.46186325, 0.32032228, 0.28120017, 0.2425898, 0.21333164, 0.25005075, 0.3620371, 0.6081504, 0.49894342, 0.35113645, 0.32663792, 0.2839392, 0.25448462, 0.22766645, 0.25757208, 0.22030069, 0.19627447, 0.18402514, 0.19678997, 0.26414952, 0.312176, 0.24225256, 0.22004807, 0.23647852, 0.204338, 0.23675926, 0.243925, 0.22783656, 0.26685253, 0.27634263, 0.3331104, 0.29049814, 0.4020507, 0.31262589, 0.26658556, 0.24839222, 0.30616888, 0.25060973, 0.22471662, 0.22425516, 0.24155559, 0.2372179, 0.3918396, 0.26595616, 0.29932442, 0.22862858, 0.20741776, 0.24437112, 0.23844983, 0.22998028, 0.24185468, 0.25344196, 0.20852755, 0.22907351, 0.21806695, 0.29825354, 0.22767791, 0.21392131, 0.26087305, 0.22361031, 0.20427972, 0.18512625, 0.2240917, 0.174219, 0.19000487, 0.19939077, 0.19656871, 0.22592546, 0.22475715, 0.18942922, 0.22723192, 0.21544403], 'scaler_samples': (array([[0.55769665, 0.55434948],       [0.10140549, 0.11117698],       [0.73156666, 0.08105714]]), array([-2.97473997, -4.06085193, -3.48173913])), 'net': {'saver_path': './M-LOOP_archives/./neural_net_archive_2022-10-23_13-15_A3vbX5PC.ckpt'}}
