mloop_version='3.3.1'
archive_type='neural_net_learner'
num_params=2
min_boundary=array([0., 0.])
max_boundary=array([1., 1.])
start_datetime='2022-10-23_04-58'
param_names=['', '']
search_precision=1e-06
parameter_searches=10
bad_uncer_frac=0.1
trust_region=nan
has_trust_region=False
predict_global_minima_at_end=True
generation_num=3
update_hyperparameters=False
predicted_best_parameters=array([0.11288078, 0.16401785])
predicted_best_scaled_cost=-3.1257222
predicted_best_cost=-2.0902548070117377
all_params=array([[1.73452118e-01, 9.86750282e-01],       [5.22682154e-01, 4.42591013e-01],       [6.71412446e-01, 5.45216915e-01],       [5.55111512e-17, 1.00000000e+00],       [5.55111512e-17, 7.31490718e-01],       [1.00000000e+00, 0.00000000e+00],       [9.64612036e-01, 6.31557200e-01],       [2.41040630e-01, 1.00000000e+00],       [2.40500260e-01, 1.00000000e+00],       [2.22276884e-01, 1.00000000e+00],       [3.50343777e-01, 7.04881149e-01],       [1.44922711e-01, 1.00000000e+00],       [1.59869371e-01, 1.00000000e+00],       [1.42901132e-01, 1.00000000e+00],       [6.02633991e-01, 9.90959069e-01],       [1.63496895e-01, 1.00000000e+00],       [1.70768471e-01, 1.00000000e+00],       [1.61072341e-01, 1.00000000e+00],       [9.90982320e-01, 2.10763920e-01],       [6.35135174e-01, 1.00000000e+00],       [6.89016881e-01, 1.00000000e+00],       [9.25649732e-01, 1.00000000e+00],       [5.25128463e-01, 5.06832938e-01],       [1.00000000e+00, 2.15849464e-01],       [1.00000000e+00, 2.52309859e-01],       [1.00000000e+00, 2.07076948e-01],       [7.58545187e-01, 1.20269436e-01],       [5.46467370e-01, 1.00000000e+00],       [4.88839821e-01, 1.00000000e+00],       [5.24575557e-01, 1.00000000e+00],       [4.64797633e-01, 7.96042948e-01],       [1.00000000e+00, 2.08936672e-01],       [1.00000000e+00, 1.72122742e-01],       [6.85531341e-01, 0.00000000e+00],       [6.69086278e-01, 4.43394464e-01],       [1.81722908e-01, 1.00000000e+00],       [1.78838912e-01, 1.00000000e+00],       [1.60811059e-01, 9.91342907e-01],       [8.40388326e-01, 2.82125029e-02],       [6.00884509e-01, 1.00000000e+00],       [6.06287085e-01, 1.00000000e+00],       [1.69813030e-01, 9.87674953e-01],       [3.02775610e-01, 7.03640485e-01],       [1.67469333e-01, 1.00000000e+00],       [1.66777822e-01, 9.90923498e-01],       [1.71107091e-01, 9.95897302e-01],       [2.62596505e-01, 1.83593040e-02],       [7.08912810e-01, 2.08963126e-01],       [7.33027293e-01, 2.24621044e-01],       [1.63170794e-01, 1.00000000e+00],       [8.60261316e-02, 1.52998246e-01],       [1.52585445e-01, 0.00000000e+00],       [5.55111512e-17, 0.00000000e+00],       [8.44617602e-02, 0.00000000e+00],       [8.76648961e-01, 4.31766579e-01],       [2.76006707e-01, 0.00000000e+00],       [2.88574623e-01, 3.56767107e-02],       [2.79536722e-01, 0.00000000e+00],       [9.04099161e-01, 5.98872710e-02],       [8.86588408e-02, 2.29244870e-01],       [1.00651061e-01, 2.33268168e-01],       [5.51956824e-02, 2.08271037e-01],       [3.31902157e-01, 5.74741188e-01],       [1.47757840e-01, 1.68018521e-01],       [1.68865745e-01, 2.06825961e-01],       [1.81215474e-01, 9.63112089e-01],       [7.97189449e-01, 4.26072937e-01],       [1.92139244e-01, 1.87524099e-01],       [1.55237283e-01, 1.80358339e-01],       [1.86983073e-01, 2.04673085e-01],       [3.82080970e-02, 6.33143689e-03],       [2.37873495e-01, 0.00000000e+00],       [1.22289133e-01, 1.42538913e-01],       [1.56295727e-01, 1.60569007e-01],       [3.07966231e-01, 9.53694476e-01],       [1.25054440e-01, 1.39086937e-01],       [1.36612507e-01, 1.59475117e-01],       [1.18861969e-01, 1.46050493e-01],       [2.12500572e-01, 6.07240325e-01],       [1.16640143e-01, 1.60203832e-01],       [1.31746711e-01, 1.77625971e-01],       [1.29787210e-01, 1.68367544e-01],       [1.21876382e-01, 3.17520479e-01],       [1.16511365e-01, 1.18656960e-01],       [1.36257321e-01, 1.69648963e-01],       [1.43457081e-01, 1.74328247e-01],       [6.45131090e-01, 9.95957809e-01],       [1.78432879e-01, 5.62903076e-01],       [1.61555356e-01, 4.86924600e-01],       [1.81029494e-01, 5.66129789e-01],       [2.23905880e-01, 1.78512564e-01],       [1.63376436e-01, 3.81792448e-01],       [1.66510828e-01, 3.88292260e-01],       [1.31230538e-01, 1.75468047e-01],       [7.28712250e-01, 4.13063712e-01],       [2.18953339e-01, 7.12062630e-01],       [2.22876720e-01, 6.61478270e-01],       [2.21922486e-01, 6.68846231e-01],       [3.32331051e-01, 5.02645437e-01],       [1.34832676e-01, 1.42521077e-01],       [1.34490459e-01, 1.72791717e-01],       [1.24339543e-01, 1.66011527e-01],       [6.13213139e-01, 7.20127961e-03],       [1.24165852e-01, 1.63214965e-01],       [1.27234325e-01, 3.34797773e-01],       [1.18559029e-01, 1.73563004e-01],       [1.27240369e-01, 3.25837104e-01],       [1.09409838e-01, 1.72325274e-01],       [2.23085590e-01, 6.02275943e-01],       [2.29458864e-01, 6.18626121e-01],       [3.27639725e-02, 4.16570007e-01],       [1.12470838e-01, 1.67682139e-01],       [1.44660188e-01, 1.67943889e-01],       [1.11410498e-01, 1.56465851e-01],       [9.84800026e-01, 2.88135779e-01],       [1.10694777e-01, 1.60481482e-01],       [1.47266338e-01, 1.61263560e-01],       [1.13345655e-01, 1.50960052e-01],       [5.03182239e-01, 8.50466350e-01],       [1.08254413e-01, 1.60734042e-01]])
all_costs=array([-1.93804453, -1.73333333, -1.78909741, -1.71550985, -1.78909741,       -1.77325066, -1.68094039, -1.87981221, -1.79230081, -1.86232558,       -1.74542284, -1.89403974, -1.88334901, -1.90123457, -1.94936709,       -1.83838384, -2.004004  , -2.0120603 , -2.15037594, -1.86928105,       -1.78272484, -1.75153106, -1.72141015, -2.        , -1.81176471,       -1.71257485, -1.93429952, -1.73633998, -1.80849142, -1.77011494,       -1.74542284, -1.79874214, -1.7955157 , -1.73935708, -1.7955157 ,       -1.93804453, -1.86579683, -2.        , -1.8019802 , -1.79874214,       -1.78272484, -1.8519889 , -1.75153106, -1.86928105, -1.9920398 ,       -1.93429952, -2.09195402, -1.74542284, -1.77639752, -1.93429952,       -2.04494382, -1.91212989, -1.76077397, -1.79874214, -1.85886722,       -1.86579683, -1.77011494, -1.83838384, -1.71257485, -1.79230081,       -2.02426694, -1.78272484, -1.7955157 , -2.2418813 , -2.00802407,       -2.05333333, -1.83838384, -2.0746114 , -1.98021761, -1.90848427,       -1.84856879, -1.77011494, -2.04077472, -2.05755396, -1.76077397,       -1.90848427, -1.96082272, -2.15500538, -2.10515247, -2.04494382,       -2.0120603 , -2.22197558, -2.09633508, -2.0746114 , -2.01611279,       -1.98808342, -1.83165599, -1.86579683, -2.004004  , -2.05755396,       -1.9920398 , -2.04077472, -1.89403974, -1.98021761, -1.86928105,       -1.90123457, -2.15037594, -1.80522994, -1.81834696, -1.95317073,       -2.01611279, -2.10958904, -1.93056895, -2.13205538, -1.87981221,       -2.09195402, -1.91946309, -1.93429952, -1.85886722, -1.95698925,       -1.92315082, -2.17372421, -2.16432432, -2.08759124, -1.77011494,       -2.15037594, -2.0746114 , -2.04494382, -1.81176471, -2.2269188 ])
all_uncers=array([1.e-08, 1.e-08, 1.e-08, 1.e-08, 1.e-08, 1.e-08, 1.e-08, 1.e-08,       1.e-08, 1.e-08, 1.e-08, 1.e-08, 1.e-08, 1.e-08, 1.e-08, 1.e-08,       1.e-08, 1.e-08, 1.e-08, 1.e-08, 1.e-08, 1.e-08, 1.e-08, 1.e-08,       1.e-08, 1.e-08, 1.e-08, 1.e-08, 1.e-08, 1.e-08, 1.e-08, 1.e-08,       1.e-08, 1.e-08, 1.e-08, 1.e-08, 1.e-08, 1.e-08, 1.e-08, 1.e-08,       1.e-08, 1.e-08, 1.e-08, 1.e-08, 1.e-08, 1.e-08, 1.e-08, 1.e-08,       1.e-08, 1.e-08, 1.e-08, 1.e-08, 1.e-08, 1.e-08, 1.e-08, 1.e-08,       1.e-08, 1.e-08, 1.e-08, 1.e-08, 1.e-08, 1.e-08, 1.e-08, 1.e-08,       1.e-08, 1.e-08, 1.e-08, 1.e-08, 1.e-08, 1.e-08, 1.e-08, 1.e-08,       1.e-08, 1.e-08, 1.e-08, 1.e-08, 1.e-08, 1.e-08, 1.e-08, 1.e-08,       1.e-08, 1.e-08, 1.e-08, 1.e-08, 1.e-08, 1.e-08, 1.e-08, 1.e-08,       1.e-08, 1.e-08, 1.e-08, 1.e-08, 1.e-08, 1.e-08, 1.e-08, 1.e-08,       1.e-08, 1.e-08, 1.e-08, 1.e-08, 1.e-08, 1.e-08, 1.e-08, 1.e-08,       1.e-08, 1.e-08, 1.e-08, 1.e-08, 1.e-08, 1.e-08, 1.e-08, 1.e-08,       1.e-08, 1.e-08, 1.e-08, 1.e-08, 1.e-08, 1.e-08, 1.e-08, 1.e-08])
bad_run_indexs=[]
best_cost=-2.2418812989921615
best_params=array([0.14775784, 0.16801852])
best_index=63
worst_cost=-1.6809403862300587
worst_index=6
cost_range=0.5609409127621028
costs_count=120
params_count=91
cost_scaler_init_index=3
net_0={'last_hyperfit': 0, 'last_net_reg': 1e-08, 'regularization_history': [1e-08], 'losses_list': [0.07295182, 0.029602328, 0.004033559, 0.0024909931, 0.0007981393, 6.917596e-05, 0.00017904065, 2.5685807e-05, 2.6988688e-05, 3.947738e-06, 3.164219e-06, 1.606588e-06, 6.946462e-07, 5.9635e-07, 5.654571e-07, 5.3575366e-07, 5.2327806e-07, 5.2015577e-07, 5.196077e-07, 5.1949417e-07, 5.194227e-07, 5.193876e-07, 5.193821e-07, 5.1938343e-07, 5.1938093e-07, 5.1938093e-07, 5.1938076e-07, 5.193807e-07, 5.1938054e-07, 5.193804e-07, 0.8096687, 0.10668908, 0.017603606, 0.0041380525, 0.002026255, 0.0010514074, 0.00031423348, 6.890217e-05, 3.8991668e-05, 1.7277265e-05, 3.3664405e-06, 1.1382672e-06, 1.050276e-06, 7.205234e-07, 5.5740315e-07, 5.238924e-07, 0.7117006, 0.1947116, 0.11844016, 0.059106555, 0.055930533, 0.054048777, 0.166728, 0.06316698, 0.062259827, 0.05659933, 0.54900414, 0.25220725, 0.24488088, 0.24152456, 1.1578062, 0.4752516, 0.18259384, 0.1769298, 0.93579054, 0.71821415, 0.70312893, 0.70279324, 1.2833011, 0.71204966, 0.63842285, 0.606695, 0.738953, 0.8128136, 0.74069136, 0.61980826, 0.59260565, 0.5811971, 0.68180525, 0.60610473, 0.5693856, 0.56240994, 1.0178748, 0.58969384, 0.76238, 0.6056141, 0.8069348, 0.64997154, 0.59043986, 0.5573578, 0.8174683, 0.60359824, 0.5737882, 0.56089705, 0.78285784, 0.61392605, 0.5763982, 0.5219974, 0.5869921, 1.0521896, 0.78212243, 0.62448364, 0.76939446, 0.6366772, 0.65521204, 0.6377603, 0.7368537, 0.7389596, 0.72980744, 0.627593, 0.69363415, 0.6145203, 0.6290657, 0.58941597, 0.6858768, 0.8138659, 0.6933467, 0.6484555, 0.71721447, 0.65126085, 0.66608405, 0.6450333, 0.6553464, 0.71682197, 0.6394168, 0.6458565, 0.6544772, 0.63731194], 'scaler_samples': (array([[0.17345212, 0.98675028],       [0.52268215, 0.44259101],       [0.67141245, 0.54521691]]), array([-1.93804453, -1.73333333, -1.78909741])), 'net': {'saver_path': './M-LOOP_archives/./neural_net_archive_2022-10-23_04-58_laJv79nq.ckpt'}}
net_1={'last_hyperfit': 0, 'last_net_reg': 1e-08, 'regularization_history': [1e-08], 'losses_list': [0.8068041, 0.07246416, 0.032163672, 0.015716529, 0.0046357103, 0.0027372162, 0.0005039607, 0.000107284446, 4.617788e-05, 3.343205e-05, 1.1490674e-05, 2.6618025e-06, 2.0895816e-06, 7.316586e-07, 8.245209e-07, 5.5139924e-07, 5.709944e-07, 5.471635e-07, 5.469069e-07, 5.441198e-07, 5.435521e-07, 5.4351875e-07, 5.4337113e-07, 5.4337846e-07, 5.4336084e-07, 5.43359e-07, 5.4335817e-07, 5.4335806e-07, 5.43358e-07, 5.43358e-07, 0.49821955, 0.123836346, 0.06881466, 0.012772201, 0.004010142, 0.0014017465, 0.0004998569, 0.00013957878, 5.212211e-05, 1.7432818e-05, 6.2951303e-06, 2.087083e-06, 1.0541264e-06, 7.276718e-07, 6.251982e-07, 5.7190204e-07, 0.63427085, 0.1720863, 0.08867787, 0.065577514, 0.056832943, 0.054446116, 0.17471352, 0.058488548, 0.058206726, 0.05448802, 0.45844936, 0.22914767, 0.25833482, 0.24064694, 1.1441263, 0.5486894, 0.34700355, 0.20172775, 0.17032579, 0.16403425, 1.1514931, 0.7443626, 0.69175845, 0.70607096, 1.275134, 0.7049232, 0.661278, 0.63033235, 0.87035364, 0.9505109, 0.75399464, 0.77419716, 0.65245956, 0.63178515, 0.6745586, 0.6351466, 0.5871221, 0.5791809, 0.9717743, 0.68158925, 0.6225579, 0.6060216, 0.72783595, 0.6268174, 0.61565983, 0.6191186, 0.80225813, 0.60729986, 0.56960803, 0.54514456, 0.7395012, 0.6014241, 0.59075546, 0.53631, 0.66565, 0.9405552, 0.71084243, 0.61111355, 0.59437937, 0.63647175, 0.69868714, 0.60098594, 0.65999085, 0.60910964, 0.7334603, 0.77443886, 0.7428684, 0.65426844, 0.64345586, 0.70680165, 0.73309267, 0.6351802, 0.6298806, 0.6661205, 0.68416667, 0.5841346, 0.6846164, 0.68017495, 0.67634857, 0.6252172, 0.7207201, 0.65386534, 0.71612984, 0.66368216, 0.6602579, 0.7184466, 0.6793664, 0.62295234], 'scaler_samples': (array([[0.17345212, 0.98675028],       [0.52268215, 0.44259101],       [0.67141245, 0.54521691]]), array([-1.93804453, -1.73333333, -1.78909741])), 'net': {'saver_path': './M-LOOP_archives/./neural_net_archive_2022-10-23_04-58_NTwr-Fhw.ckpt'}}
net_2={'last_hyperfit': 0, 'last_net_reg': 1e-08, 'regularization_history': [1e-08], 'losses_list': [0.49915522, 0.11184719, 0.019664846, 0.0078842, 0.0012371218, 0.0013946001, 0.00045894695, 0.0001373946, 1.3833452e-05, 2.084733e-05, 6.740338e-06, 2.7774927e-06, 8.9048615e-07, 9.852353e-07, 5.727439e-07, 5.722286e-07, 5.457037e-07, 5.376445e-07, 5.358026e-07, 5.3385463e-07, 5.3395576e-07, 5.3384724e-07, 5.337598e-07, 5.3375004e-07, 5.337442e-07, 5.337431e-07, 5.3374293e-07, 5.337426e-07, 5.337426e-07, 5.337426e-07, 0.78230715, 0.18799224, 0.021359304, 0.003675861, 0.0034806272, 0.0012470749, 0.00063206826, 8.681942e-05, 3.384069e-05, 7.3487718e-06, 7.333155e-06, 2.8951813e-06, 1.5841358e-06, 7.6228287e-07, 6.225051e-07, 5.4496536e-07, 0.5294142, 0.1686369, 0.10766953, 0.0693494, 0.05435675, 0.05449469, 0.14718062, 0.06961936, 0.0593012, 0.057050884, 0.504847, 0.2914076, 0.26187786, 0.22335652, 1.2298473, 0.4650552, 0.23464595, 0.18302163, 0.17346258, 0.16246219, 1.050835, 0.75354785, 0.7043076, 0.70083374, 1.2839694, 0.7205614, 0.6838661, 0.6710761, 0.8660762, 0.8421144, 0.75276184, 1.0307033, 0.67094606, 0.62222576, 0.68274355, 0.6215588, 0.58383816, 0.57163775, 1.0946436, 0.6871162, 0.62456185, 0.62690187, 1.0155312, 0.67551976, 0.61778355, 0.66783637, 0.8093612, 0.6259013, 0.61804426, 0.5883889, 0.784604, 0.6089879, 0.70589703, 0.5764204, 0.5919313, 0.85058033, 0.8591293, 0.7131481, 0.68790406, 0.6293456, 0.71889997, 0.6567808, 0.6858076, 0.6544988, 0.788358, 0.6876589, 0.8967259, 0.6815478, 0.72776735, 0.66887605, 0.6764733, 0.62705725, 0.7706723, 0.73410785, 0.68229717, 0.65018064, 0.7977501, 0.70721096, 0.6703416, 0.66041195, 0.7241549, 0.66069204, 0.6778895, 0.7051472, 0.7340343, 0.6546676], 'scaler_samples': (array([[0.17345212, 0.98675028],       [0.52268215, 0.44259101],       [0.67141245, 0.54521691]]), array([-1.93804453, -1.73333333, -1.78909741])), 'net': {'saver_path': './M-LOOP_archives/./neural_net_archive_2022-10-23_04-58_Wgx3fJ0v.ckpt'}}
