mloop_version='3.3.1'
archive_type='neural_net_learner'
num_params=2
min_boundary=array([0., 0.])
max_boundary=array([1., 1.])
start_datetime='2022-10-23_10-06'
param_names=['', '']
search_precision=1e-06
parameter_searches=10
bad_uncer_frac=0.1
trust_region=nan
has_trust_region=False
predict_global_minima_at_end=True
generation_num=3
update_hyperparameters=False
predicted_best_parameters=array([0.6161219 , 0.11629201])
predicted_best_scaled_cost=-3.4374707
predicted_best_cost=-3.063256243265731
all_params=array([[0.71517883, 0.44781836],       [0.73916896, 0.89268584],       [0.33859468, 0.20421239],       [1.        , 0.54754898],       [0.9068614 , 0.46060466],       [0.76237434, 0.30453281],       [0.05237613, 0.02181016],       [0.84111603, 0.45073421],       [0.91746527, 0.40128475],       [0.87277996, 0.43782307],       [0.60679207, 0.11757029],       [0.78187606, 0.50679237],       [0.75657604, 0.50426665],       [0.78410344, 0.50844555],       [0.04116968, 0.37308558],       [0.60242382, 0.        ],       [0.49983107, 0.        ],       [0.55857644, 0.        ],       [0.98478105, 0.80649793],       [0.        , 0.45294078],       [0.        , 0.47636092],       [0.62834342, 0.14223074],       [0.19070504, 0.08656508],       [0.59869092, 0.20059801],       [0.64468109, 0.12513285],       [0.80938188, 0.44228324],       [0.94880665, 0.25305157],       [0.61211328, 0.13188644],       [0.60457583, 0.12352564],       [0.86749578, 0.49056403],       [0.37804372, 0.46821874],       [0.20542086, 0.02470386],       [0.60355653, 0.12799284],       [0.60612036, 0.13502754],       [0.40543466, 0.90423531],       [0.61559139, 0.13626981],       [0.        , 0.31994075],       [0.6409903 , 0.41100694],       [0.4470824 , 0.19112188],       [0.63612945, 0.40503315],       [0.61897645, 0.40816235],       [0.64350816, 0.40297793],       [0.01723699, 0.52811751],       [0.62373578, 0.12392213],       [0.46811195, 0.18358817],       [0.57666539, 0.47186887],       [0.49496622, 0.96396816],       [0.16358386, 0.14706762],       [0.        , 0.63450331],       [0.        , 0.67914283],       [0.47823139, 0.0612042 ],       [0.42028575, 0.15079156],       [0.61814823, 0.12269278],       [0.45201099, 0.17088183],       [0.7796398 , 0.84911582],       [0.4347798 , 0.09601593],       [0.40742946, 0.1590172 ],       [0.44140218, 0.13773384],       [0.3298269 , 0.31326573],       [0.61915495, 0.11009625],       [0.2005447 , 0.09415731],       [0.65918648, 0.43918096],       [0.41244473, 0.82211854],       [1.        , 0.36505413],       [0.83623307, 0.45732853],       [0.43648801, 0.16702943],       [0.50226433, 0.44697087],       [0.62274712, 0.11701889],       [0.16339703, 0.07153288],       [0.61804019, 0.15283236],       [0.24996933, 0.50604768],       [0.43782704, 0.1756226 ],       [0.44925319, 0.16976654],       [0.61758401, 0.1175987 ],       [0.46526311, 0.02435937],       [0.61814555, 0.10566891],       [0.6175375 , 0.10065836],       [0.61660735, 0.10568898],       [0.1397825 , 0.32575169],       [0.61697126, 0.08845684],       [0.61599759, 0.09749784],       [0.61657659, 0.0979203 ],       [0.60305401, 0.84033691],       [0.62078926, 0.08761935],       [0.6048221 , 0.13828842],       [0.85772015, 0.44842134],       [0.18692092, 0.26339564],       [0.61734831, 0.13199689],       [0.62153598, 0.11816829],       [0.65507557, 0.41478294],       [0.69194905, 0.90507123],       [0.61878135, 0.12129562],       [0.46198479, 0.25537318],       [0.61673569, 0.11599451],       [0.38980055, 0.10685948],       [0.61756221, 0.11880265],       [0.6159023 , 0.12657075],       [0.61567874, 0.11218931],       [0.01662039, 0.46984304],       [0.61784879, 0.12152073],       [0.61839165, 0.12751323],       [0.61799957, 0.109523  ],       [0.86360259, 0.03544254],       [0.61881095, 0.1188739 ],       [0.61446463, 0.1202859 ],       [0.61671501, 0.11337063],       [0.4855117 , 0.18669916],       [0.61979701, 0.12076213],       [0.62031295, 0.1099276 ],       [0.61911292, 0.1142233 ],       [0.09540704, 0.82885369],       [0.61900593, 0.11196058],       [0.61754668, 0.11144344],       [0.52113408, 0.08019529],       [0.42829913, 0.6642761 ],       [0.60461498, 0.08068608],       [0.61813897, 0.10976759],       [0.83447011, 0.45398529],       [0.81974381, 0.33043953],       [0.62007872, 0.1271335 ]])
all_costs=array([-2.63074901, -2.15500538, -2.20727674, -2.26214689, -2.73124147,       -2.19758507, -2.14576635, -3.12324493, -2.72380952, -2.15500538,       -2.97473997, -2.18320611, -2.04494382, -2.13205538, -2.73124147,       -2.08759124, -2.08759124, -2.00802407, -2.22197558, -2.09633508,       -2.04494382, -2.90566038, -3.01960784, -2.60338101, -2.59662776,       -2.08324662, -2.20242024, -2.97473997, -2.61699346, -2.71641791,       -2.26727067, -2.18797814, -2.72380952, -2.65869854, -2.13205538,       -2.8       , -2.09195402, -3.00149925, -2.98360656, -2.12301166,       -2.76901798, -2.18320611, -2.66577896, -2.63768116, -2.62385321,       -2.1596548 , -2.09195402, -2.66577896, -2.16432432, -2.09195402,       -2.78442281, -2.94845361, -3.16271722, -3.04718417, -2.14117647,       -2.10515247, -2.42079807, -2.89725036, -2.55683269, -2.93118594,       -2.65165563, -2.01611279, -2.58990944, -2.13660619, -2.18320611,       -2.71641791, -2.12752391, -3.04718417, -2.46248462, -2.97473997,       -2.09195402, -2.70906631, -2.53097345, -3.5061296 , -2.19277108,       -3.27659574, -3.30909091, -2.82369535, -2.56996149, -2.5119197 ,       -2.34701055, -2.83971631, -2.19758507, -2.79218968, -2.6728972 ,       -2.09195402, -2.76137931, -2.70175439, -3.08474576, -2.63768116,       -2.07892004, -3.10387597, -2.15037594, -3.27659574, -2.45644172,       -3.27659574, -2.8       , -3.13302034, -2.58990944, -2.92262774,       -3.03793627, -3.39898132, -2.15500538, -2.98360656, -2.93118594,       -2.8723099 , -2.72380952, -3.01052632, -3.04718417, -2.93979442,       -2.23188406, -2.8723099 , -3.0942813 , -2.68005355, -2.16901408,       -2.77669903, -3.11353033, -2.23188406, -2.14576635, -2.63768116])
all_uncers=array([1.e-08, 1.e-08, 1.e-08, 1.e-08, 1.e-08, 1.e-08, 1.e-08, 1.e-08,       1.e-08, 1.e-08, 1.e-08, 1.e-08, 1.e-08, 1.e-08, 1.e-08, 1.e-08,       1.e-08, 1.e-08, 1.e-08, 1.e-08, 1.e-08, 1.e-08, 1.e-08, 1.e-08,       1.e-08, 1.e-08, 1.e-08, 1.e-08, 1.e-08, 1.e-08, 1.e-08, 1.e-08,       1.e-08, 1.e-08, 1.e-08, 1.e-08, 1.e-08, 1.e-08, 1.e-08, 1.e-08,       1.e-08, 1.e-08, 1.e-08, 1.e-08, 1.e-08, 1.e-08, 1.e-08, 1.e-08,       1.e-08, 1.e-08, 1.e-08, 1.e-08, 1.e-08, 1.e-08, 1.e-08, 1.e-08,       1.e-08, 1.e-08, 1.e-08, 1.e-08, 1.e-08, 1.e-08, 1.e-08, 1.e-08,       1.e-08, 1.e-08, 1.e-08, 1.e-08, 1.e-08, 1.e-08, 1.e-08, 1.e-08,       1.e-08, 1.e-08, 1.e-08, 1.e-08, 1.e-08, 1.e-08, 1.e-08, 1.e-08,       1.e-08, 1.e-08, 1.e-08, 1.e-08, 1.e-08, 1.e-08, 1.e-08, 1.e-08,       1.e-08, 1.e-08, 1.e-08, 1.e-08, 1.e-08, 1.e-08, 1.e-08, 1.e-08,       1.e-08, 1.e-08, 1.e-08, 1.e-08, 1.e-08, 1.e-08, 1.e-08, 1.e-08,       1.e-08, 1.e-08, 1.e-08, 1.e-08, 1.e-08, 1.e-08, 1.e-08, 1.e-08,       1.e-08, 1.e-08, 1.e-08, 1.e-08, 1.e-08, 1.e-08, 1.e-08, 1.e-08])
bad_run_indexs=[]
best_cost=-3.506129597197898
best_params=array([0.61758401, 0.1175987 ])
best_index=73
worst_cost=-2.0080240722166502
worst_index=17
cost_range=1.4981055249812476
costs_count=120
params_count=91
cost_scaler_init_index=3
net_0={'last_hyperfit': 0, 'last_net_reg': 1e-08, 'regularization_history': [1e-08], 'losses_list': [3.0863335, 0.1119842, 0.118607186, 0.041193012, 0.013338093, 0.007975587, 0.0025293194, 0.0014469298, 0.00030713587, 1.6596627e-05, 3.339675e-05, 2.1242997e-05, 3.1293746e-06, 1.4455461e-06, 1.6304114e-06, 5.9725545e-07, 5.981837e-07, 5.457874e-07, 5.3729303e-07, 5.294837e-07, 5.269871e-07, 5.2594623e-07, 5.259085e-07, 5.2582084e-07, 5.2577e-07, 5.2576127e-07, 5.257614e-07, 5.2576144e-07, 5.257608e-07, 5.257608e-07, 1.2156467, 0.52573955, 0.10310503, 0.021827431, 0.013949384, 0.0073927213, 0.0014425095, 0.00012668358, 0.000102267055, 0.00010119021, 3.0402898e-05, 7.57976e-06, 1.8656345e-06, 2.0091757e-06, 9.701649e-07, 5.9457693e-07, 5.705725e-07, 5.496549e-07, 1.136237, 1.051731, 3.936327, 1.5781001, 1.3429147, 1.1747112, 1.0353111, 0.9074475, 0.8252527, 0.77675766, 1.9322064, 2.5348585, 1.285425, 1.0921012, 0.88501775, 0.957656, 1.4621896, 0.846206, 0.6491416, 0.5208999, 0.4708181, 0.47722948, 1.6533939, 1.1170652, 0.96519613, 0.8900598, 0.747801, 0.6503828, 0.5967294, 0.58840907, 1.1198835, 1.1306188, 1.2971598, 0.91935664, 0.8083812, 0.76262635, 1.7914816, 1.156435, 1.0415416, 0.9950052, 1.1238205, 0.8810106, 0.8408098, 0.7184337, 0.66810626, 0.6426934, 1.0726517, 1.7390249, 1.1991888, 0.9872196, 0.89491266, 0.8276461, 1.0027831, 0.841212, 0.7596381, 0.6894853, 0.82179344, 0.6910566, 0.64043903, 0.5549917, 0.974141, 1.2962878, 1.0975282, 0.7565582, 0.7512404, 0.6329237, 0.72622806, 0.65326464, 0.6369627, 0.6253405, 0.82868576, 0.9180557, 0.85229886, 0.73254585, 0.7172304, 0.68353575, 0.6901131, 0.63200897, 0.7076075, 0.5977961, 0.7106384, 0.76562876, 0.7423154, 0.74810493, 0.6500206, 0.6366636, 0.5651264, 0.5399101, 0.5910654, 0.611473, 0.81453145, 0.63330853, 0.636143, 0.612342], 'scaler_samples': (array([[0.71517883, 0.44781836],       [0.73916896, 0.89268584],       [0.33859468, 0.20421239]]), array([-2.63074901, -2.15500538, -2.20727674])), 'net': {'saver_path': './M-LOOP_archives/./neural_net_archive_2022-10-23_10-06_nX5_ybjP.ckpt'}}
net_1={'last_hyperfit': 0, 'last_net_reg': 1e-08, 'regularization_history': [1e-08], 'losses_list': [0.86175364, 0.14526248, 0.011853448, 0.0044559, 0.005751989, 0.0012834399, 5.231269e-05, 7.8711324e-05, 7.756565e-05, 3.5405235e-05, 1.1802817e-05, 3.164248e-06, 1.113769e-06, 6.381491e-07, 5.5467615e-07, 5.334746e-07, 5.3084443e-07, 5.291413e-07, 5.2847406e-07, 5.28292e-07, 5.281518e-07, 5.280587e-07, 5.2799726e-07, 5.279662e-07, 5.279586e-07, 5.2795485e-07, 5.2795446e-07, 5.279544e-07, 5.279544e-07, 5.279542e-07, 0.7679947, 0.13892563, 0.0395622, 0.017941125, 0.0035476002, 0.0010293846, 0.0002899463, 0.00012359174, 7.895437e-05, 2.5427864e-05, 1.919343e-06, 2.053124e-06, 1.5321885e-06, 8.95756e-07, 6.7879455e-07, 5.5255464e-07, 1.1062124, 1.0538167, 3.181855, 1.4823579, 1.2061304, 1.0286592, 0.83165765, 0.74278545, 1.8690349, 1.8868812, 1.3965297, 1.0500246, 1.2976661, 1.0609674, 1.5589651, 0.7762044, 0.5847917, 0.51594895, 0.47687346, 0.4583286, 1.5458548, 1.1111314, 1.0426, 0.99026394, 0.8746437, 0.8222388, 0.7718446, 1.1036888, 1.370046, 0.85033053, 0.75297296, 0.690468, 1.3777989, 0.9394394, 0.8160047, 0.7428318, 0.8532313, 0.6514368, 0.5928922, 0.557511, 0.88765377, 1.2920325, 0.67583936, 0.9532771, 0.9980581, 0.70337397, 0.64184755, 0.7058729, 0.79821336, 0.68474436, 0.61822844, 0.58090484, 0.70325756, 0.50175416, 0.40301463, 0.35779548, 0.7556052, 0.7498634, 1.0965254, 0.5660785, 0.45780382, 1.2036572, 0.65565944, 0.54421216, 0.5444766, 0.5099232, 0.707962, 0.5972764, 0.60948926, 0.5757402, 0.59510547, 0.5488146, 0.733042, 0.7851113, 1.0148504, 0.680827, 0.64105564, 0.6550209, 0.60669696, 0.5909369, 0.6884824, 0.5497102, 0.4979396, 0.4938356, 0.6057306, 0.90753806, 0.81789577, 0.5889463, 0.5426331, 0.5742995, 0.7051232, 0.4702963, 0.47137213, 0.4528579, 0.5540873, 0.40537873, 0.48366317, 1.0551512, 0.658533, 0.56379], 'scaler_samples': (array([[0.71517883, 0.44781836],       [0.73916896, 0.89268584],       [0.33859468, 0.20421239]]), array([-2.63074901, -2.15500538, -2.20727674])), 'net': {'saver_path': './M-LOOP_archives/./neural_net_archive_2022-10-23_10-06_5pAmf46D.ckpt'}}
net_2={'last_hyperfit': 0, 'last_net_reg': 1e-08, 'regularization_history': [1e-08], 'losses_list': [0.43071508, 0.10254853, 0.009825784, 0.0058184424, 0.00386013, 0.0009587017, 0.00032022686, 8.183156e-05, 4.050078e-05, 1.4535073e-05, 9.216799e-06, 1.9270437e-06, 1.0062595e-06, 8.4770164e-07, 6.4673276e-07, 5.576661e-07, 5.3255894e-07, 5.300651e-07, 5.299165e-07, 5.2879886e-07, 5.2849555e-07, 5.283538e-07, 5.282811e-07, 5.28254e-07, 5.2824765e-07, 5.2824515e-07, 5.282451e-07, 5.28245e-07, 5.282449e-07, 5.2824475e-07, 0.9507645, 0.18474028, 0.028276216, 0.010541661, 0.003994853, 0.0012635688, 0.0005707915, 0.00015189363, 2.6635409e-05, 2.1057835e-05, 7.390434e-06, 1.4085425e-06, 1.2579338e-06, 9.1255305e-07, 6.5131064e-07, 5.771484e-07, 1.1037971, 1.0511482, 3.8929143, 1.408578, 1.15495, 0.9106785, 0.7298295, 0.6542058, 4.4090137, 2.3703842, 0.91784096, 0.78675455, 0.57576054, 0.5486502, 1.247151, 0.7069035, 0.50771916, 0.4124481, 1.7383204, 1.2011976, 1.0673075, 0.9623111, 0.86071134, 0.78998643, 0.88494885, 0.9350947, 0.9465925, 0.80971146, 0.76733196, 0.723951, 1.2328957, 0.91825545, 0.86604977, 0.7711818, 1.1434963, 0.7886354, 0.6959033, 0.62875265, 0.771582, 0.7985959, 0.6470504, 0.83225954, 1.0229456, 0.7245209, 0.66960114, 0.594235, 0.56344366, 0.5012762, 0.6587943, 0.52070767, 0.47788307, 0.4085309, 0.8501826, 0.4503805, 0.37290418, 0.3185533, 0.28161594, 0.26002422, 0.23703682, 0.3290728, 0.7427827, 0.9800532, 0.9937849, 0.5850286, 0.38588932, 0.37237033, 0.5933148, 0.4308943, 0.41412744, 0.37523228, 0.39694306, 0.36692953, 0.3423603, 0.34073648, 0.55183905, 0.73123056, 0.8410285, 0.5470587, 0.51958656, 0.56239736, 0.4729595, 0.43041193, 0.3639369, 0.45742533, 0.5142542, 0.46920782, 0.38420874, 0.37720174, 0.60688967, 0.33771837, 0.33246985, 0.3662564, 0.3670497, 0.43696675, 0.4248962, 0.42405915, 0.38581455, 0.9218658, 0.8574109, 0.47274375, 0.46179563, 0.3965713], 'scaler_samples': (array([[0.71517883, 0.44781836],       [0.73916896, 0.89268584],       [0.33859468, 0.20421239]]), array([-2.63074901, -2.15500538, -2.20727674])), 'net': {'saver_path': './M-LOOP_archives/./neural_net_archive_2022-10-23_10-06_Hjz5i8Ch.ckpt'}}
