mloop_version='3.3.1'
archive_type='neural_net_learner'
num_params=2
min_boundary=array([0., 0.])
max_boundary=array([1., 1.])
start_datetime='2022-10-23_11-00'
param_names=['', '']
search_precision=1e-06
parameter_searches=10
bad_uncer_frac=0.1
trust_region=nan
has_trust_region=False
predict_global_minima_at_end=True
generation_num=3
update_hyperparameters=False
predicted_best_parameters=array([0.24626257, 0.78873244])
predicted_best_scaled_cost=-3.535921
predicted_best_cost=-3.8008663703740657
all_params=array([[0.81808982, 0.07730992],       [0.0601195 , 0.8943227 ],       [0.68341633, 0.44323838],       [1.        , 0.        ],       [0.89262061, 0.        ],       [0.80249617, 0.        ],       [0.07886574, 0.59035862],       [0.77101261, 0.18716398],       [0.7216953 , 0.17587886],       [0.78091274, 0.15837632],       [0.08484975, 0.60609928],       [0.72992411, 0.21642365],       [0.72454677, 0.21050367],       [0.73023187, 0.21474907],       [0.30987382, 0.92259722],       [0.77285448, 0.15991819],       [0.76613498, 0.17021319],       [0.77713259, 0.16222173],       [0.86662072, 0.93752676],       [0.79875374, 0.18318003],       [0.70774736, 0.20451329],       [0.72604983, 0.18413913],       [0.42819262, 0.58152461],       [0.83525091, 0.17810133],       [0.8156065 , 0.17657885],       [0.77614454, 0.16692041],       [0.62607424, 0.04727565],       [0.83584824, 0.20234013],       [0.80103945, 0.19421779],       [0.80903881, 0.1692413 ],       [0.27058327, 0.80474929],       [0.77038126, 0.18614251],       [0.7455112 , 0.14896896],       [0.78886657, 0.16491125],       [0.0249599 , 0.85949038],       [0.769281  , 0.17577903],       [0.7868286 , 0.18054126],       [0.2768899 , 0.75791314],       [0.81196527, 0.67397372],       [0.78487417, 0.18047104],       [0.7739894 , 0.19151704],       [0.76810234, 0.17642966],       [0.26490691, 0.03187583],       [0.81366891, 0.63810086],       [0.87966319, 0.68460676],       [0.90486185, 0.60851136],       [0.157861  , 0.36964784],       [0.74444655, 0.67154007],       [0.74475214, 0.63079883],       [0.72167024, 0.67905214],       [0.47482763, 0.41998199],       [0.78079806, 0.16426647],       [0.76915253, 0.18542027],       [0.24905982, 0.82754876],       [0.55958639, 0.92585354],       [0.75405222, 0.19266991],       [0.78472313, 0.61067897],       [0.78975343, 0.60997295],       [0.64125295, 0.32580597],       [0.79689816, 0.61272151],       [0.78086437, 0.62517644],       [0.78930541, 0.16355278],       [0.30803528, 0.20022128],       [0.33703451, 0.79744897],       [0.76682388, 0.17600918],       [0.31604168, 0.78976474],       [0.70276237, 0.96445867],       [0.76960795, 0.60808434],       [0.77367395, 0.62619386],       [0.80050576, 0.63774491],       [0.15468971, 0.99298462],       [0.82172786, 0.65330231],       [0.693638  , 0.24088184],       [0.81792142, 0.65671793],       [0.64692881, 0.97765461],       [0.68686244, 0.26309661],       [0.66146375, 0.26496758],       [0.62997595, 0.65748549],       [0.74587297, 0.82660771],       [0.79711905, 0.6448607 ],       [0.71869768, 0.21814443],       [0.79557785, 0.63554527],       [0.33007454, 0.03685611],       [0.70882108, 0.24334448],       [0.71217172, 0.22224363],       [0.81298494, 0.15813652],       [0.95234491, 0.06279311],       [0.7323697 , 0.61831664],       [0.71135688, 0.2218758 ],       [0.82298277, 0.13805388],       [0.96800196, 0.92120973],       [0.72685883, 0.21261237],       [0.72171295, 0.61686256],       [0.82515463, 0.14139456],       [0.52196387, 0.23555217],       [1.        , 0.95963727],       [0.98302418, 0.89831236],       [0.84163978, 0.12945919],       [0.72828967, 0.61646856],       [0.83901899, 0.14856698],       [0.81571412, 0.14688669],       [0.83542577, 0.14150127],       [0.08316257, 0.59410904],       [0.7357491 , 0.61651187],       [0.76693967, 0.6448644 ],       [0.73504802, 0.61638671],       [0.44956824, 0.39850035],       [0.72973978, 0.61179017],       [0.        , 0.        ],       [0.72320245, 0.63153478],       [0.77866052, 0.56220528],       [0.81886343, 0.13911105],       [0.6813143 , 0.58433579],       [0.82387233, 0.144267  ],       [0.18059901, 0.48419351],       [0.73537407, 0.62737332],       [0.83057341, 0.13320528],       [0.82468989, 0.14549472],       [0.05294829, 0.99763418],       [0.19521139, 0.47165912]])
all_costs=array([-3.39898132, -2.97473997, -3.02874433, -2.89725036, -3.13302034,       -3.06584992, -2.85592011, -3.74205607, -3.79886148, -3.96435644,       -3.14285714, -3.63339383, -3.82791587, -3.51845343, -3.19298246,       -3.51845343, -3.30909091, -3.5061296 , -3.17274168, -3.68692449,       -2.97473997, -3.51845343, -3.18282989, -3.71428571, -3.51845343,       -3.15275591, -2.97473997, -3.27659574, -3.30909091, -3.42222222,       -3.75609756, -3.56862745, -3.33111481, -3.56862745, -3.16271722,       -3.82791587, -3.81333333, -3.12324493, -3.74205607, -3.6733945 ,       -3.37605396, -3.71428571, -3.39898132, -3.82791587, -3.26590538,       -2.95716396, -3.46967071, -3.03793627, -3.71428571, -3.48173913,       -3.25528455, -4.01202405, -3.46967071, -3.25528455, -3.17274168,       -3.58139535, -3.88737864, -3.72811918, -3.43396226, -3.35343384,       -3.71428571, -3.68692449, -3.2032    , -2.99252616, -3.64663024,       -3.15275591, -3.03793627, -3.02874433, -3.05648855, -3.85741811,       -3.18282989, -3.0942813 , -3.84261036, -3.41056218, -3.10387597,       -3.38747885, -3.30909091, -3.15275591, -3.05648855, -3.2032    ,       -4.14492754, -3.05648855, -2.82369535, -2.98360656, -3.25528455,       -4.01202405, -2.83168317, -3.78449905, -3.60720721, -3.85741811,       -3.84261036, -3.45768566, -3.39898132, -4.12783505, -3.22383253,       -3.03793627, -3.04718417, -3.63339383, -4.16216216, -3.38747885,       -3.5308642 , -3.94871795, -3.14285714, -3.22383253, -3.05648855,       -3.5308642 , -3.06584992, -3.55595027, -3.18282989, -3.11353033,       -3.08474576, -3.60720721, -3.4938918 , -3.68692449, -3.94871795,       -2.90566038, -3.78449905, -3.6733945 , -3.10387597, -3.30909091])
all_uncers=array([1.e-08, 1.e-08, 1.e-08, 1.e-08, 1.e-08, 1.e-08, 1.e-08, 1.e-08,       1.e-08, 1.e-08, 1.e-08, 1.e-08, 1.e-08, 1.e-08, 1.e-08, 1.e-08,       1.e-08, 1.e-08, 1.e-08, 1.e-08, 1.e-08, 1.e-08, 1.e-08, 1.e-08,       1.e-08, 1.e-08, 1.e-08, 1.e-08, 1.e-08, 1.e-08, 1.e-08, 1.e-08,       1.e-08, 1.e-08, 1.e-08, 1.e-08, 1.e-08, 1.e-08, 1.e-08, 1.e-08,       1.e-08, 1.e-08, 1.e-08, 1.e-08, 1.e-08, 1.e-08, 1.e-08, 1.e-08,       1.e-08, 1.e-08, 1.e-08, 1.e-08, 1.e-08, 1.e-08, 1.e-08, 1.e-08,       1.e-08, 1.e-08, 1.e-08, 1.e-08, 1.e-08, 1.e-08, 1.e-08, 1.e-08,       1.e-08, 1.e-08, 1.e-08, 1.e-08, 1.e-08, 1.e-08, 1.e-08, 1.e-08,       1.e-08, 1.e-08, 1.e-08, 1.e-08, 1.e-08, 1.e-08, 1.e-08, 1.e-08,       1.e-08, 1.e-08, 1.e-08, 1.e-08, 1.e-08, 1.e-08, 1.e-08, 1.e-08,       1.e-08, 1.e-08, 1.e-08, 1.e-08, 1.e-08, 1.e-08, 1.e-08, 1.e-08,       1.e-08, 1.e-08, 1.e-08, 1.e-08, 1.e-08, 1.e-08, 1.e-08, 1.e-08,       1.e-08, 1.e-08, 1.e-08, 1.e-08, 1.e-08, 1.e-08, 1.e-08, 1.e-08,       1.e-08, 1.e-08, 1.e-08, 1.e-08, 1.e-08, 1.e-08, 1.e-08, 1.e-08])
bad_run_indexs=[]
best_cost=-4.162162162162164
best_params=array([0.72828967, 0.61646856])
best_index=98
worst_cost=-2.823695345557123
worst_index=82
cost_range=1.3384668166050409
costs_count=120
params_count=90
cost_scaler_init_index=3
net_0={'last_hyperfit': 0, 'last_net_reg': 1e-08, 'regularization_history': [1e-08], 'losses_list': [4.4748693, 0.3371427, 0.13362251, 0.038949553, 0.0064445734, 0.0016089359, 0.00013426619, 0.000105542524, 0.000110091314, 3.4692406e-05, 7.164198e-06, 3.0139647e-06, 1.6465749e-06, 8.943411e-07, 6.769049e-07, 6.2990875e-07, 5.91846e-07, 5.578985e-07, 5.41642e-07, 5.380153e-07, 5.379969e-07, 5.377718e-07, 5.3750216e-07, 5.374079e-07, 5.3739365e-07, 5.3739245e-07, 5.3739143e-07, 5.3739046e-07, 5.3739035e-07, 5.3739024e-07, 1.7250385, 0.4200487, 0.32597727, 0.186033, 0.1037579, 0.04199409, 0.0077889212, 0.0003233653, 0.0012221975, 0.00042218683, 5.011709e-05, 2.1643034e-05, 1.6148473e-05, 7.280008e-06, 1.1909663e-06, 8.124076e-07, 0.7695006, 0.2391326, 0.1766122, 0.1403543, 0.13102524, 0.12358066, 0.5800551, 0.39743093, 0.3366291, 0.30300513, 0.25433943, 0.21139814, 0.17934513, 0.16468261, 0.9280841, 0.86085546, 1.8803549, 1.0620793, 0.99691594, 0.9500735, 1.0865762, 1.0460294, 1.1509149, 1.0651543, 1.2229096, 1.168985, 1.1661166, 1.0968751, 1.2188741, 1.0032743, 0.98054725, 0.9707846, 1.2181685, 0.9323699, 0.847135, 0.81988114, 1.2284584, 1.0813789, 1.3736914, 1.0449216, 0.97384155, 0.92444414, 0.88411355, 0.8384933, 0.98895097, 0.8425252, 0.8041962, 0.7807252, 0.98369825, 0.87087256, 1.0631026, 0.9158712, 1.3290093, 1.0462925, 0.9940473, 0.9039825, 1.1122272, 0.94277644, 0.8891309, 0.82791215, 0.9851863, 0.7977293, 0.69571334, 0.64578485, 1.0052265, 0.9706773, 1.4219847, 1.019547, 1.0041841, 0.9293821, 0.89088964, 0.75428736, 0.87947536, 0.76780295, 1.234654, 1.1668528, 1.0766404, 1.0082686, 1.0280296, 1.01053, 1.1008282, 0.8626349, 0.9659282, 0.93317235, 1.6869533, 1.0309243, 0.95107746, 0.97019976, 0.99466425, 0.8941133], 'scaler_samples': (array([[0.81808982, 0.07730992],       [0.0601195 , 0.8943227 ],       [0.68341633, 0.44323838]]), array([-3.39898132, -2.97473997, -3.02874433])), 'net': {'saver_path': './M-LOOP_archives/./neural_net_archive_2022-10-23_11-00_huvRB40o.ckpt'}}
net_1={'last_hyperfit': 0, 'last_net_reg': 1e-08, 'regularization_history': [1e-08], 'losses_list': [1.4751388, 0.078840196, 0.03320131, 0.013732451, 0.0059988215, 0.0023594962, 0.000575217, 7.793154e-05, 5.806799e-05, 3.711772e-05, 5.999686e-06, 4.6511013e-06, 2.0351235e-06, 7.768311e-07, 7.9696537e-07, 5.76019e-07, 5.817815e-07, 5.597958e-07, 5.5742e-07, 5.5588214e-07, 5.5518353e-07, 5.550705e-07, 5.5495076e-07, 5.5493587e-07, 5.549233e-07, 5.5492296e-07, 5.549229e-07, 5.5492274e-07, 5.5492274e-07, 5.5492274e-07, 1.2362505, 0.50515014, 0.15649283, 0.073395476, 0.027285736, 0.0019721144, 0.0019428214, 0.0007225309, 0.00011087814, 0.00010071321, 2.2475924e-05, 7.0918018e-06, 5.585334e-06, 8.467287e-07, 1.1205079e-06, 7.091792e-07, 5.8679865e-07, 5.839092e-07, 0.740594, 0.20397949, 0.17253585, 0.145234, 0.1281441, 0.11699953, 0.4851686, 0.34738034, 0.27153477, 0.20247322, 0.15894394, 0.12965989, 0.10872979, 0.08902054, 0.074993506, 0.06540684, 0.054680765, 0.045162853, 0.0384418, 0.0340892, 3.3351057, 0.80368704, 0.82282376, 0.87390924, 1.2284414, 1.0519202, 0.9824199, 0.93026274, 1.0265158, 1.0031406, 1.0626172, 0.97369933, 1.1550975, 1.1792941, 1.3272932, 1.0684786, 1.0587401, 1.0358002, 1.1718506, 0.99595195, 1.7329712, 1.0462261, 0.9239609, 0.8756289, 1.0675858, 1.1352205, 1.0703536, 0.9724889, 0.9198083, 0.8790227, 0.86753464, 0.7804746, 0.93007815, 0.7555074, 0.72143954, 0.6935114, 0.75132674, 0.7709042, 1.2998879, 0.9556327, 0.9004882, 0.9186372, 0.97271633, 0.8914503, 0.9382875, 0.83035344, 0.91041654, 0.9309869, 1.2645099, 1.0657318, 1.1750633, 1.0506171, 1.1381108, 0.9270883, 1.0472844, 0.87183344, 1.0335962, 1.1685562, 1.7391058, 1.0460416, 1.1402434, 1.206366, 1.1171902, 1.077282, 0.9854044, 1.5909082, 1.2159395, 1.0138406, 0.97059846, 0.97776103], 'scaler_samples': (array([[0.81808982, 0.07730992],       [0.0601195 , 0.8943227 ],       [0.68341633, 0.44323838]]), array([-3.39898132, -2.97473997, -3.02874433])), 'net': {'saver_path': './M-LOOP_archives/./neural_net_archive_2022-10-23_11-00_-a2sVNu2.ckpt'}}
net_2={'last_hyperfit': 0, 'last_net_reg': 1e-08, 'regularization_history': [1e-08], 'losses_list': [0.68116623, 0.03096339, 0.01594737, 0.0043399334, 0.0015338458, 0.0006045791, 9.3222785e-05, 0.00012831647, 6.3017796e-06, 1.5448673e-05, 7.202189e-06, 2.1581563e-06, 1.5875016e-06, 7.9629115e-07, 5.614139e-07, 5.7831335e-07, 5.6129767e-07, 5.457327e-07, 5.437137e-07, 5.4340944e-07, 5.4307793e-07, 5.4300995e-07, 5.429244e-07, 5.4290985e-07, 5.4291183e-07, 5.4290996e-07, 5.429095e-07, 5.429094e-07, 5.429094e-07, 5.4290933e-07, 1.3231468, 0.4518838, 0.27213708, 0.21947409, 0.12545083, 0.05152556, 0.018631512, 0.013921378, 0.0058463, 0.003173241, 0.0010451541, 0.00034335957, 5.6975496e-05, 1.2435071e-05, 1.6231224e-06, 3.4505347e-06, 0.8738712, 0.19083896, 0.16144525, 0.144913, 0.54470587, 0.37983313, 0.31343374, 0.2961119, 0.75545746, 0.8086584, 1.0957996, 1.0635717, 1.0975268, 1.0637215, 1.0825135, 1.053274, 1.2008301, 1.1455145, 1.2190537, 1.1491811, 1.4018493, 1.0547848, 1.0189002, 0.9818517, 1.6316943, 0.9670375, 0.87138945, 0.8347373, 1.2691729, 1.3202766, 1.1445355, 1.0776874, 1.1970321, 0.99302495, 0.973531, 0.90056086, 0.8422788, 0.82130456, 0.8745806, 0.82710004, 1.0289748, 0.9819665, 1.1364454, 0.8861924, 1.110521, 1.002548, 1.2833904, 1.0719194, 1.0197067, 0.9781723, 1.1289771, 0.911804, 0.9729425, 0.8831547, 1.1484855, 1.4221984, 1.5065155, 1.4065875, 1.3901353, 1.2762897, 1.3234688, 1.2148726, 1.3167964, 1.3612534, 1.5238533, 1.3825817, 1.3540415, 1.2764212, 1.3660997, 1.3024113, 1.3583726, 1.2518958, 1.2014275, 1.2350234], 'scaler_samples': (array([[0.81808982, 0.07730992],       [0.0601195 , 0.8943227 ],       [0.68341633, 0.44323838]]), array([-3.39898132, -2.97473997, -3.02874433])), 'net': {'saver_path': './M-LOOP_archives/./neural_net_archive_2022-10-23_11-00_jGepHQ-5.ckpt'}}
