mloop_version='3.3.1'
archive_type='neural_net_learner'
num_params=2
min_boundary=array([0., 0.])
max_boundary=array([1., 1.])
start_datetime='2022-10-23_13-02'
param_names=['', '']
search_precision=1e-06
parameter_searches=10
bad_uncer_frac=0.1
trust_region=nan
has_trust_region=False
predict_global_minima_at_end=True
generation_num=3
update_hyperparameters=False
predicted_best_parameters=array([0.53249891, 0.81476855])
predicted_best_scaled_cost=-1.0212704
predicted_best_cost=-3.9712421689465645
all_params=array([[0.71711752, 0.62052806],       [0.7996337 , 0.72043875],       [0.72617797, 0.91867838],       [0.        , 0.        ],       [0.        , 0.        ],       [0.7353634 , 0.60470677],       [0.60449657, 0.04007522],       [0.70839384, 0.61476983],       [0.70228235, 0.61085086],       [0.706825  , 0.62750988],       [0.10988717, 0.51914971],       [0.71788283, 0.60851451],       [0.70513543, 0.57774585],       [0.70525056, 0.56610325],       [0.52155229, 0.81004129],       [0.67725446, 0.59053973],       [0.        , 1.        ],       [0.        , 1.        ],       [0.44630364, 0.20752905],       [0.        , 0.65100405],       [0.72776132, 0.63381145],       [0.5681731 , 0.78753003],       [0.85776539, 0.01005309],       [0.        , 0.46982985],       [0.        , 0.4197035 ],       [0.71871978, 0.62688471],       [0.68501819, 0.28775473],       [0.81252825, 0.        ],       [0.93320206, 0.        ],       [1.        , 0.00530924],       [0.46580056, 0.38198269],       [0.85881748, 0.        ],       [0.48405845, 0.81456286],       [0.69711835, 0.01530619],       [0.0375818 , 0.59924052],       [0.71011758, 0.92129611],       [0.54600878, 0.94923346],       [0.83068615, 0.96593626],       [0.87137792, 0.95818739],       [0.8800391 , 1.        ],       [1.        , 1.        ],       [0.85267724, 1.        ],       [0.86395633, 0.26298823],       [0.80015473, 0.96405815],       [0.79224532, 0.99308766],       [0.8118453 , 0.97218218],       [0.01446429, 0.49485589],       [0.83531832, 0.93720241],       [0.82610936, 0.92525486],       [0.82244102, 0.95397645],       [0.00162658, 0.34779064],       [0.82286495, 0.99172561],       [0.71497965, 0.61024519],       [0.6999013 , 0.92024999],       [0.20057917, 0.41026552],       [0.69691375, 0.60968992],       [0.71890529, 0.94287098],       [0.43511919, 0.69900106],       [0.95295078, 0.30524332],       [0.7855076 , 0.84065283],       [0.82774121, 0.967426  ],       [0.71808123, 0.61483599],       [0.96747675, 0.0788284 ],       [0.78690621, 0.84112713],       [0.78176118, 0.81705836],       [0.76829304, 0.82383747],       [0.25251609, 0.16713926],       [0.78788559, 0.8341628 ],       [0.78534434, 0.84728041],       [0.78550943, 0.84491143],       [0.10935316, 0.89910252],       [0.78560867, 0.79834742],       [0.77476297, 0.78389754],       [0.77577866, 0.80358763],       [0.18629666, 0.57033852],       [0.71744246, 0.77588582],       [0.86463939, 0.94273434],       [0.78151173, 0.82584922],       [0.10959219, 0.64930863],       [0.70513719, 0.60072876],       [0.8394794 , 0.96502844],       [0.78550945, 0.83607594],       [0.96256366, 0.84090801],       [0.71739955, 0.90178723],       [0.78339135, 0.85126569],       [0.72867632, 0.86760813],       [0.184141  , 0.67275285],       [0.95687313, 0.83865379],       [1.        , 0.76879003],       [0.7727402 , 0.87282964],       [0.7528146 , 0.15965619],       [0.65421145, 0.69018759],       [0.78007544, 0.84787975],       [0.78069817, 0.84393799],       [0.32968085, 0.76723977],       [0.71063173, 0.92686361],       [0.70985727, 0.91563116],       [0.8361536 , 0.97970213],       [0.29845332, 0.9545904 ],       [0.77653467, 0.91141049],       [0.51740094, 0.81824981],       [0.78527097, 0.84015863],       [0.46575941, 0.77178552],       [0.5260601 , 0.8147862 ],       [0.7393378 , 0.91737232],       [0.53553456, 0.83074451],       [0.16578501, 0.19732684],       [0.52252055, 0.82910758],       [0.53071778, 0.81885909],       [0.80439638, 0.92696586],       [0.91348265, 0.5365355 ],       [0.78470186, 0.91192006],       [0.7806501 , 0.81359303],       [0.78959403, 0.8500188 ],       [0.80234913, 0.48975964],       [0.78723641, 0.91805383],       [0.5269832 , 0.81694178],       [0.54004482, 0.81682015],       [0.73537758, 0.12970256],       [0.53191207, 0.81814751]])
all_costs=array([-4.02816901, -3.19298246, -3.64663024, -3.15275591, -2.85592011,       -3.02874433, -2.99252616, -3.71428571, -3.94871795, -3.5061296 ,       -3.85741811, -3.96435644, -3.46967071, -3.03793627, -4.12783505,       -3.5061296 , -2.89725036, -3.19298246, -3.59425494, -3.5308642 ,       -3.44578313, -3.21348315, -3.78449905, -2.6728972 , -3.23424879,       -3.62025316, -3.58139535, -3.5061296 , -3.15275591, -2.90566038,       -3.35343384, -3.25528455, -3.44578313, -3.46967071, -3.22383253,       -3.71428571, -3.02874433, -4.23255814, -3.79886148, -2.93118594,       -3.08474576, -3.16271722, -3.42222222, -3.25528455, -3.21348315,       -3.96435644, -3.63339383, -3.5061296 , -3.22383253, -3.48173913,       -3.5061296 , -3.41056218, -3.93320236, -2.8723099 , -3.87234043,       -3.63339383, -3.29818781, -3.00149925, -2.83971631, -4.5812357 ,       -3.42222222, -4.4787472 , -2.93979442, -4.02816901, -4.17954071,       -3.44578313, -3.56862745, -3.21348315, -3.18282989, -3.18282989,       -3.22383253, -3.17274168, -3.29818781, -3.37605396, -3.88737864,       -3.33111481, -3.28735632, -3.46967071, -3.56862745, -3.87234043,       -3.42222222, -3.21348315, -4.01202405, -3.5308642 , -4.2869379 ,       -3.48173913, -3.71428571, -3.24473258, -2.96592593, -3.28735632,       -3.36470588, -2.96592593, -3.27659574, -3.51845343, -3.06584992,       -3.93320236, -3.88737864, -3.10387597, -3.25528455, -3.64663024,       -4.34273319, -3.07526882, -3.17274168, -4.32397408, -3.5061296 ,       -3.87234043, -3.78449905, -3.60720721, -4.04444444, -3.5308642 ,       -3.46967071, -3.91780822, -4.2869379 , -3.22383253, -3.4938918 ,       -3.87234043, -4.01202405, -3.62025316, -3.36470588, -4.14492754])
all_uncers=array([1.e-08, 1.e-08, 1.e-08, 1.e-08, 1.e-08, 1.e-08, 1.e-08, 1.e-08,       1.e-08, 1.e-08, 1.e-08, 1.e-08, 1.e-08, 1.e-08, 1.e-08, 1.e-08,       1.e-08, 1.e-08, 1.e-08, 1.e-08, 1.e-08, 1.e-08, 1.e-08, 1.e-08,       1.e-08, 1.e-08, 1.e-08, 1.e-08, 1.e-08, 1.e-08, 1.e-08, 1.e-08,       1.e-08, 1.e-08, 1.e-08, 1.e-08, 1.e-08, 1.e-08, 1.e-08, 1.e-08,       1.e-08, 1.e-08, 1.e-08, 1.e-08, 1.e-08, 1.e-08, 1.e-08, 1.e-08,       1.e-08, 1.e-08, 1.e-08, 1.e-08, 1.e-08, 1.e-08, 1.e-08, 1.e-08,       1.e-08, 1.e-08, 1.e-08, 1.e-08, 1.e-08, 1.e-08, 1.e-08, 1.e-08,       1.e-08, 1.e-08, 1.e-08, 1.e-08, 1.e-08, 1.e-08, 1.e-08, 1.e-08,       1.e-08, 1.e-08, 1.e-08, 1.e-08, 1.e-08, 1.e-08, 1.e-08, 1.e-08,       1.e-08, 1.e-08, 1.e-08, 1.e-08, 1.e-08, 1.e-08, 1.e-08, 1.e-08,       1.e-08, 1.e-08, 1.e-08, 1.e-08, 1.e-08, 1.e-08, 1.e-08, 1.e-08,       1.e-08, 1.e-08, 1.e-08, 1.e-08, 1.e-08, 1.e-08, 1.e-08, 1.e-08,       1.e-08, 1.e-08, 1.e-08, 1.e-08, 1.e-08, 1.e-08, 1.e-08, 1.e-08,       1.e-08, 1.e-08, 1.e-08, 1.e-08, 1.e-08, 1.e-08, 1.e-08, 1.e-08])
bad_run_indexs=[]
best_cost=-4.581235697940504
best_params=array([0.7855076 , 0.84065283])
best_index=59
worst_cost=-2.6728971962616828
worst_index=23
cost_range=1.9083385016788212
costs_count=120
params_count=91
cost_scaler_init_index=3
net_0={'last_hyperfit': 0, 'last_net_reg': 1e-08, 'regularization_history': [1e-08], 'losses_list': [0.25553742, 0.02213676, 0.009625361, 0.0036125912, 0.00051299774, 0.0004065164, 0.00023203302, 0.000118500626, 5.526872e-05, 1.9501344e-05, 4.1618023e-06, 1.1443378e-06, 1.1577646e-06, 7.8812485e-07, 5.559043e-07, 5.627712e-07, 5.45551e-07, 5.361739e-07, 5.3673995e-07, 5.352733e-07, 5.3526463e-07, 5.351338e-07, 5.3511144e-07, 5.3510587e-07, 5.350995e-07, 5.350989e-07, 5.3509837e-07, 5.3509825e-07, 5.350982e-07, 5.350981e-07, 0.6341866, 6.619974, 0.47809607, 0.22055614, 0.10819222, 0.07300614, 0.06473417, 0.06313785, 0.41626802, 0.22400194, 0.18260199, 0.17362867, 0.5483235, 0.41967243, 0.3387592, 0.26248235, 0.20241311, 0.16823035, 0.14336506, 0.1217161, 0.10080562, 0.08093135, 0.06465993, 0.05307253, 0.042306934, 0.03631357, 0.03228012, 0.029771658, 1.2820939, 0.81519353, 1.6043293, 0.5981261, 0.33210874, 0.2842534, 0.26970872, 0.24274735, 0.9217657, 0.4588031, 0.40902892, 0.40281597, 0.40166813, 0.35094467, 0.32946175, 0.30526096, 0.3442838, 0.72564363, 0.5701368, 0.33025983, 0.35523582, 0.37915227, 0.80884993, 0.44910634, 0.40578818, 0.40063578, 0.49681094, 0.34068286, 0.29742625, 0.27657482, 0.43586797, 0.68108, 0.5440327, 0.40281206, 0.38076472, 0.34685138, 0.41593143, 0.37682968, 0.33909705, 0.3322708, 0.39865744, 0.35731727, 0.3891032, 0.4552297, 0.70702785, 0.7270091, 0.5169129, 0.519854, 0.58309287, 0.52513725, 0.58012193, 0.51948977, 0.53020674, 0.5746941, 0.66350067, 0.5604477, 0.5492715, 0.54500425, 0.5947506, 0.5624579, 0.60448354, 0.5248617, 0.50736016, 0.5022328, 0.4969274, 0.6780735, 0.695262, 0.5991514, 0.5790445, 0.5703142, 0.5531714, 0.51740015, 0.50093186, 0.5389363, 0.55912745, 0.6034989, 0.5873621, 0.5473874, 0.53130853, 0.55253464], 'scaler_samples': (array([[0.71711752, 0.62052806],       [0.7996337 , 0.72043875],       [0.72617797, 0.91867838]]), array([-4.02816901, -3.19298246, -3.64663024])), 'net': {'saver_path': './M-LOOP_archives/./neural_net_archive_2022-10-23_13-02_jiHiVSU0.ckpt'}}
net_1={'last_hyperfit': 0, 'last_net_reg': 1e-08, 'regularization_history': [1e-08], 'losses_list': [1.0802685, 0.13992986, 0.05188344, 0.012901588, 0.0017884617, 3.4534238e-05, 0.00030115043, 0.00021515357, 9.196036e-05, 3.0148722e-05, 9.354044e-06, 3.201392e-06, 1.3903489e-06, 8.357993e-07, 6.5203454e-07, 5.857678e-07, 5.586318e-07, 5.459625e-07, 5.403998e-07, 5.3829115e-07, 5.376301e-07, 5.3750324e-07, 5.375002e-07, 5.374956e-07, 5.3749216e-07, 5.3749187e-07, 5.374912e-07, 5.3749034e-07, 5.374898e-07, 5.3748937e-07, 1.7572838, 2.3610134, 0.2904778, 0.10456038, 0.07663569, 0.06843236, 0.9850476, 0.30251846, 0.19392954, 0.14642069, 0.12200666, 0.11140689, 1.4986756, 0.43151367, 0.32707775, 0.23646544, 0.17268752, 0.12512116, 0.09925078, 0.08433422, 0.073362164, 0.06481239, 0.05771205, 0.05326707, 1.1215564, 0.98148453, 1.0379418, 0.46427456, 0.310902, 0.30302095, 0.24366963, 0.22829287, 1.6694319, 0.51198256, 0.39444146, 0.35984737, 0.46397695, 0.34236363, 0.28356555, 0.2550206, 0.36613548, 0.8707547, 0.6565661, 0.31200966, 0.30426243, 0.2915935, 0.50379163, 0.39303043, 0.33348832, 0.34368497, 0.7085122, 0.33386478, 0.30896333, 0.26049733, 0.46081853, 0.5136298, 0.5108197, 0.35409874, 0.33429542, 0.34187186, 0.4321077, 0.425458, 0.5730609, 0.36635366, 0.34644017, 0.3378539, 0.34794676, 0.6322156, 0.7591795, 0.58615565, 0.5295687, 0.51632166, 0.6388319, 0.5046621, 0.48751864, 0.46948168, 0.52554417, 0.47440118, 0.47722822, 0.6860384, 0.7973134, 0.5794517, 0.5658429, 0.5750675, 0.598208, 0.54985887, 0.52826136, 0.5190518, 0.5652128, 0.5136572, 0.52754503, 0.5346765, 0.6189403, 0.53608215, 0.51972455, 0.51245743, 0.5093481, 0.5507611, 0.5109942, 0.5214498, 0.4955694, 0.4743679], 'scaler_samples': (array([[0.71711752, 0.62052806],       [0.7996337 , 0.72043875],       [0.72617797, 0.91867838]]), array([-4.02816901, -3.19298246, -3.64663024])), 'net': {'saver_path': './M-LOOP_archives/./neural_net_archive_2022-10-23_13-02_Z4IEUVv7.ckpt'}}
net_2={'last_hyperfit': 0, 'last_net_reg': 1e-08, 'regularization_history': [1e-08], 'losses_list': [1.6991671, 0.10571456, 0.03523801, 0.010334432, 0.0054416335, 0.0020900131, 0.00042639422, 0.00017949523, 5.4280343e-05, 2.170819e-05, 1.6906773e-05, 3.6590232e-06, 2.2407166e-06, 9.2399637e-07, 6.2908225e-07, 6.1732226e-07, 5.602485e-07, 5.5620427e-07, 5.5694335e-07, 5.5523697e-07, 5.5453273e-07, 5.544519e-07, 5.544549e-07, 5.5441996e-07, 5.544188e-07, 5.5441535e-07, 5.5441456e-07, 5.5441427e-07, 5.5441416e-07, 5.5441416e-07, 1.9350014, 0.38966385, 0.2883572, 0.14577954, 0.0649797, 0.074782506, 0.06441038, 0.06364661, 0.5684305, 0.21434548, 0.1682207, 0.15120259, 0.13586558, 0.12664376, 1.0577165, 0.4714539, 0.35352436, 0.2940565, 0.24858454, 0.20523487, 0.16956149, 0.14649561, 0.13249582, 0.12322717, 1.9773945, 1.0866921, 0.66255724, 0.5002797, 0.26231205, 0.22244494, 0.53898144, 0.37205976, 0.3171168, 0.2458173, 1.0957781, 0.4796713, 0.45580137, 0.4098556, 0.5349098, 0.34270662, 0.31526357, 0.31794494, 0.43341738, 0.73456925, 0.8938934, 0.3790349, 0.40208519, 0.35273015, 0.5572569, 0.38576594, 0.34818515, 0.3217104, 0.3998034, 0.28032807, 0.2567902, 0.23365717, 0.4133924, 1.0552782, 0.60087746, 0.4460815, 0.41643655, 0.44438168, 0.50754327, 0.4169795, 0.39977804, 0.37798166, 0.55250454, 0.3630772, 0.34877694, 0.34575215, 0.5407215, 0.64199936, 0.42486095, 0.4621984, 0.7937125, 0.568832, 0.5344947, 0.5111732, 0.5579942, 0.44464278, 0.42118213, 0.3787596, 0.42693618, 0.3651691, 0.33492783, 0.30213404, 0.37355626, 0.32956156, 0.60260785, 0.36879116, 0.3121264, 0.28027394, 0.47513127, 0.3211777, 0.28416997, 0.23853327, 0.20971282, 0.26375583, 0.32779178, 0.3514526, 0.19461541, 0.18041316, 0.29718703, 0.37708285, 0.49021694, 0.7756436, 0.61130995, 0.5755251, 0.48815194, 0.45010167, 0.43100336, 0.37808213, 0.36026654, 0.36950445, 0.36745545, 0.36171392, 0.38717452, 0.42495063, 0.4576102, 0.37918437, 0.35480705, 0.3756524], 'scaler_samples': (array([[0.71711752, 0.62052806],       [0.7996337 , 0.72043875],       [0.72617797, 0.91867838]]), array([-4.02816901, -3.19298246, -3.64663024])), 'net': {'saver_path': './M-LOOP_archives/./neural_net_archive_2022-10-23_13-02_kD_Qau8s.ckpt'}}
