mloop_version='3.3.1'
archive_type='neural_net_learner'
num_params=2
min_boundary=array([0., 0.])
max_boundary=array([1., 1.])
start_datetime='2022-10-23_13-28'
param_names=['', '']
search_precision=1e-06
parameter_searches=10
bad_uncer_frac=0.1
trust_region=nan
has_trust_region=False
predict_global_minima_at_end=True
generation_num=3
update_hyperparameters=False
predicted_best_parameters=array([0.17766957, 0.13101206])
predicted_best_scaled_cost=-4.0827293
predicted_best_cost=-3.8030229037601635
all_params=array([[4.95684516e-01, 2.93348398e-01],       [6.88236949e-01, 3.68884717e-01],       [6.39245942e-01, 7.89167209e-01],       [1.00000000e+00, 0.00000000e+00],       [6.61645523e-01, 4.61374832e-01],       [0.00000000e+00, 1.00000000e+00],       [3.02413216e-01, 1.97612607e-01],       [0.00000000e+00, 0.00000000e+00],       [6.52803631e-01, 4.85190751e-01],       [6.47854470e-01, 4.26117551e-01],       [9.16791442e-01, 3.70634988e-01],       [2.94011558e-01, 1.75774542e-01],       [3.40197104e-01, 1.82087904e-01],       [3.30738746e-01, 2.16668568e-01],       [5.95605715e-01, 4.10658609e-01],       [1.00000000e+00, 6.19865809e-01],       [3.62326586e-01, 2.97500095e-01],       [3.46799354e-01, 3.27570099e-01],       [3.45349998e-01, 8.26682316e-01],       [5.81522613e-01, 3.89892205e-01],       [5.83376585e-01, 4.09836173e-01],       [6.88403364e-01, 4.50899854e-01],       [2.76855177e-01, 7.26059498e-01],       [2.80177771e-01, 1.36174512e-01],       [5.88342947e-01, 4.54558051e-01],       [3.11711859e-01, 1.89060004e-01],       [2.30788862e-01, 2.96160313e-01],       [1.87076059e-01, 0.00000000e+00],       [2.47819369e-01, 6.41382641e-02],       [2.25602292e-01, 5.63713642e-02],       [5.18056141e-01, 3.44459099e-01],       [2.97642083e-01, 1.63338597e-01],       [2.95914944e-01, 1.86529780e-01],       [2.90066412e-01, 1.66604617e-01],       [6.96828045e-01, 6.52539882e-02],       [3.32918820e-01, 2.00388858e-01],       [3.06205067e-01, 2.00742660e-01],       [3.07198724e-01, 1.73153730e-01],       [9.23517127e-01, 9.34792763e-01],       [2.75267735e-01, 1.49461066e-01],       [3.03442325e-01, 1.74477104e-01],       [2.70979334e-01, 1.67625573e-01],       [1.29388414e-01, 1.20960463e-01],       [2.72734791e-01, 1.58148144e-01],       [5.19760200e-01, 3.61120340e-01],       [6.12816056e-01, 4.06250109e-01],       [4.65557474e-01, 1.08931632e-01],       [2.15881396e-01, 1.05977943e-01],       [1.62559059e-01, 1.39001140e-01],       [1.98100964e-01, 1.53086265e-01],       [3.07526428e-01, 8.24763427e-01],       [1.41429416e-01, 0.00000000e+00],       [2.52606695e-01, 2.02335864e-01],       [0.00000000e+00, 0.00000000e+00],       [6.89848666e-01, 5.67946311e-01],       [2.70318401e-01, 1.61072402e-01],       [1.62124559e-01, 1.26918899e-01],       [1.94061751e-01, 1.44509225e-01],       [6.09289861e-01, 5.91556825e-01],       [4.98187620e-01, 4.24267338e-01],       [1.48581077e-01, 1.27287942e-01],       [1.84380175e-01, 1.10422952e-01],       [3.88926150e-01, 7.28769856e-01],       [5.96593107e-01, 4.04909876e-01],       [1.84973330e-01, 1.17983570e-01],       [1.73048525e-01, 9.68797194e-02],       [5.57041504e-01, 9.88278982e-01],       [2.16256206e-01, 1.29096331e-01],       [1.69286171e-01, 8.64383789e-02],       [1.83161415e-01, 1.53741807e-01],       [8.26028919e-01, 3.39096003e-01],       [1.95010894e-01, 1.25628085e-01],       [1.96857512e-01, 1.30383899e-01],       [6.81634874e-02, 3.20598838e-02],       [6.32296845e-01, 2.05206827e-01],       [1.82743516e-01, 1.11228452e-01],       [1.46674707e-01, 1.41821673e-01],       [1.77998073e-01, 1.24566225e-01],       [3.48555505e-01, 7.39490233e-01],       [1.90989053e-01, 1.33155756e-01],       [1.78302538e-01, 1.17553946e-01],       [1.60586317e-01, 1.18790793e-01],       [4.69617624e-04, 1.07286042e-01],       [1.75208491e-01, 1.20993708e-01],       [1.81031424e-01, 1.54874233e-01],       [1.71292563e-01, 1.13387540e-01],       [9.42899821e-01, 3.51737294e-01],       [1.78535978e-01, 1.22359325e-01],       [1.72046598e-01, 1.22427917e-01],       [1.60839115e-01, 1.09782039e-01],       [6.80610809e-01, 6.36751853e-01],       [1.51271753e-01, 1.04450133e-01],       [1.65297286e-01, 1.08723638e-01],       [1.68291339e-01, 1.16253832e-01],       [2.65500235e-01, 4.73489766e-01],       [5.84927630e-01, 4.21417228e-01],       [5.97684501e-01, 4.20477010e-01],       [1.74734925e-01, 1.25254353e-01],       [1.06156986e-01, 1.57260089e-01],       [1.59017489e-01, 1.09677520e-01],       [1.67840258e-01, 1.26165464e-01],       [1.59237920e-01, 1.16869184e-01],       [1.09598800e-01, 5.98799360e-01],       [1.85449221e-01, 1.24206931e-01],       [1.79200266e-01, 1.27650935e-01],       [1.86269015e-01, 1.32887891e-01],       [1.66105012e-01, 4.84156892e-01],       [1.73775453e-01, 1.24622388e-01],       [1.85248961e-01, 1.33272376e-01],       [1.76890832e-01, 1.32748931e-01],       [5.46176043e-01, 5.26231823e-01],       [1.86893782e-01, 1.21111898e-01],       [1.94669342e-01, 1.29110024e-01],       [1.61437211e-01, 1.16838334e-01],       [5.79924107e-01, 9.73855845e-01],       [1.92809020e-01, 1.31140485e-01],       [1.82447544e-01, 1.36125364e-01],       [1.86938183e-01, 1.29180677e-01],       [7.26779756e-01, 7.58514239e-01],       [1.63487061e-01, 1.33803348e-01]])
all_costs=array([-2.90566038, -3.29818781, -2.88888889, -2.60338101, -3.38747885,       -2.76901798, -3.56862745, -2.76901798, -3.08474576, -3.0942813 ,       -3.41056218, -3.41056218, -3.44578313, -3.74205607, -3.64663024,       -3.08474576, -3.15275591, -3.16271722, -3.25528455, -3.02874433,       -3.36470588, -3.32006633, -2.81575246, -3.96435644, -3.0942813 ,       -3.85741811, -3.36470588, -3.45768566, -3.13302034, -3.21348315,       -3.5308642 , -4.01202405, -3.71428571, -3.5061296 , -2.8723099 ,       -3.05648855, -3.5061296 , -3.38747885, -2.82369535, -3.18282989,       -2.94845361, -3.70055453, -3.88737864, -3.74205607, -3.44578313,       -2.90566038, -3.17274168, -3.46967071, -3.63339383, -3.91780822,       -3.01960784, -3.54336283, -3.01052632, -2.78442281, -3.08474576,       -3.54336283, -3.46967071, -3.60720721, -2.65869854, -3.01052632,       -3.64663024, -4.56036446, -3.25528455, -2.91411936, -4.01202405,       -2.94845361, -3.06584992, -3.55595027, -3.63339383, -3.71428571,       -2.8723099 , -3.56862745, -3.59425494, -3.01960784, -2.78442281,       -4.17954071, -3.84261036, -4.32397408, -2.81575246, -3.77024482,       -4.25053079, -4.12783505, -3.25528455, -3.87234043, -4.04444444,       -3.6733945 , -2.86409156, -3.39898132, -3.58139535, -3.55595027,       -3.35343384, -3.63339383, -3.38747885, -4.45879733, -2.99252616,       -3.72811918, -3.25528455, -3.39898132, -3.60720721, -3.58139535,       -4.51918736, -3.56862745, -3.48173913, -3.84261036, -3.90253411,       -4.09406953, -3.79886148, -3.51845343, -3.72811918, -3.39898132,       -2.92262774, -3.87234043, -3.46967071, -3.77024482, -3.17274168,       -3.96435644, -4.6450116 , -3.60720721, -2.68005355, -3.45768566])
all_uncers=array([1.e-08, 1.e-08, 1.e-08, 1.e-08, 1.e-08, 1.e-08, 1.e-08, 1.e-08,       1.e-08, 1.e-08, 1.e-08, 1.e-08, 1.e-08, 1.e-08, 1.e-08, 1.e-08,       1.e-08, 1.e-08, 1.e-08, 1.e-08, 1.e-08, 1.e-08, 1.e-08, 1.e-08,       1.e-08, 1.e-08, 1.e-08, 1.e-08, 1.e-08, 1.e-08, 1.e-08, 1.e-08,       1.e-08, 1.e-08, 1.e-08, 1.e-08, 1.e-08, 1.e-08, 1.e-08, 1.e-08,       1.e-08, 1.e-08, 1.e-08, 1.e-08, 1.e-08, 1.e-08, 1.e-08, 1.e-08,       1.e-08, 1.e-08, 1.e-08, 1.e-08, 1.e-08, 1.e-08, 1.e-08, 1.e-08,       1.e-08, 1.e-08, 1.e-08, 1.e-08, 1.e-08, 1.e-08, 1.e-08, 1.e-08,       1.e-08, 1.e-08, 1.e-08, 1.e-08, 1.e-08, 1.e-08, 1.e-08, 1.e-08,       1.e-08, 1.e-08, 1.e-08, 1.e-08, 1.e-08, 1.e-08, 1.e-08, 1.e-08,       1.e-08, 1.e-08, 1.e-08, 1.e-08, 1.e-08, 1.e-08, 1.e-08, 1.e-08,       1.e-08, 1.e-08, 1.e-08, 1.e-08, 1.e-08, 1.e-08, 1.e-08, 1.e-08,       1.e-08, 1.e-08, 1.e-08, 1.e-08, 1.e-08, 1.e-08, 1.e-08, 1.e-08,       1.e-08, 1.e-08, 1.e-08, 1.e-08, 1.e-08, 1.e-08, 1.e-08, 1.e-08,       1.e-08, 1.e-08, 1.e-08, 1.e-08, 1.e-08, 1.e-08, 1.e-08, 1.e-08])
bad_run_indexs=[]
best_cost=-4.645011600928075
best_params=array([0.18244754, 0.13612536])
best_index=116
worst_cost=-2.603381014304291
worst_index=3
cost_range=2.041630586623784
costs_count=120
params_count=91
cost_scaler_init_index=3
net_0={'last_hyperfit': 0, 'last_net_reg': 1e-08, 'regularization_history': [1e-08], 'losses_list': [11.055569, 0.72193366, 0.065226935, 0.039444514, 0.025129158, 0.009716956, 0.002117178, 0.00038310682, 0.00020469974, 0.00014770274, 7.051304e-05, 2.434609e-05, 6.7239575e-06, 1.9698778e-06, 1.0499884e-06, 8.107487e-07, 6.5382113e-07, 5.831072e-07, 5.682509e-07, 5.6259057e-07, 5.585447e-07, 5.574365e-07, 5.571025e-07, 5.569163e-07, 5.5686974e-07, 5.5686e-07, 5.5685547e-07, 5.568556e-07, 5.568551e-07, 5.5685507e-07, 6.3920035, 0.26528955, 0.017575707, 0.007490803, 0.005870163, 0.0033436352, 0.0015956212, 0.0006408332, 0.00022813903, 7.1998846e-05, 1.5130478e-05, 3.4466984e-06, 1.2402229e-06, 9.298111e-07, 9.133694e-07, 7.11104e-07, 6.102481e-07, 5.7242227e-07, 1.9743285, 1.0723438, 0.6440661, 0.3633552, 0.20317566, 0.11946045, 0.1028071, 0.0877223, 0.070753105, 0.054369867, 0.038398724, 0.024014832, 0.011958526, 0.0039601265, 0.0005981144, 4.025127e-06, 8.692499e-05, 6.293564e-05, 1.4907722e-05, 8.9708885e-07, 1.3056002e-06, 1.423818e-06, 8.4758926e-07, 5.8838134e-07, 5.770636e-07, 5.8262015e-07, 0.71932703, 0.11761735, 0.10328546, 0.07544532, 3.0678508, 5.272904, 1.5929614, 1.1656907, 0.30717093, 0.31899148, 0.25804573, 0.22489232, 0.1831184, 0.25177178, 0.96108186, 0.48011655, 0.35381335, 0.3000998, 0.24496315, 0.18745023, 0.1470179, 0.12757227, 0.67699873, 0.35487083, 0.24394257, 0.20714952, 0.9728323, 0.528362, 0.43205604, 0.38894475, 0.76725984, 1.1788882, 0.90045035, 0.8157093, 1.1171262, 1.0440086, 1.4656497, 1.206477, 1.1824113, 1.1866117, 1.3619404, 1.2886294, 1.0902176, 1.5782479, 2.1458824, 1.4643651, 1.3654381, 1.2863773, 1.8061414, 1.2222896, 1.6996311, 1.444539, 1.8236313, 1.7256199, 2.7120106, 2.0388103, 1.8066838, 1.5157943, 1.4525703, 1.4410747, 1.5383997, 1.5069768, 1.611635, 1.7428743, 1.6396655, 1.5257945, 1.6323626, 1.8797139, 1.6540846, 1.5267937, 1.6369992, 1.8180977, 1.993828, 1.7719228, 1.7185243, 1.7443786, 1.7977601, 1.6762475, 1.7188131, 1.6203498, 1.5446845, 2.0560243, 1.7953331, 1.7215765, 1.7132938, 1.5985843], 'scaler_samples': (array([[0.49568452, 0.2933484 ],       [0.68823695, 0.36888472],       [0.63924594, 0.78916721]]), array([-2.90566038, -3.29818781, -2.88888889])), 'net': {'saver_path': './M-LOOP_archives/./neural_net_archive_2022-10-23_13-28_B09SPjBo.ckpt'}}
net_1={'last_hyperfit': 0, 'last_net_reg': 1e-08, 'regularization_history': [1e-08], 'losses_list': [0.06107532, 0.05473081, 0.016124237, 0.0035332332, 0.00044617796, 4.5873654e-05, 0.00019410417, 0.00010057271, 3.3550652e-06, 9.3025565e-06, 3.9513384e-06, 9.769655e-07, 1.0481383e-06, 5.94397e-07, 5.78773e-07, 5.4906616e-07, 5.301471e-07, 5.329008e-07, 5.298946e-07, 5.292868e-07, 5.293996e-07, 5.293033e-07, 5.292516e-07, 5.2925674e-07, 5.2925157e-07, 5.292508e-07, 5.2925077e-07, 5.292508e-07, 5.292508e-07, 5.2925077e-07, 1.3063964, 0.01246999, 0.017545167, 0.013119923, 0.002540393, 0.0005359118, 9.245267e-05, 0.00016060394, 5.8608264e-05, 3.1101587e-05, 3.9762044e-06, 1.7820207e-06, 9.989966e-07, 9.703222e-07, 1.4419044, 0.6193935, 0.21114443, 0.102215625, 0.07412992, 0.05668799, 0.032191332, 0.009975937, 0.0002407453, 0.0009623797, 0.00037417276, 7.3779033e-06, 5.202463e-05, 1.3941792e-05, 8.3193737e-07, 2.937467e-06, 0.31182244, 0.11629597, 0.07915675, 0.048997782, 0.03722819, 0.026983712, 0.009606159, 0.0060425256, 0.0037468043, 0.006625117, 0.0063569266, 0.001429435, 0.0007468583, 0.00092333346, 0.0005079255, 0.02063574, 3.0932894, 0.8526855, 0.6370394, 0.45377445, 0.3170777, 0.41793862, 0.87536633, 0.43328446, 0.34259686, 0.2738668, 0.20530768, 0.16037774, 0.12851267, 0.073638625, 0.054084077, 0.03443309, 0.016461315, 0.010022442, 0.009078722, 0.00784788, 0.0033616298, 0.0027949763, 1.1752261, 0.45545503, 0.31384286, 0.25789163, 0.6684792, 0.41351002, 0.37590563, 0.35327253, 0.9240766, 0.9405469, 0.96113163, 0.7389873, 0.61960715, 0.7268878, 1.1129552, 0.9643255, 0.936573, 0.9318921, 1.3551927, 0.98323023, 0.8895546, 0.8426312, 0.84249145, 1.8163546, 1.5606275, 1.09249, 1.0254686, 0.9030241, 0.8437243, 0.78698856, 1.1308863, 1.0459713, 1.3614655, 1.3405755, 1.8921351, 1.213384, 1.2074838, 1.1526086, 1.1399591, 1.1114842, 1.2577529, 1.1270027, 1.1694618, 1.1644713, 1.868951, 1.2894794, 1.3042873, 1.3645838, 1.3505013, 1.3221791, 1.5561087, 1.4344095, 1.543995, 1.5838014, 1.5917591, 1.5456735, 1.5191818, 1.4712983, 1.4831523, 1.4261664, 1.3934968, 1.4169245, 1.6736789, 1.5724205], 'scaler_samples': (array([[0.49568452, 0.2933484 ],       [0.68823695, 0.36888472],       [0.63924594, 0.78916721]]), array([-2.90566038, -3.29818781, -2.88888889])), 'net': {'saver_path': './M-LOOP_archives/./neural_net_archive_2022-10-23_13-28_UWRGUCMS.ckpt'}}
net_2={'last_hyperfit': 0, 'last_net_reg': 1e-08, 'regularization_history': [1e-08], 'losses_list': [1.1297474, 0.094875194, 0.06905702, 0.024907133, 0.005089383, 0.00039731644, 6.337958e-05, 0.00014109521, 6.363671e-05, 1.6634827e-05, 1.0100406e-05, 2.0337127e-06, 1.2538155e-06, 5.7523346e-07, 5.994899e-07, 5.509481e-07, 5.4755924e-07, 5.2567026e-07, 5.154165e-07, 5.1330903e-07, 5.128771e-07, 5.128686e-07, 5.127992e-07, 5.1274014e-07, 5.127324e-07, 5.127302e-07, 5.1272747e-07, 5.1272684e-07, 5.1272673e-07, 5.127265e-07, 4.0193067, 0.21485353, 0.062148184, 0.034790527, 0.041183207, 0.007812443, 0.0005286066, 0.0014148755, 0.0005135363, 3.161052e-05, 2.611118e-05, 2.8613935e-05, 6.9927687e-06, 9.900334e-07, 7.654618e-07, 8.4334727e-07, 6.503431e-07, 5.4837903e-07, 1.8185352, 1.0364889, 0.7029811, 0.42148972, 0.2045131, 0.08903469, 0.072330736, 0.05318607, 0.03755594, 0.022673132, 0.0096814595, 0.0020603114, 5.0811967e-05, 0.00015789276, 0.5191, 0.1306236, 0.09414915, 0.07353183, 0.056813724, 0.043050956, 4.648376, 0.8280932, 0.9021508, 2.5187917, 1.3214211, 0.550874, 0.4431724, 0.37323585, 0.30633307, 0.2264339, 0.16705912, 0.13350502, 0.122980386, 0.114178196, 1.1058176, 0.48199308, 0.44485563, 0.36209553, 0.29870656, 0.27728713, 0.9762552, 0.53085256, 0.44052508, 0.39950818, 0.8283807, 1.8888242, 0.92403066, 0.818257, 0.7682276, 0.71183896, 1.0784986, 0.9790613, 1.6636845, 1.1642705, 1.071105, 1.0179617, 1.4535365, 1.0597965, 1.1302536, 0.9634983, 2.107426, 1.3146267, 1.1994711, 1.129938, 1.2212188, 0.9981253, 1.483351, 1.2068291, 1.1856651, 1.1440744, 1.5963633, 1.9233028, 1.5572095, 1.4088626, 1.6441693, 1.3740547, 1.3285276, 1.3176991, 1.4294012, 1.4145981, 1.4833064, 1.6336247, 1.5313528, 1.490741, 1.4886308, 1.4358774, 1.6794217, 1.5020854, 1.5687517, 1.6275076, 2.0166445, 1.6302738, 1.6189605, 1.5258697, 1.5172783, 1.5261959, 1.5533509, 1.4749193, 1.6339568, 1.6292694], 'scaler_samples': (array([[0.49568452, 0.2933484 ],       [0.68823695, 0.36888472],       [0.63924594, 0.78916721]]), array([-2.90566038, -3.29818781, -2.88888889])), 'net': {'saver_path': './M-LOOP_archives/./neural_net_archive_2022-10-23_13-28_0Xr9723H.ckpt'}}
