mloop_version='3.3.1'
archive_type='neural_net_learner'
num_params=6
min_boundary=array([0., 0., 0., 0., 0., 0.])
max_boundary=array([1., 1., 1., 1., 1., 1.])
start_datetime='2022-10-23_15-54'
param_names=['', '', '', '', '', '']
search_precision=1e-06
parameter_searches=10
bad_uncer_frac=0.1
trust_region=nan
has_trust_region=False
predict_global_minima_at_end=True
generation_num=3
update_hyperparameters=False
predicted_best_parameters=array([0.8465224, 0.       , 0.       , 0.       , 1.       , 0.       ])
predicted_best_scaled_cost=-3.0528233
predicted_best_cost=-1.1344842062006968
all_params=array([[0.28662375, 0.58319152, 0.47897575, 0.38312112, 0.44968589,        0.64599694],       [0.25801903, 0.36872273, 0.34648741, 0.79398597, 0.08906058,        0.57872894],       [0.50521785, 0.59698793, 0.66696624, 0.67855736, 0.61821615,        0.65187515],       [1.        , 0.51976196, 0.05612618, 1.        , 1.        ,        0.        ],       [0.        , 0.        , 0.        , 0.58463994, 1.        ,        0.88754584]])
all_costs=array([-1.05091864, -1.0969863 , -1.04652378, -1.07808293, -1.04325169])
all_uncers=array([1.e-08, 1.e-08, 1.e-08, 1.e-08, 1.e-08])
bad_run_indexs=[]
best_cost=-1.0969863013698629
best_params=array([0.25801903, 0.36872273, 0.34648741, 0.79398597, 0.08906058,       0.57872894])
best_index=1
worst_cost=-1.0432516935904117
worst_index=4
cost_range=0.05373460777945116
costs_count=5
params_count=4
cost_scaler_init_index=3
net_0={'last_hyperfit': 0, 'last_net_reg': 1e-08, 'regularization_history': [1e-08], 'losses_list': [0.25635993, 0.035081793, 0.011332257, 0.0038372343, 0.001258375, 0.00050983, 0.00022510909, 9.395608e-05, 2.9341778e-05, 4.836314e-06, 6.4036857e-07, 1.3997561e-06, 1.0992121e-06, 5.8707735e-07, 5.680667e-07, 5.707465e-07, 5.46209e-07, 5.482057e-07, 5.462756e-07, 5.4596495e-07, 5.4588384e-07, 5.4580295e-07, 5.458045e-07, 5.457934e-07, 5.457918e-07, 5.457908e-07, 5.457904e-07, 5.4579016e-07, 5.457905e-07, 5.457899e-07, 4.189534, 0.17357321, 0.2622883, 0.067721546, 0.02407214, 0.007994228, 0.0031241626, 0.0011100348, 0.00041399786, 0.00014068912, 5.033028e-05, 1.6075463e-05, 5.516554e-06, 2.0322193e-06, 8.4822796e-07, 5.9602337e-07, 5.533853e-07, 5.50992e-07], 'scaler_samples': (array([[0.28662375, 0.58319152, 0.47897575, 0.38312112, 0.44968589,        0.64599694],       [0.25801903, 0.36872273, 0.34648741, 0.79398597, 0.08906058,        0.57872894],       [0.50521785, 0.59698793, 0.66696624, 0.67855736, 0.61821615,        0.65187515]]), array([-1.05091864, -1.0969863 , -1.04652378])), 'net': {'saver_path': './M-LOOP_archives/./neural_net_archive_2022-10-23_15-54_Gx-8esaG.ckpt'}}
net_1={'last_hyperfit': 0, 'last_net_reg': 1e-08, 'regularization_history': [1e-08], 'losses_list': [2.1573997, 0.30330613, 0.09156899, 0.044492435, 0.015031773, 0.0021281634, 0.00077652856, 0.00025126917, 0.00010744659, 7.528993e-05, 2.363676e-05, 8.379723e-06, 3.760671e-06, 7.940057e-07, 8.867156e-07, 5.991312e-07, 5.725408e-07, 5.3155935e-07, 5.2808764e-07, 5.2199994e-07, 5.214887e-07, 5.2071977e-07, 5.206669e-07, 5.206198e-07, 5.2062137e-07, 5.206174e-07, 5.206148e-07, 5.20614e-07, 5.2061375e-07, 5.206135e-07], 'scaler_samples': (array([[0.28662375, 0.58319152, 0.47897575, 0.38312112, 0.44968589,        0.64599694],       [0.25801903, 0.36872273, 0.34648741, 0.79398597, 0.08906058,        0.57872894],       [0.50521785, 0.59698793, 0.66696624, 0.67855736, 0.61821615,        0.65187515]]), array([-1.05091864, -1.0969863 , -1.04652378])), 'net': {'saver_path': './M-LOOP_archives/./neural_net_archive_2022-10-23_15-54_OqwtjdRL.ckpt'}}
net_2={'last_hyperfit': 0, 'last_net_reg': 1e-08, 'regularization_history': [1e-08], 'losses_list': [0.4541146, 0.060113974, 0.021525135, 0.0009695523, 0.0023275006, 0.0013128069, 0.00012931987, 6.63198e-05, 9.844905e-06, 7.6870265e-06, 1.487206e-06, 1.7273592e-06, 7.0403155e-07, 8.244432e-07, 6.640955e-07, 5.431106e-07, 5.371448e-07, 5.393862e-07, 5.345342e-07, 5.341216e-07, 5.336529e-07, 5.3356246e-07, 5.3357223e-07, 5.335562e-07, 5.335505e-07, 5.3355e-07, 5.335502e-07, 5.3354995e-07, 5.3355e-07, 5.3354984e-07], 'scaler_samples': (array([[0.28662375, 0.58319152, 0.47897575, 0.38312112, 0.44968589,        0.64599694],       [0.25801903, 0.36872273, 0.34648741, 0.79398597, 0.08906058,        0.57872894],       [0.50521785, 0.59698793, 0.66696624, 0.67855736, 0.61821615,        0.65187515]]), array([-1.05091864, -1.0969863 , -1.04652378])), 'net': {'saver_path': './M-LOOP_archives/./neural_net_archive_2022-10-23_15-54_rppcSNwj.ckpt'}}
