mloop_version='3.3.1'
archive_type='neural_net_learner'
num_params=6
min_boundary=array([0., 0., 0., 0., 0., 0.])
max_boundary=array([1., 1., 1., 1., 1., 1.])
start_datetime='2022-10-23_17-50'
param_names=['', '', '', '', '', '']
search_precision=1e-06
parameter_searches=10
bad_uncer_frac=0.1
trust_region=nan
has_trust_region=False
predict_global_minima_at_end=True
generation_num=3
update_hyperparameters=False
predicted_best_parameters=array([0.56002334, 0.80722067, 0.10916282, 0.09079931, 0.1974167 ,       0.62569823])
predicted_best_scaled_cost=-2.928407
predicted_best_cost=-1.916652488971235
all_params=array([[0.9189678 , 0.08330066, 0.03933381, 0.7387635 , 0.61336453,        0.59297267],       [0.59387578, 0.76075407, 0.09569505, 0.21917971, 0.04384123,        0.60534404],       [0.03927322, 0.31178574, 0.00180799, 0.57639567, 0.78196181,        0.40370234],       [0.48747755, 0.        , 1.        , 0.26595017, 0.        ,        1.        ],       [1.        , 1.        , 1.        , 0.        , 0.        ,        1.        ],       [1.        , 1.        , 1.        , 0.        , 0.        ,        0.55437975],       [0.46758029, 0.98905821, 0.99177246, 0.3014856 , 0.19986345,        0.75604586],       [0.96991023, 1.        , 0.09141168, 0.        , 0.        ,        0.70608208],       [0.86585665, 0.82657149, 0.11099123, 0.0464912 , 0.        ,        0.62167707],       [0.27904962, 0.74016309, 0.13793148, 0.        , 0.        ,        0.5473579 ],       [0.27452064, 0.44859853, 0.63284881, 0.58545763, 0.9338241 ,        0.83877578],       [0.09177278, 1.        , 0.00112039, 0.56567405, 0.        ,        0.71581313],       [0.29319542, 1.        , 0.14000906, 0.21799036, 0.        ,        0.67294072],       [0.52750776, 0.81738217, 0.09849815, 0.28341197, 0.        ,        0.59329647],       [0.12626699, 0.41364221, 0.31952398, 0.29900159, 0.31784944,        0.16623572],       [0.61942202, 0.61095168, 0.08568431, 0.29265052, 0.        ,        0.60830319],       [0.64300266, 0.71221025, 0.0965032 , 0.14319285, 0.17652557,        0.63253689],       [0.63564301, 0.68730311, 0.0870122 , 0.24327005, 0.08150855,        0.59637298],       [0.9329169 , 0.87128712, 0.34146795, 0.23034705, 0.70071853,        0.04304316],       [0.64138742, 0.70001148, 0.09981144, 0.14345715, 0.22318646,        0.64346608],       [0.7010408 , 0.75662515, 0.11352969, 0.        , 0.2441484 ,        0.68510845],       [0.62385882, 0.77251602, 0.09719792, 0.14540059, 0.20567427,        0.65587741],       [0.97086544, 0.34661764, 0.01907965, 0.30528173, 0.62294934,        0.12865169],       [0.64839842, 0.58863849, 0.10962686, 0.20012655, 0.17195696,        0.65130209],       [0.7259035 , 0.6388716 , 0.12631995, 0.00731581, 0.205645  ,        0.65120982],       [0.61349733, 0.66776226, 0.12272595, 0.03897395, 0.24036112,        0.6437558 ],       [0.95866623, 0.64537057, 0.48805232, 0.48161547, 0.57033588,        0.87894349],       [0.69151619, 0.63725654, 0.1013852 , 0.21389165, 0.27028771,        0.64753347],       [0.72059293, 0.71021821, 0.11232357, 0.12055535, 0.17799791,        0.63070088],       [0.64020351, 0.72952476, 0.10309471, 0.16981205, 0.05298611,        0.65752944],       [0.59386337, 0.18461116, 0.69185467, 0.25439631, 0.81233871,        0.41104143],       [0.55344261, 0.79610452, 0.10602673, 0.07750439, 0.09889554,        0.63014766],       [0.61679957, 0.69059893, 0.10058226, 0.1044254 , 0.08899554,        0.64147093],       [0.6278869 , 0.74476943, 0.1117739 , 0.12670671, 0.3421723 ,        0.63432283],       [0.48815821, 0.79181261, 0.7840643 , 0.8241066 , 0.82151844,        0.5213484 ],       [0.53021323, 0.81593904, 0.10852267, 0.01506403, 0.04175717,        0.62524236],       [0.53153474, 0.87816869, 0.11479743, 0.        , 0.        ,        0.61937128],       [0.48573773, 0.87414257, 0.108443  , 0.        , 0.05251237,        0.61295937],       [0.34815913, 0.11087799, 0.54202349, 0.88973566, 0.90151245,        0.43264841],       [0.51575238, 0.73908282, 0.09948099, 0.09233821, 0.12947246,        0.64234994],       [0.54998533, 0.76881959, 0.10022467, 0.07566229, 0.15188667,        0.63647686],       [0.55633757, 0.79314914, 0.10366895, 0.06926   , 0.14097855,        0.63471997],       [0.39698727, 0.76391233, 0.02796652, 0.52790205, 0.11378697,        0.31236866],       [0.58319791, 0.80592084, 0.10890743, 0.06486536, 0.11191042,        0.63295974],       [0.56454682, 0.81747995, 0.11127372, 0.07122328, 0.04520743,        0.63487211],       [0.59152538, 0.80958583, 0.11697767, 0.08972994, 0.10566067,        0.63275257],       [0.30090921, 0.24231358, 0.25996087, 0.86434024, 0.83665258,        0.1277219 ],       [0.6102001 , 0.79392096, 0.10962768, 0.05445492, 0.17384751,        0.63189435],       [0.58975595, 0.80109339, 0.110032  , 0.08840816, 0.1618062 ,        0.6269869 ],       [0.57217282, 0.78827412, 0.10224083, 0.06562068, 0.08548579,        0.6372855 ],       [0.11120611, 0.82195057, 0.40802401, 0.02907725, 0.8459245 ,        0.35746192],       [0.52753755, 0.8047558 , 0.0967018 , 0.10723396, 0.02954224,        0.63481673],       [0.53244671, 0.76526962, 0.09483794, 0.09426607, 0.11408818,        0.64477228],       [0.54953885, 0.78874807, 0.10264525, 0.08667556, 0.09381609,        0.64196859],       [0.13146652, 0.52816432, 0.35379061, 0.54995942, 0.96387914,        0.51019849],       [0.53926097, 0.75390283, 0.10351531, 0.1091221 , 0.09309737,        0.62821923],       [0.55408439, 0.79701996, 0.1083388 , 0.08165408, 0.04639573,        0.62973357],       [0.57136427, 0.8090087 , 0.11480929, 0.09813128, 0.1274301 ,        0.61575512],       [0.65257482, 0.30276676, 0.43207981, 0.81333307, 0.84247031,        0.3883976 ],       [0.56242443, 0.79714265, 0.10747294, 0.10640607, 0.14234226,        0.6237637 ],       [0.57243702, 0.8159372 , 0.10870837, 0.0856672 , 0.11762827,        0.62789418],       [0.55003698, 0.8276661 , 0.11045751, 0.06279862, 0.12307881,        0.6277795 ],       [0.4706842 , 0.3813289 , 0.55550928, 0.37330076, 0.06650496,        0.462923  ],       [0.57701017, 0.78592792, 0.10633213, 0.10288082, 0.13936491,        0.62739419],       [0.5799704 , 0.80043292, 0.10749114, 0.0921798 , 0.13669413,        0.62774415],       [0.55027167, 0.80670157, 0.10374667, 0.10231845, 0.1390604 ,        0.62444427],       [0.00495387, 0.08754387, 0.01103269, 0.6785029 , 0.58062181,        0.83434602],       [0.60962123, 0.80935284, 0.10676345, 0.07698971, 0.13682604,        0.63173716],       [0.60130577, 0.79122267, 0.10889538, 0.05926447, 0.12380084,        0.63451187],       [0.54948163, 0.80599373, 0.11187775, 0.11524926, 0.12845489,        0.62224642],       [0.0922745 , 0.57280988, 0.22684576, 0.29427638, 0.5716473 ,        0.1060223 ],       [0.57207302, 0.78176495, 0.10516455, 0.0982094 , 0.14393972,        0.62826174],       [0.56433037, 0.78050181, 0.10670358, 0.07829604, 0.09983902,        0.63331173],       [0.5974421 , 0.78455856, 0.10209249, 0.04205414, 0.06802858,        0.63869096],       [0.10798896, 0.07058355, 0.39202405, 0.7264872 , 0.94136491,        0.28879178],       [0.58854865, 0.81944992, 0.10626433, 0.08238187, 0.12818633,        0.62874188],       [0.57125362, 0.82692181, 0.10789545, 0.09547721, 0.14688052,        0.62466148],       [0.52544003, 0.8275389 , 0.10472885, 0.09549681, 0.18895929,        0.62395399],       [0.23873241, 0.88920885, 0.87001072, 0.50004761, 0.51986125,        0.85354487],       [0.61525167, 0.8390067 , 0.10707969, 0.0786569 , 0.12042301,        0.63005715],       [0.58280985, 0.84214766, 0.10790701, 0.09023493, 0.15849444,        0.62355592],       [0.58608595, 0.84559038, 0.10446359, 0.06792595, 0.12896999,        0.62799332],       [0.17811904, 0.19226476, 0.25067323, 0.17857663, 0.70137413,        0.22770668],       [0.6673538 , 0.84390545, 0.10851975, 0.04162408, 0.15219357,        0.63257172],       [0.58035976, 0.80402301, 0.10590179, 0.09898467, 0.14483043,        0.62797262],       [0.56463182, 0.80114085, 0.11070483, 0.09486572, 0.10946849,        0.62421796],       [0.68449643, 0.42165915, 0.14868607, 0.19788804, 0.00856553,        0.62061744],       [0.55337445, 0.7973466 , 0.105803  , 0.0750811 , 0.12072645,        0.6309176 ],       [0.59545339, 0.78741293, 0.10360565, 0.06932338, 0.11771599,        0.63624872],       [0.52963297, 0.82894493, 0.10344582, 0.0698198 , 0.15637995,        0.62932342],       [0.99340872, 0.74543356, 0.10373179, 0.83028239, 0.49588029,        0.75972687],       [0.56009596, 0.79992297, 0.10454966, 0.07145099, 0.12819517,        0.63221756],       [0.57093727, 0.78374582, 0.10292088, 0.06538589, 0.08961207,        0.63512143],       [0.56061892, 0.81069402, 0.10113717, 0.08359805, 0.14088763,        0.62873279],       [0.24626982, 0.1852111 , 0.9606095 , 0.72629046, 0.26777184,        0.81868672],       [0.57074764, 0.80871979, 0.10602891, 0.06477358, 0.11888834,        0.63254496],       [0.62307342, 0.78138695, 0.1069503 , 0.05823254, 0.10687732,        0.64135714],       [0.5850811 , 0.81651425, 0.10537255, 0.0654672 , 0.12008955,        0.63268628],       [0.30442908, 0.04907647, 0.19562265, 0.41901081, 0.02644778,        0.62844942],       [0.52203795, 0.79922135, 0.10344289, 0.09256135, 0.15441605,        0.62404515],       [0.62662275, 0.76829198, 0.10342003, 0.05730382, 0.15786126,        0.63758839],       [0.53970805, 0.81500407, 0.10197671, 0.09104773, 0.14099916,        0.62113747],       [0.01268931, 0.72397561, 0.61680554, 0.68434178, 0.05561253,        0.74885332],       [0.574311  , 0.82063241, 0.10618957, 0.06587601, 0.11882845,        0.63197777],       [0.53649665, 0.80698218, 0.1014305 , 0.10280451, 0.12897875,        0.62344356],       [0.56644995, 0.80919704, 0.10047277, 0.08497942, 0.13500953,        0.62756679],       [0.5984974 , 0.79307542, 0.75743417, 0.29741336, 0.91170107,        0.34964603],       [0.59185   , 0.80946077, 0.10443365, 0.06580472, 0.11925464,        0.63137756],       [0.60053443, 0.78634504, 0.10264374, 0.07628268, 0.12440284,        0.63300394],       [0.5896408 , 0.80685211, 0.10203231, 0.0706189 , 0.12086515,        0.62882349],       [0.84703046, 0.72311415, 0.80593845, 0.95237467, 0.90432413,        0.14976106],       [0.5708812 , 0.82051846, 0.10736946, 0.07331853, 0.1362032 ,        0.63121581],       [0.61277647, 0.75348502, 0.09911191, 0.07411057, 0.14895346,        0.64156237],       [0.5644539 , 0.79606768, 0.10351793, 0.08855381, 0.15328459,        0.63190438],       [0.6242846 , 0.13095088, 0.00939017, 0.19113223, 0.57323846,        0.09106756],       [0.65229702, 0.66322454, 0.09498692, 0.12166007, 0.19885073,        0.64616415],       [0.66519757, 0.68512126, 0.09955013, 0.0579067 , 0.17130696,        0.65548071],       [0.56368603, 0.72020222, 0.09364897, 0.10899699, 0.09479709,        0.63305485],       [0.63806941, 0.95525822, 0.98893296, 0.75757267, 0.84622209,        0.50930648],       [0.59942411, 0.80956166, 0.10850169, 0.07753931, 0.19543519,        0.62962826]])
all_costs=array([-1.80522994, -1.84176633, -1.74238468, -1.58511481, -1.60288231,       -1.68660489, -1.68945148, -1.67812238, -1.72437554, -1.6369583 ,       -1.69230769, -1.63162184, -1.71550985, -1.80522994, -1.65865783,       -1.78909741, -1.85542169, -1.73033708, -1.61061947, -1.87628866,       -1.70093458, -1.71845494, -1.80849142, -1.76077397, -1.73633998,       -1.70673487, -1.75153106, -1.77639752, -1.82497721, -1.74238468,       -1.73935708, -1.94557823, -1.88689915, -1.83838384, -1.61321515,       -1.79874214, -1.74542284, -1.73633998, -1.76699029, -1.85886722,       -1.83838384, -1.91946309, -1.76387665, -1.93804453, -1.86232558,       -1.84516129, -1.78590544, -1.78590544, -1.89763033, -1.8727783 ,       -1.73333333, -1.74847162, -1.80522994, -1.78590544, -1.64232978,       -1.90123457, -1.84856879, -1.8519889 , -1.71550985, -1.93056895,       -1.90848427, -1.88334901, -1.77011494, -1.94557823, -1.87628866,       -1.90123457, -1.74847162, -1.90485252, -1.86579683, -1.82165605,       -1.74238468, -1.83838384, -1.8283105 , -1.81504986, -1.74238468,       -1.976308  , -1.88689915, -1.90485252, -1.65045342, -1.8519889 ,       -1.8283105 , -1.8519889 , -1.59776536, -1.8019802 , -1.79874214,       -1.76699029, -1.71845494, -1.96082272, -1.96853491, -1.8727783 ,       -1.66972477, -1.8727783 , -1.8519889 , -1.89403974, -1.69230769,       -1.86928105, -1.83165599, -1.91946309, -1.59776536, -1.81176471,       -1.8904627 , -1.91946309, -1.69230769, -1.79874214, -1.79874214,       -1.94180407, -1.68945148, -1.77639752, -1.93056895, -1.78272484,       -1.7955157 , -1.84176633, -1.95317073, -1.8727783 , -1.8019802 ,       -1.84856879, -1.76699029, -1.82497721, -1.75768218, -1.88689915])
all_uncers=array([1.e-08, 1.e-08, 1.e-08, 1.e-08, 1.e-08, 1.e-08, 1.e-08, 1.e-08,       1.e-08, 1.e-08, 1.e-08, 1.e-08, 1.e-08, 1.e-08, 1.e-08, 1.e-08,       1.e-08, 1.e-08, 1.e-08, 1.e-08, 1.e-08, 1.e-08, 1.e-08, 1.e-08,       1.e-08, 1.e-08, 1.e-08, 1.e-08, 1.e-08, 1.e-08, 1.e-08, 1.e-08,       1.e-08, 1.e-08, 1.e-08, 1.e-08, 1.e-08, 1.e-08, 1.e-08, 1.e-08,       1.e-08, 1.e-08, 1.e-08, 1.e-08, 1.e-08, 1.e-08, 1.e-08, 1.e-08,       1.e-08, 1.e-08, 1.e-08, 1.e-08, 1.e-08, 1.e-08, 1.e-08, 1.e-08,       1.e-08, 1.e-08, 1.e-08, 1.e-08, 1.e-08, 1.e-08, 1.e-08, 1.e-08,       1.e-08, 1.e-08, 1.e-08, 1.e-08, 1.e-08, 1.e-08, 1.e-08, 1.e-08,       1.e-08, 1.e-08, 1.e-08, 1.e-08, 1.e-08, 1.e-08, 1.e-08, 1.e-08,       1.e-08, 1.e-08, 1.e-08, 1.e-08, 1.e-08, 1.e-08, 1.e-08, 1.e-08,       1.e-08, 1.e-08, 1.e-08, 1.e-08, 1.e-08, 1.e-08, 1.e-08, 1.e-08,       1.e-08, 1.e-08, 1.e-08, 1.e-08, 1.e-08, 1.e-08, 1.e-08, 1.e-08,       1.e-08, 1.e-08, 1.e-08, 1.e-08, 1.e-08, 1.e-08, 1.e-08, 1.e-08,       1.e-08, 1.e-08, 1.e-08, 1.e-08, 1.e-08, 1.e-08, 1.e-08, 1.e-08])
bad_run_indexs=[]
best_cost=-1.9763079960513326
best_params=array([0.58854865, 0.81944992, 0.10626433, 0.08238187, 0.12818633,       0.62874188])
best_index=75
worst_cost=-1.5851148060174192
worst_index=3
cost_range=0.3911931900339134
costs_count=120
params_count=90
cost_scaler_init_index=3
net_0={'last_hyperfit': 0, 'last_net_reg': 1e-08, 'regularization_history': [1e-08], 'losses_list': [0.47762707, 0.038690347, 0.024401568, 0.0131970085, 0.0045331903, 0.0011592542, 0.00017947648, 5.123776e-05, 1.0593317e-05, 3.3333795e-06, 1.8537321e-06, 1.1059919e-06, 7.3500433e-07, 5.698138e-07, 5.6946567e-07, 5.732055e-07, 5.5456144e-07, 5.4397015e-07, 5.3870514e-07, 5.369474e-07, 5.369005e-07, 5.3689536e-07, 5.3686546e-07, 5.368411e-07, 5.3683203e-07, 5.368306e-07, 5.368297e-07, 5.368297e-07, 5.368296e-07, 5.368295e-07, 5.0352073, 1.4420916, 0.29830188, 0.010507627, 0.02808614, 0.011992768, 5.972789, 0.8961349, 0.36101002, 0.07487865, 0.010422571, 0.006387192, 0.00068970467, 0.0008873382, 5.2200372e-05, 0.000101777085, 5.544125e-06, 1.1310625e-05, 1.7239599e-06, 1.4896013e-06, 8.293201e-07, 6.044799e-07, 6.0003583e-07, 5.4872515e-07, 1.805754, 0.10839487, 0.081069075, 0.031128852, 0.016595978, 0.010763712, 0.004717527, 0.0018680622, 0.00041560587, 6.9748334e-05, 8.950281e-06, 2.008602e-05, 9.776924e-06, 2.5999725e-06, 8.153547e-07, 6.3871926e-07, 6.6136016e-07, 5.945531e-07, 0.6249764, 0.33050302, 0.24271141, 0.28937867, 0.65123206, 0.46643892, 0.354778, 0.2974423, 0.20407903, 0.12385743, 0.18312095, 0.071452826, 0.02239685, 0.0163435, 0.013617282, 0.0075392704, 0.0066058123, 0.003513592, 0.0036153693, 0.0017487034, 0.001394614, 0.00081907614, 0.00067261286, 0.00041334415, 1.4463567, 0.22261219, 0.11520067, 0.05406953, 0.0252941, 0.013125581, 0.0068617095, 0.0037763563, 0.0023635055, 0.001320497, 0.00076551235, 0.000453772, 0.00028353152, 0.00016852001, 9.033343e-05, 5.514514e-05, 2.97706e-05, 1.6269032e-05, 9.957837e-06, 5.3223152e-06, 3.1881912e-06, 2.0730556e-06, 1.2917185e-06, 9.0492756e-07, 7.6755276e-07, 6.749854e-07, 0.2987155, 0.10642886, 0.06945946, 0.04690622, 0.031462938, 0.01630429, 0.008136628, 0.003669146, 0.005601237, 0.000738819, 0.00026409441, 7.657231e-05, 2.7217278e-05, 4.4579778e-05, 2.1738262e-05, 1.7181994e-05, 0.1332144, 0.34728757, 0.9053461, 0.15011093, 0.12321764, 0.13281472, 0.0338322, 0.0059884125, 0.0025569883, 0.0010285176, 0.0006427657, 0.00037759033, 0.00022256438, 0.00013301922, 0.00039535045, 0.00018458928, 4.1992615e-05, 1.9998255e-05, 1.2566833e-05, 4.5767056e-06, 0.39532667, 0.13835043, 0.07549176, 0.03373119, 0.020649415, 0.018166237, 0.057686046, 0.011357459, 0.011717794, 0.008667939, 0.08295021, 0.018268187, 0.00987488, 0.0066001127, 0.011445515, 0.012937768, 0.459684, 0.5979778, 0.9544954, 0.40216845, 0.29894853, 0.2887083, 0.3673232, 0.20561123, 0.20078115, 0.15960659, 0.16527568, 0.12852444, 0.12314516, 0.1669038, 0.14345804, 0.073903054, 0.07294865, 0.059333254, 0.06434156, 0.049270205, 0.079736546, 0.2136122, 0.50473624, 0.1303156, 0.102390744, 0.12393949, 0.37946427, 0.18301325, 0.17661928, 0.17277531, 0.23632576, 0.19371286, 0.28232417, 0.35442924, 0.70974016, 0.39887384, 0.3638125, 0.36468488, 0.44321555, 0.42363137, 0.3761606, 0.36959085, 0.38878968, 0.41017425, 0.5330091, 0.45210257, 0.4380594, 0.42203364, 0.51180345, 0.4919618, 0.6437165, 0.64531094, 0.71180546, 0.7494549, 0.7459563, 0.61219525, 0.59100485, 0.56391275, 0.7196033, 0.555659, 0.5155026, 0.6896198], 'scaler_samples': (array([[0.9189678 , 0.08330066, 0.03933381, 0.7387635 , 0.61336453,        0.59297267],       [0.59387578, 0.76075407, 0.09569505, 0.21917971, 0.04384123,        0.60534404],       [0.03927322, 0.31178574, 0.00180799, 0.57639567, 0.78196181,        0.40370234]]), array([-1.80522994, -1.84176633, -1.74238468])), 'net': {'saver_path': './M-LOOP_archives/./neural_net_archive_2022-10-23_17-50_u6SGTB9_.ckpt'}}
net_1={'last_hyperfit': 0, 'last_net_reg': 1e-08, 'regularization_history': [1e-08], 'losses_list': [1.128993, 0.08992617, 0.05154271, 0.009113897, 0.002091747, 0.0018687656, 0.00079114636, 0.00023140611, 6.55761e-05, 4.4901763e-06, 3.1949971e-06, 1.8664609e-06, 1.0394338e-06, 7.938762e-07, 6.2833107e-07, 5.5427734e-07, 5.4619653e-07, 5.343899e-07, 5.341529e-07, 5.341536e-07, 5.338206e-07, 5.3375237e-07, 5.337098e-07, 5.336673e-07, 5.336587e-07, 5.3365363e-07, 5.3365306e-07, 5.3365306e-07, 5.336529e-07, 5.336529e-07, 5.663313, 1.3369921, 0.5121896, 0.01178677, 0.009800685, 0.009600587, 0.0053401776, 0.0016886184, 0.0002985907, 7.817665e-06, 2.7265642e-05, 2.6816972e-05, 3.9722936, 0.8242994, 0.3231065, 0.109307975, 0.0051985784, 0.010287657, 0.0011020027, 0.0009690047, 0.00014747638, 8.69204e-05, 3.13446e-05, 9.944783e-06, 5.378218e-06, 1.2072942e-06, 1.145193e-06, 6.104543e-07, 6.3780044e-07, 5.525638e-07, 1.4027556, 0.24027836, 0.07301801, 0.023261033, 0.011340905, 0.0051729823, 0.0017986228, 0.00055111083, 0.0001313123, 3.4732002e-05, 6.9235575e-06, 4.7284316e-06, 3.0342069e-06, 1.6952184e-06, 9.027445e-07, 6.4939024e-07, 5.686078e-07, 5.5100367e-07, 0.41478413, 0.27728847, 0.2788624, 0.33166066, 1.4827759, 0.75840384, 0.5184142, 0.27335802, 0.16149321, 0.10171305, 0.06602289, 0.038952194, 0.01722756, 0.01031943, 0.006568686, 0.004788795, 0.0035767439, 0.0028656104, 0.0018408707, 0.0012246674, 0.0011244344, 0.0008856873, 0.00038272186, 0.00029686437, 0.00033403037, 0.00013678336, 0.00025858684, 8.956884e-05, 2.6862257e-05, 1.678871e-05, 1.5152295e-05, 7.655531e-06, 4.9331425e-06, 6.1854716e-06, 2.5035658e-06, 1.7312582e-06, 2.3818316e-06, 1.7369246e-06, 1.4268109, 0.11347634, 0.03208399, 0.010494829, 0.0060721315, 0.0033541243, 0.0017826806, 0.0009383445, 0.00049477594, 0.00022518425, 0.00011022928, 4.8690174e-05, 3.093486e-05, 4.226143e-05, 4.4692326e-05, 0.00017431894, 0.38092768, 0.08534598, 0.04648353, 0.0249109, 0.017784465, 0.0100648515, 0.0055733277, 0.0030641572, 0.001439554, 0.00069700636, 0.00033185713, 0.00013675666, 9.574681e-05, 0.00021342527, 0.12246388, 0.07550217, 0.08318584, 0.029216137, 0.011048613, 0.011176988, 1.0610425, 0.4105299, 0.2686953, 0.27669224, 0.049746636, 0.07172094, 0.2307385, 0.10834316, 0.09967745, 0.077151954, 0.06803139, 0.04310219, 0.16765435, 0.10063295, 0.08426382, 0.03270013, 0.026924584, 0.04579922, 0.4316464, 0.4754318, 0.80634284, 0.38879755, 0.25453874, 0.39265484, 0.5035228, 0.2060553, 0.098911874, 0.11976009, 0.098915376, 0.06003326, 0.049827956, 0.057035677, 0.17248002, 0.13265349, 0.2362493, 0.13883647, 0.09039101, 0.10433252, 0.20259133, 0.1690376, 0.18241315, 0.16549475, 0.1993947, 0.22230597, 0.2511756, 0.359664, 0.4838988, 0.39016175, 0.45967314, 0.38240817, 0.36297628, 0.3754524, 0.3898299, 0.3996441, 0.42373332, 0.5550012, 0.92400175, 0.4799576, 0.4193024, 0.4550925, 0.5517583, 0.51317775, 0.59476966, 0.5610706, 0.6129989, 0.6275289, 0.76019496, 0.5976369, 0.6848108, 0.52689546], 'scaler_samples': (array([[0.9189678 , 0.08330066, 0.03933381, 0.7387635 , 0.61336453,        0.59297267],       [0.59387578, 0.76075407, 0.09569505, 0.21917971, 0.04384123,        0.60534404],       [0.03927322, 0.31178574, 0.00180799, 0.57639567, 0.78196181,        0.40370234]]), array([-1.80522994, -1.84176633, -1.74238468])), 'net': {'saver_path': './M-LOOP_archives/./neural_net_archive_2022-10-23_17-50_0tG6gqYg.ckpt'}}
net_2={'last_hyperfit': 0, 'last_net_reg': 1e-08, 'regularization_history': [1e-08], 'losses_list': [1.7883362, 0.23212136, 0.06062868, 0.014254591, 0.0033774064, 0.00047490498, 0.0011053934, 0.00045753623, 1.3005886e-05, 3.4067783e-05, 1.890597e-05, 3.7308012e-06, 2.8914424e-06, 5.956069e-07, 7.7030745e-07, 5.7466707e-07, 5.478369e-07, 5.3683516e-07, 5.2238005e-07, 5.2185885e-07, 5.2110204e-07, 5.205486e-07, 5.205412e-07, 5.205113e-07, 5.205061e-07, 5.2050194e-07, 5.205006e-07, 5.205e-07, 5.2049967e-07, 5.2049967e-07, 6.0507503, 1.3180046, 0.30580005, 0.13367976, 5.242111, 1.0593361, 0.27161664, 0.051455826, 0.009606308, 0.004432912, 0.0009253668, 0.0004787113, 0.00016693526, 6.595998e-05, 1.8698123e-05, 4.9732485e-06, 3.0773904e-06, 1.0292563e-06, 9.373078e-07, 6.4273047e-07, 5.48928e-07, 5.418591e-07, 0.5630732, 0.09598746, 0.03720514, 0.015412583, 0.007919805, 0.0015018823, 0.0005434988, 0.00014462853, 7.100876e-05, 2.9255993e-05, 2.5689828e-06, 3.0562483e-06, 1.5316039e-06, 9.835726e-07, 6.7824203e-07, 5.5807044e-07, 0.56468433, 0.6740999, 0.35744667, 0.41513604, 0.8448468, 0.59539235, 0.516579, 0.37357178, 0.2371414, 0.17218776, 0.0993776, 0.052602302, 0.03617253, 0.033168584, 0.010179795, 0.007731173, 0.0035928248, 0.0021568977, 0.0013814616, 0.0024601112, 0.00088253914, 0.0011319404, 0.00042026927, 0.00038630381, 0.0006679504, 0.00024630886, 9.5265896e-05, 5.9961476e-05, 5.657979e-05, 2.9097011e-05, 2.145397e-05, 2.8108536e-05, 1.0348351e-05, 9.754829e-06, 1.6545368, 0.32320547, 0.11680638, 0.052452605, 0.022492923, 0.011442499, 0.007293164, 0.0052458188, 0.00383545, 0.0028406747, 0.002232761, 0.0017472698, 0.0012863522, 0.0009892895, 0.0007578315, 0.0005639552, 0.00034928255, 0.00025501545, 0.00018877888, 0.000110667635, 7.2916606e-05, 4.163757e-05, 3.3694887e-05, 2.0072815e-05, 1.5614876e-05, 8.088204e-06, 5.9000167e-06, 2.7714868e-06, 1.8539058e-06, 1.5049075e-06, 0.570318, 0.20492826, 0.0614122, 0.0142197795, 0.0061727855, 0.004068112, 0.0028328365, 0.0021545312, 0.0015339087, 0.0013780339, 0.001030406, 0.0006957626, 0.00055881514, 0.0004913102, 0.00046630698, 0.0003011992, 0.00017806115, 0.00015737202, 9.2227e-05, 7.7227836e-05, 6.877918e-05, 4.527778e-05, 0.51597494, 0.72862923, 0.40748665, 0.17262308, 0.07705877, 0.07666546, 1.5808238, 0.2769009, 0.0829914, 0.04360532, 0.055723276, 0.01014065, 0.0059638713, 0.011850699, 0.31211063, 0.12903245, 0.07052092, 0.05649959, 0.047004383, 0.03617215, 0.027926352, 0.027125277, 0.18218589, 0.06769693, 0.037904676, 0.022358034, 0.03185702, 0.0076185986, 0.011262876, 0.0037060513, 0.0013914261, 0.00057194004, 1.2501981, 0.46721026, 0.26566774, 0.2242637, 0.61616814, 0.34627616, 0.19095868, 0.1476512, 0.09030551, 0.090263925, 0.30118427, 0.100501634, 0.07608284, 0.08517368, 0.05889233, 0.16995789, 0.03926635, 0.035120048, 0.08706868, 0.057778068, 0.08097731, 0.0511853, 0.02916519, 0.20645541, 0.088881806, 0.1523231, 0.16827509, 0.12639728, 0.11962453, 0.09935779, 0.2729887, 0.27388495, 0.22230169, 0.18786937, 0.24816906, 0.18504046, 0.17432001, 0.17204659, 0.22161183, 0.90469307, 0.54401255, 0.38223758, 0.36601686, 0.3494991, 0.39967152, 0.6102161, 0.3632368, 0.3558944, 0.4030406, 0.45917237, 0.50283486, 0.4109529, 0.40745687, 0.3817274, 0.5349622, 0.47495604, 0.64375496, 0.5945979, 0.7581572, 0.7657635], 'scaler_samples': (array([[0.9189678 , 0.08330066, 0.03933381, 0.7387635 , 0.61336453,        0.59297267],       [0.59387578, 0.76075407, 0.09569505, 0.21917971, 0.04384123,        0.60534404],       [0.03927322, 0.31178574, 0.00180799, 0.57639567, 0.78196181,        0.40370234]]), array([-1.80522994, -1.84176633, -1.74238468])), 'net': {'saver_path': './M-LOOP_archives/./neural_net_archive_2022-10-23_17-50_dNwHuVN4.ckpt'}}
