mloop_version='3.3.1'
archive_type='neural_net_learner'
num_params=2
min_boundary=array([0., 0.])
max_boundary=array([1., 1.])
start_datetime='2022-10-23_11-13'
param_names=['', '']
search_precision=1e-06
parameter_searches=10
bad_uncer_frac=0.1
trust_region=nan
has_trust_region=False
predict_global_minima_at_end=True
generation_num=3
update_hyperparameters=False
predicted_best_parameters=array([0.67199771, 0.81296376])
predicted_best_scaled_cost=-1.5428102
predicted_best_cost=-3.598774580757587
all_params=array([[0.57205735, 0.84235399],       [0.05957125, 0.85355188],       [0.79090808, 0.76668408],       [1.        , 0.        ],       [0.        , 0.        ],       [1.        , 0.        ],       [0.42011847, 0.83153794],       [1.        , 0.75672075],       [1.        , 0.74754063],       [0.88186654, 0.77730341],       [0.72002783, 0.62558529],       [0.7424488 , 0.75961702],       [0.82820236, 0.7422972 ],       [0.74106535, 0.76078716],       [0.30582757, 0.47887264],       [0.73928368, 0.76805584],       [0.75737769, 0.7685254 ],       [0.77226447, 0.76594705],       [0.2317414 , 0.07053473],       [1.        , 0.71085376],       [1.        , 0.70631524],       [0.93093274, 0.72596101],       [0.67037909, 0.88844326],       [0.91887267, 0.72948634],       [0.85988913, 0.73668846],       [0.86995618, 0.7380658 ],       [0.39147474, 0.40173632],       [0.84033648, 0.74169031],       [0.74815725, 0.74521218],       [0.88988334, 0.7427216 ],       [0.27482592, 0.08585869],       [0.83742219, 0.74828045],       [0.        , 0.71732655],       [1.        , 0.73256637],       [0.57589883, 0.45790397],       [0.        , 0.        ],       [0.12446142, 0.68165153],       [1.        , 0.8079632 ],       [0.65319422, 0.76033405],       [0.        , 0.65354729],       [0.        , 0.62065582],       [0.        , 0.65252652],       [0.41786903, 0.97358903],       [0.01170418, 1.        ],       [0.23770528, 0.68381904],       [0.19446109, 0.66649591],       [0.27049848, 0.07584445],       [0.        , 1.        ],       [0.08112663, 0.60328601],       [0.11884138, 0.62776698],       [0.73883784, 0.17997036],       [0.        , 0.59415964],       [0.        , 0.57559686],       [0.29388995, 1.        ],       [0.7428327 , 0.20067263],       [0.24287728, 0.6705422 ],       [0.21413905, 0.67022096],       [0.18239327, 0.63478276],       [0.49874395, 0.54237752],       [0.19646615, 0.65805939],       [0.20256589, 0.65477472],       [0.20635113, 0.65016881],       [0.83730465, 0.73340994],       [0.16636489, 0.70020759],       [0.17507377, 0.66681888],       [0.17735744, 0.65695049],       [0.87307362, 0.56047934],       [0.05430384, 0.69973844],       [0.16914462, 0.68925336],       [0.16501588, 0.67181404],       [0.99709817, 0.95455022],       [0.17468422, 0.69360601],       [0.14531315, 0.67840771],       [0.20276739, 0.68948271],       [0.94003529, 0.76152686],       [0.8005876 , 0.76317594],       [0.1640644 , 0.6768936 ],       [0.16249634, 0.66833404],       [0.37934019, 0.17077004],       [0.13721372, 0.65485775],       [0.09713663, 0.64072396],       [0.13259273, 0.66205966],       [0.05284654, 0.5313574 ],       [0.13053575, 0.68854942],       [0.14548112, 0.67209655],       [0.27056846, 0.64840015],       [0.4968619 , 0.81209067],       [0.0583301 , 0.75653013],       [0.12698673, 0.68206185],       [0.13633679, 0.68558562],       [0.9915015 , 0.27321131],       [0.12622579, 0.6545145 ],       [0.55306568, 0.80619655],       [0.53065681, 0.81145666],       [0.71021528, 0.81195755],       [0.07613038, 0.63970503],       [0.09431841, 0.62793364],       [0.11575504, 0.68291399],       [0.55014874, 0.22109441],       [0.18642795, 0.66818589],       [0.55680134, 0.81276347],       [0.16517862, 0.71111201],       [0.67473614, 0.26744742],       [0.51903536, 0.81145877],       [0.51757419, 0.81067133],       [0.16196136, 0.70216101],       [0.85133395, 0.55191205],       [0.10952823, 0.68803072],       [0.19255422, 0.72069059],       [0.51440234, 0.80891634],       [0.34630322, 0.77953154],       [0.16348491, 0.70782763],       [0.72060519, 0.80041527],       [0.53168473, 0.81922767],       [0.26723579, 0.13592393],       [0.10440453, 0.68835899],       [0.499621  , 0.8132551 ],       [0.15772196, 0.70999052],       [0.69621388, 0.32867011],       [0.64263337, 0.81368677]])
all_costs=array([-2.94845361, -2.76137931, -3.54336283, -2.74622771, -2.58990944,       -2.98360656, -2.88057554, -2.93979442, -3.15275591, -2.84779516,       -3.11353033, -2.94845361, -3.33111481, -3.79886148, -2.97473997,       -2.70906631, -2.58322581, -3.05648855, -3.60720721, -3.60720721,       -2.69448183, -3.58139535, -2.93979442, -3.30909091, -2.8723099 ,       -2.73871409, -2.99252616, -2.93979442, -2.54383736, -2.80785414,       -3.12324493, -2.75378267, -3.07526882, -2.75378267, -2.90566038,       -2.72380952, -3.59425494, -2.72380952, -2.61699346, -2.63074901,       -3.5061296 , -2.88888889, -3.21348315, -3.38747885, -3.08474576,       -3.65996344, -2.85592011, -2.72380952, -3.93320236, -3.64663024,       -3.24473258, -2.65165563, -2.73871409, -2.95716396, -3.37605396,       -3.98011928, -3.5308642 , -3.26590538, -2.57657658, -3.42222222,       -2.86409156, -2.94845361, -2.66577896, -3.5308642 , -3.35343384,       -3.16271722, -3.16271722, -2.73871409, -3.68692449, -3.56862745,       -2.8723099 , -3.21348315, -3.30909091, -3.02874433, -2.85592011,       -3.44578313, -3.32006633, -3.55595027, -3.44578313, -3.42222222,       -3.48173913, -3.13302034, -3.39898132, -3.93320236, -3.58139535,       -3.37605396, -3.75609756, -2.77669903, -3.23424879, -3.35343384,       -2.81575246, -3.56862745, -3.07526882, -3.88737864, -3.58139535,       -2.74622771, -3.07526882, -3.88737864, -3.5061296 , -3.51845343,       -3.5061296 , -3.87234043, -2.83971631, -3.93320236, -3.72811918,       -3.63339383, -3.44578313, -3.75609756, -3.54336283, -3.24473258,       -3.18282989, -3.54336283, -3.46967071, -3.46967071, -3.45768566,       -3.91780822, -3.33111481, -3.56862745, -2.83168317, -3.56862745])
all_uncers=array([1.e-08, 1.e-08, 1.e-08, 1.e-08, 1.e-08, 1.e-08, 1.e-08, 1.e-08,       1.e-08, 1.e-08, 1.e-08, 1.e-08, 1.e-08, 1.e-08, 1.e-08, 1.e-08,       1.e-08, 1.e-08, 1.e-08, 1.e-08, 1.e-08, 1.e-08, 1.e-08, 1.e-08,       1.e-08, 1.e-08, 1.e-08, 1.e-08, 1.e-08, 1.e-08, 1.e-08, 1.e-08,       1.e-08, 1.e-08, 1.e-08, 1.e-08, 1.e-08, 1.e-08, 1.e-08, 1.e-08,       1.e-08, 1.e-08, 1.e-08, 1.e-08, 1.e-08, 1.e-08, 1.e-08, 1.e-08,       1.e-08, 1.e-08, 1.e-08, 1.e-08, 1.e-08, 1.e-08, 1.e-08, 1.e-08,       1.e-08, 1.e-08, 1.e-08, 1.e-08, 1.e-08, 1.e-08, 1.e-08, 1.e-08,       1.e-08, 1.e-08, 1.e-08, 1.e-08, 1.e-08, 1.e-08, 1.e-08, 1.e-08,       1.e-08, 1.e-08, 1.e-08, 1.e-08, 1.e-08, 1.e-08, 1.e-08, 1.e-08,       1.e-08, 1.e-08, 1.e-08, 1.e-08, 1.e-08, 1.e-08, 1.e-08, 1.e-08,       1.e-08, 1.e-08, 1.e-08, 1.e-08, 1.e-08, 1.e-08, 1.e-08, 1.e-08,       1.e-08, 1.e-08, 1.e-08, 1.e-08, 1.e-08, 1.e-08, 1.e-08, 1.e-08,       1.e-08, 1.e-08, 1.e-08, 1.e-08, 1.e-08, 1.e-08, 1.e-08, 1.e-08,       1.e-08, 1.e-08, 1.e-08, 1.e-08, 1.e-08, 1.e-08, 1.e-08, 1.e-08])
bad_run_indexs=[]
best_cost=-3.980119284294235
best_params=array([0.24287728, 0.6705422 ])
best_index=55
worst_cost=-2.5438373570520967
worst_index=28
cost_range=1.4362819272421383
costs_count=120
params_count=90
cost_scaler_init_index=3
net_0={'last_hyperfit': 0, 'last_net_reg': 1e-08, 'regularization_history': [1e-08], 'losses_list': [1.3276349, 0.124789014, 0.06599813, 0.013752822, 0.00054434565, 0.0012044843, 0.00097072276, 0.0003430351, 8.071734e-05, 1.6204262e-05, 1.6952614e-06, 1.0969027e-06, 5.6727146e-07, 5.6881976e-07, 5.510497e-07, 5.3150154e-07, 5.2812743e-07, 5.284575e-07, 5.2853807e-07, 5.281826e-07, 5.277658e-07, 5.27472e-07, 5.2735277e-07, 5.273139e-07, 5.272997e-07, 5.2729524e-07, 5.272938e-07, 5.2729393e-07, 5.272937e-07, 5.272936e-07, 70.392746, 2.8227415, 0.65615374, 0.2697054, 1.0864638, 0.33261728, 0.21538967, 0.14715023, 0.08375302, 0.04019736, 0.028406546, 0.027001278, 0.37387547, 0.27385437, 0.27278137, 0.26449543, 0.8872197, 0.6423029, 0.5900662, 0.6154706, 0.59362173, 0.53800297, 1.0075243, 0.93515867, 0.99014866, 0.8750715, 0.9714038, 0.9054927, 0.877862, 0.8481971, 0.9627962, 0.823348, 0.9364717, 0.85418713, 0.8088615, 0.82090276, 0.9428134, 0.8936924, 1.039136, 0.91107726, 0.9132209, 0.85161513, 0.81977963, 0.8397051, 0.8659974, 0.81922615, 0.77071095, 0.80971354, 0.989623, 0.74565834, 0.7275546, 0.7051629, 0.66517514, 0.63882214, 0.6028306, 0.59774095, 0.5744068, 0.6367685, 0.60675347, 0.58125824, 0.6239605, 0.5202162, 0.50293434, 0.49736887, 0.51728326, 0.46368396, 0.45697287, 0.4355296, 0.5120585, 0.7929357, 0.66402787, 0.6014076, 0.5411906, 0.60094255, 0.55009025, 0.51448476, 0.4834574, 0.44434482, 0.44980553, 0.63269806, 0.5897703, 0.48919517, 0.48512816, 0.47636712, 0.43871906, 0.4280031], 'scaler_samples': (array([[0.57205735, 0.84235399],       [0.05957125, 0.85355188],       [0.79090808, 0.76668408]]), array([-2.94845361, -2.76137931, -3.54336283])), 'net': {'saver_path': './M-LOOP_archives/./neural_net_archive_2022-10-23_11-13_gy8QNG9s.ckpt'}}
net_1={'last_hyperfit': 0, 'last_net_reg': 1e-08, 'regularization_history': [1e-08], 'losses_list': [1.271675, 0.180521, 0.048582543, 0.012201612, 0.00038783308, 0.0011203822, 0.00044264732, 0.00020702036, 9.783257e-05, 2.7831651e-05, 5.5656074e-06, 3.4266661e-06, 1.7131645e-06, 7.767461e-07, 6.067313e-07, 5.836291e-07, 5.6017734e-07, 5.437319e-07, 5.3674177e-07, 5.346201e-07, 5.3414635e-07, 5.340847e-07, 5.3408394e-07, 5.340765e-07, 5.340691e-07, 5.340665e-07, 5.340667e-07, 5.3406643e-07, 5.340665e-07, 5.340664e-07, 84.872375, 0.6317393, 0.061652847, 0.043222815, 0.04279086, 0.04245719, 1.0432366, 0.1923218, 0.087230586, 0.049610045, 0.02667913, 0.027781919, 0.45753914, 0.28971916, 0.28744322, 0.26803172, 0.91964203, 1.2957734, 0.62065613, 0.57526505, 0.9664282, 0.91558564, 0.90652287, 1.067663, 0.95520586, 0.8710276, 0.96888167, 0.91801816, 0.8609486, 1.3949229, 0.84020185, 0.766725, 0.8690149, 0.78346753, 0.7715815, 0.6778794, 0.64507073, 0.61684316, 0.62788635, 0.58119583, 0.9584672, 0.80568755, 0.83013517, 0.7778014, 0.7353686, 0.69963753, 0.7482788, 0.7057869, 0.69534916, 0.8377518, 0.69488853, 0.6554756, 0.6512963, 0.6224954, 0.6704805, 0.5834964, 0.5321891, 0.5897214, 0.5507193, 0.50376534, 0.57515633, 0.46389884, 0.45421883, 0.4760994, 0.4747142, 0.42710727, 0.3862625, 0.4511085, 0.47203156, 0.53182775, 0.5448644, 0.57150316, 0.49242684, 0.48848948, 0.47758207, 0.43788418, 0.63661104, 0.7183103, 0.5435987, 0.50843096, 0.741101, 0.5492904, 0.53123236, 0.47230583], 'scaler_samples': (array([[0.57205735, 0.84235399],       [0.05957125, 0.85355188],       [0.79090808, 0.76668408]]), array([-2.94845361, -2.76137931, -3.54336283])), 'net': {'saver_path': './M-LOOP_archives/./neural_net_archive_2022-10-23_11-13_G9JbdS_w.ckpt'}}
net_2={'last_hyperfit': 0, 'last_net_reg': 1e-08, 'regularization_history': [1e-08], 'losses_list': [0.26883954, 0.061105534, 0.018639829, 0.0033045115, 0.0022352336, 0.00044726947, 8.991585e-05, 7.252514e-05, 2.2367818e-05, 9.231405e-06, 3.5039468e-06, 1.6855606e-06, 1.1052663e-06, 6.978255e-07, 5.4270436e-07, 5.531191e-07, 5.406561e-07, 5.404234e-07, 5.3765046e-07, 5.371427e-07, 5.367527e-07, 5.366969e-07, 5.36651e-07, 5.366492e-07, 5.3664655e-07, 5.3664553e-07, 5.366453e-07, 5.3664536e-07, 5.36645e-07, 5.366451e-07, 53.025154, 0.7344317, 0.44562328, 0.6099165, 0.22290638, 0.09822243, 0.056232065, 0.044756405, 0.7994151, 0.19588353, 0.069946244, 0.032724604, 0.029702317, 0.025603035, 0.373178, 0.31100485, 0.27712157, 0.2592086, 0.8613285, 0.6172012, 0.64437276, 0.5414197, 0.9784987, 0.87182796, 1.1538893, 0.8922299, 0.95856625, 0.8726344, 0.86935085, 0.8204638, 1.0866274, 0.82570404, 0.8459947, 0.7896722, 0.76516116, 0.686741, 0.65324324, 0.66770625, 0.6598125, 0.96878064, 1.5796942, 0.9728381, 0.82409376, 0.75208914, 0.7472443, 0.7066237, 0.7898441, 0.76509005, 0.723946, 0.7616506, 0.8540203, 0.7550443, 0.7369576, 0.68364286, 0.67715114, 0.6447198, 0.6367017, 0.59838694, 0.58366317, 0.708595, 0.6620456, 0.6036715, 0.59461087, 0.54281723, 0.5985324, 0.52863, 0.5291346, 0.48455897, 0.5758739, 0.5797446, 0.5642302, 0.523432, 0.4905798, 0.4763774, 0.48759276, 0.46516225, 0.5398463, 0.5707665], 'scaler_samples': (array([[0.57205735, 0.84235399],       [0.05957125, 0.85355188],       [0.79090808, 0.76668408]]), array([-2.94845361, -2.76137931, -3.54336283])), 'net': {'saver_path': './M-LOOP_archives/./neural_net_archive_2022-10-23_11-13_eYOnuUH-.ckpt'}}
