mloop_version='3.3.1'
archive_type='neural_net_learner'
num_params=2
min_boundary=array([0., 0.])
max_boundary=array([1., 1.])
start_datetime='2022-10-23_14-01'
param_names=['', '']
search_precision=1e-06
parameter_searches=10
bad_uncer_frac=0.1
trust_region=nan
has_trust_region=False
predict_global_minima_at_end=True
generation_num=3
update_hyperparameters=False
predicted_best_parameters=array([0.81422427, 0.15252183])
predicted_best_scaled_cost=-8.956104
predicted_best_cost=-4.0199537827160405
all_params=array([[0.00208191, 0.72547052],       [0.94850026, 0.86467942],       [0.89207699, 0.22706609],       [0.        , 0.        ],       [0.        , 0.        ],       [1.        , 0.        ],       [0.22899979, 0.53637799],       [1.        , 0.28711213],       [1.        , 0.32518985],       [0.86402275, 0.28327196],       [0.71860262, 0.02228636],       [0.23330639, 0.51203649],       [0.27366824, 0.47947595],       [0.33413396, 0.52210744],       [0.90011318, 0.2435962 ],       [0.        , 0.4363093 ],       [0.        , 0.42198491],       [0.10220109, 0.4353801 ],       [0.41752622, 0.45936779],       [0.2221781 , 0.50193499],       [0.64435211, 0.        ],       [0.25829596, 0.52001335],       [0.11419802, 0.88197567],       [0.77078681, 0.02559642],       [0.13472879, 0.47492505],       [0.75749626, 0.        ],       [0.12683157, 0.87256986],       [0.        , 0.91765086],       [0.        , 1.        ],       [0.        , 1.        ],       [0.79687545, 0.49787733],       [0.        , 0.91869448],       [0.        , 0.89950156],       [0.        , 0.9047627 ],       [0.46447336, 0.56787395],       [0.81902702, 0.15554555],       [0.77992255, 0.07146971],       [0.22849261, 0.4652582 ],       [0.92632518, 0.56411012],       [0.80236415, 0.14610308],       [0.79774195, 0.13845248],       [0.81609688, 0.12243472],       [0.40058708, 0.55015277],       [0.84233344, 0.11152689],       [0.81761158, 0.11340116],       [0.83720748, 0.11081233],       [0.14646944, 0.67445743],       [0.82843633, 0.11200809],       [0.81100004, 0.12061985],       [0.81703461, 0.12519363],       [0.34147784, 0.65336492],       [0.80155834, 0.15427761],       [0.76048155, 0.14614763],       [0.79039748, 0.16098847],       [0.59298126, 0.27928146],       [0.81454236, 0.10837426],       [0.82947741, 0.09573359],       [0.81247141, 0.10629945],       [0.58792957, 0.98871613],       [0.8024326 , 0.11011296],       [0.80594263, 0.09867461],       [0.80563773, 0.11642805],       [0.98636992, 0.74436529],       [0.81322047, 0.14598539],       [0.80847418, 0.12923667],       [0.81602498, 0.12953214],       [0.3522081 , 0.77397634],       [0.82694608, 0.1911825 ],       [0.80642885, 0.15299406],       [0.82678984, 0.15931846],       [0.41152018, 0.3979281 ],       [0.82338859, 0.17169293],       [0.81454375, 0.17531631],       [0.83030388, 0.16630942],       [0.73376082, 0.33672752],       [0.81562266, 0.14014758],       [0.81186125, 0.15834065],       [0.81814809, 0.1350103 ],       [0.96575375, 0.46718654],       [0.81772746, 0.13817221],       [0.81115002, 0.16149123],       [0.81531752, 0.1471668 ],       [0.20113808, 0.73845344],       [0.8137074 , 0.15263701],       [0.81965137, 0.17099304],       [0.83982111, 0.15857926],       [0.46913991, 0.03971664],       [0.39728091, 0.37279798],       [0.80563952, 0.17211211],       [0.82256383, 0.14322435],       [0.69384881, 0.16745854],       [0.81468804, 0.15956118],       [0.81009594, 0.17082754],       [0.80388715, 0.16485976],       [0.05023351, 0.60218457],       [0.81081947, 0.16700779],       [0.79639882, 0.18405855],       [0.80215378, 0.1775783 ],       [0.63781461, 0.21983507],       [0.80507424, 0.18284162],       [0.79844901, 0.16683017],       [0.27164718, 0.68806971],       [0.54233165, 0.86246922],       [0.80920964, 0.1542134 ],       [0.40402444, 0.63886417],       [0.80673941, 0.14324442],       [0.95119686, 0.80074207],       [0.80950073, 0.15569889],       [0.80950993, 0.16082549],       [0.81055074, 0.1563527 ],       [0.58118763, 0.29228246],       [1.        , 0.80313327],       [1.        , 0.80033629],       [0.81339945, 0.14702019],       [0.28034426, 0.06734152],       [0.81158429, 0.13729819],       [0.85377036, 0.11868017],       [0.80455939, 0.17381873],       [0.25707447, 0.56763987],       [0.80972905, 0.16284345]])
all_costs=array([-3.00149925, -2.83168317, -3.11353033, -2.78442281, -2.74622771,       -2.80785414, -3.15275591, -3.07526882, -2.8723099 , -3.13302034,       -3.5061296 , -3.77024482, -3.03793627, -3.01052632, -3.07526882,       -3.28735632, -3.03793627, -3.43396226, -3.13302034, -2.99252616,       -2.95716396, -2.91411936, -3.60720721, -3.71428571, -3.34223706,       -2.83971631, -3.0942813 , -3.88737864, -2.73124147, -3.00149925,       -2.95716396, -3.17274168, -3.05648855, -2.86409156, -3.37605396,       -4.19706499, -3.90253411, -3.21348315, -2.99252616, -3.91780822,       -3.51845343, -4.17954071, -3.32006633, -3.88737864, -4.07739308,       -3.78449905, -3.5061296 , -3.56862745, -4.62355658, -3.45768566,       -3.74205607, -3.54336283, -3.58139535, -3.88737864, -2.91411936,       -3.87234043, -3.17274168, -4.38074398, -2.94845361, -3.84261036,       -3.12324493, -3.84261036, -3.38747885, -4.25053079, -3.4938918 ,       -3.91780822, -2.93979442, -4.02816901, -3.90253411, -3.84261036,       -3.88737864, -3.23424879, -3.87234043, -3.75609756, -2.95716396,       -4.04444444, -4.09406953, -3.44578313, -2.86409156, -4.04444444,       -4.71058824, -3.77024482, -3.71428571, -4.07739308, -3.85741811,       -3.34223706, -2.94845361, -2.96592593, -4.07739308, -3.58139535,       -3.60720721, -4.11088296, -4.06085193, -3.93320236, -2.99252616,       -3.81333333, -3.90253411, -3.87234043, -3.23424879, -3.38747885,       -3.62025316, -3.13302034, -3.13302034, -3.75609756, -2.99252616,       -3.44578313, -4.16216216, -4.45879733, -4.4787472 , -3.85741811,       -3.46967071, -2.88888889, -3.22383253, -3.77024482, -3.12324493,       -3.65996344, -3.90253411, -3.5308642 , -3.11353033, -3.79886148])
all_uncers=array([1.e-08, 1.e-08, 1.e-08, 1.e-08, 1.e-08, 1.e-08, 1.e-08, 1.e-08,       1.e-08, 1.e-08, 1.e-08, 1.e-08, 1.e-08, 1.e-08, 1.e-08, 1.e-08,       1.e-08, 1.e-08, 1.e-08, 1.e-08, 1.e-08, 1.e-08, 1.e-08, 1.e-08,       1.e-08, 1.e-08, 1.e-08, 1.e-08, 1.e-08, 1.e-08, 1.e-08, 1.e-08,       1.e-08, 1.e-08, 1.e-08, 1.e-08, 1.e-08, 1.e-08, 1.e-08, 1.e-08,       1.e-08, 1.e-08, 1.e-08, 1.e-08, 1.e-08, 1.e-08, 1.e-08, 1.e-08,       1.e-08, 1.e-08, 1.e-08, 1.e-08, 1.e-08, 1.e-08, 1.e-08, 1.e-08,       1.e-08, 1.e-08, 1.e-08, 1.e-08, 1.e-08, 1.e-08, 1.e-08, 1.e-08,       1.e-08, 1.e-08, 1.e-08, 1.e-08, 1.e-08, 1.e-08, 1.e-08, 1.e-08,       1.e-08, 1.e-08, 1.e-08, 1.e-08, 1.e-08, 1.e-08, 1.e-08, 1.e-08,       1.e-08, 1.e-08, 1.e-08, 1.e-08, 1.e-08, 1.e-08, 1.e-08, 1.e-08,       1.e-08, 1.e-08, 1.e-08, 1.e-08, 1.e-08, 1.e-08, 1.e-08, 1.e-08,       1.e-08, 1.e-08, 1.e-08, 1.e-08, 1.e-08, 1.e-08, 1.e-08, 1.e-08,       1.e-08, 1.e-08, 1.e-08, 1.e-08, 1.e-08, 1.e-08, 1.e-08, 1.e-08,       1.e-08, 1.e-08, 1.e-08, 1.e-08, 1.e-08, 1.e-08, 1.e-08, 1.e-08])
bad_run_indexs=[]
best_cost=-4.710588235294118
best_params=array([0.81115002, 0.16149123])
best_index=80
worst_cost=-2.7312414733969987
worst_index=28
cost_range=1.9793467618971192
costs_count=120
params_count=91
cost_scaler_init_index=3
net_0={'last_hyperfit': 0, 'last_net_reg': 1e-08, 'regularization_history': [1e-08], 'losses_list': [5.5822377, 0.3176768, 0.03482411, 0.045787726, 0.0101206815, 0.0024210226, 0.0021790115, 0.00035941275, 7.514316e-05, 0.000100669466, 4.008885e-05, 5.981163e-06, 7.2755756e-07, 1.0856097e-06, 1.0234412e-06, 7.491381e-07, 5.8755637e-07, 5.3166906e-07, 5.193883e-07, 5.172736e-07, 5.1669053e-07, 5.165664e-07, 5.165091e-07, 5.1646344e-07, 5.164315e-07, 5.164177e-07, 5.164143e-07, 5.164145e-07, 5.164142e-07, 5.1641405e-07, 5.4783673, 0.59784955, 0.09005495, 0.04862297, 0.025753997, 0.010314122, 0.010645172, 0.009215203, 0.72334284, 0.2271997, 0.12937626, 0.08978294, 0.058189925, 0.036469895, 0.021606453, 0.012945902, 0.009441274, 0.008219542, 0.00755643, 0.0070095602, 3.528216, 2.1935616, 1.7802083, 1.4982396, 1.2633677, 1.0955154, 0.84535575, 0.45154738, 0.05536136, 0.021943945, 0.0065111006, 0.009300817, 0.0041159885, 0.004402009, 0.003992727, 0.0039296164, 2.7037885, 0.915128, 2.051012, 1.2459526, 0.9998797, 0.65617466, 0.39481378, 0.48119262, 5.957193, 2.1400917, 1.8245428, 1.7525933, 3.1830008, 2.5640764, 2.4711585, 2.5110013, 3.7395627, 2.9837246, 2.6711261, 2.5846674, 3.5436232, 4.1054306, 4.0204372, 3.948766, 6.0492063, 3.8242145, 3.2985084, 3.0425954, 3.7471762, 3.3626642, 3.0044575, 2.8494875, 2.8758729, 2.7120752, 4.000614, 4.2736063, 4.7351, 4.762168, 3.793757, 3.8161805, 4.208095, 4.004187, 4.6069694, 4.379698, 4.4577303, 5.1017747, 6.3346186, 4.7479973, 4.4367104, 4.4218783, 5.2001414, 4.989406, 5.1000566, 4.618904, 4.893784, 5.1134973, 5.4660487, 5.0091534, 4.8841815, 4.8757014, 5.1715813, 5.404721, 4.6583924, 4.5185, 4.3298936, 5.0151353, 5.6588693, 4.537816, 4.134587, 3.9772274, 4.110107, 3.953286, 4.5054626, 4.2499065, 3.9014058, 4.0976973, 4.9476547, 4.876595, 4.36908, 4.9995146, 5.494916, 5.12883, 4.8964825, 4.567225, 4.2375994, 4.037136], 'scaler_samples': (array([[0.00208191, 0.72547052],       [0.94850026, 0.86467942],       [0.89207699, 0.22706609]]), array([-3.00149925, -2.83168317, -3.11353033])), 'net': {'saver_path': './M-LOOP_archives/./neural_net_archive_2022-10-23_14-01_IbwMP_-A.ckpt'}}
net_1={'last_hyperfit': 0, 'last_net_reg': 1e-08, 'regularization_history': [1e-08], 'losses_list': [0.19638257, 0.019629294, 0.013416835, 0.001535224, 0.00037629387, 0.00041421488, 0.0002197569, 7.74702e-05, 2.373636e-05, 1.1161716e-05, 2.9124592e-06, 1.0098547e-06, 5.8230484e-07, 6.888513e-07, 5.5601924e-07, 5.3040776e-07, 5.325255e-07, 5.2634056e-07, 5.263452e-07, 5.258008e-07, 5.257459e-07, 5.2571676e-07, 5.2568106e-07, 5.2567884e-07, 5.256781e-07, 5.256781e-07, 5.2567805e-07, 5.25678e-07, 5.2567776e-07, 5.2567793e-07, 3.867447, 0.5817717, 0.2073297, 0.030325124, 0.018924026, 0.012244957, 0.009977127, 0.009407584, 1.1579179, 0.49293873, 0.24786209, 0.14749931, 0.09392167, 0.07330469, 0.04603472, 0.027207483, 0.012974127, 0.007211997, 0.006046141, 0.005770792, 3.9864013, 2.6670783, 1.5480342, 1.1720052, 0.80093443, 0.26843974, 0.012627389, 0.036701772, 0.011153186, 0.006947224, 0.004067555, 0.004178939, 0.0039962768, 0.003926683, 7.558357, 2.2118452, 1.5616031, 1.509063, 4.4450397, 2.406555, 2.2584949, 2.169484, 3.5586, 2.8782816, 2.663761, 2.6000643, 5.110677, 4.4629884, 4.1171603, 3.7823806, 3.3132403, 2.9030488, 4.463928, 4.2332406, 5.323849, 4.14332, 3.508846, 3.1235275, 3.9154816, 3.2876918, 3.0759146, 2.8311334, 4.4836407, 5.540336, 5.4327273, 4.406035, 4.118412, 4.017901, 4.7876368, 4.550721, 5.082194, 4.7919455, 5.150627, 5.9960074, 5.603427, 4.7423153, 5.652411, 4.966777, 4.870313, 4.7340193, 5.1440625, 5.541171, 5.3289237, 5.146302, 5.481609, 5.099367, 4.9176927, 4.754142, 4.5835385, 4.619026, 4.838096, 4.570996, 5.071444, 4.510688, 5.1832557, 4.683859, 5.8489394, 5.4884787, 5.621225, 5.2802596], 'scaler_samples': (array([[0.00208191, 0.72547052],       [0.94850026, 0.86467942],       [0.89207699, 0.22706609]]), array([-3.00149925, -2.83168317, -3.11353033])), 'net': {'saver_path': './M-LOOP_archives/./neural_net_archive_2022-10-23_14-01_aNTY1iAm.ckpt'}}
net_2={'last_hyperfit': 0, 'last_net_reg': 1e-08, 'regularization_history': [1e-08], 'losses_list': [1.9021446, 0.10362642, 0.031800237, 0.0054122834, 0.00026553546, 0.0003218403, 0.00037913458, 0.00019641254, 7.555718e-05, 2.5087402e-05, 8.319943e-06, 3.1145203e-06, 1.4646059e-06, 9.0048593e-07, 6.868256e-07, 5.9731815e-07, 5.598831e-07, 5.4634586e-07, 5.420586e-07, 5.411419e-07, 5.411501e-07, 5.41156e-07, 5.411345e-07, 5.411147e-07, 5.411066e-07, 5.4110404e-07, 5.411031e-07, 5.411031e-07, 5.4110296e-07, 5.4110296e-07, 1.5404978, 0.33407378, 0.04605371, 0.031494725, 0.010504528, 0.0111481985, 0.009875414, 0.009210196, 0.73952764, 0.27718794, 0.18118444, 0.14469181, 0.11294825, 0.07598265, 0.04148324, 0.01625773, 0.0066111465, 0.005931106, 3.7047613, 2.0906792, 1.3480618, 1.1642022, 0.7742672, 0.18743409, 0.050672516, 0.0059619145, 0.00823974, 0.005686557, 0.00409168, 0.0041436707, 2.264989, 0.6708541, 0.6860879, 0.32516697, 0.15740019, 0.14746922, 0.1008628, 0.078815185, 6.115654, 2.3355088, 1.9414171, 1.7001597, 3.4497008, 2.4846995, 2.3067064, 2.229315, 5.0369024, 3.7464485, 2.9687173, 2.5781286, 2.2711027, 2.476412, 4.2719564, 5.027013, 9.299028, 5.484887, 4.462593, 3.6535025, 3.2339747, 3.0111687, 3.5496109, 3.2600818, 3.0677283, 2.840574, 4.1290016, 4.8783574, 4.901425, 4.2710013, 4.054192, 3.9517174, 4.3979654, 4.100842, 4.7158766, 4.398087, 5.4470267, 5.122929, 5.6759477, 4.606489, 5.3571405, 5.0524106, 4.9177947, 4.7000585, 5.318119, 5.0625386, 5.2170844, 4.9422812, 5.579257, 5.021907, 4.7268066, 4.9415774, 4.460387, 4.971431, 5.267952, 4.9430275, 5.0050473, 4.691838, 5.338936, 4.926277, 5.269287, 6.1655703, 6.5319595, 5.76122], 'scaler_samples': (array([[0.00208191, 0.72547052],       [0.94850026, 0.86467942],       [0.89207699, 0.22706609]]), array([-3.00149925, -2.83168317, -3.11353033])), 'net': {'saver_path': './M-LOOP_archives/./neural_net_archive_2022-10-23_14-01_6UFlmrt9.ckpt'}}
