mloop_version='3.3.1'
archive_type='neural_net_learner'
num_params=6
min_boundary=array([0., 0., 0., 0., 0., 0.])
max_boundary=array([1., 1., 1., 1., 1., 1.])
start_datetime='2022-10-23_19-35'
param_names=['', '', '', '', '', '']
search_precision=1e-06
parameter_searches=10
bad_uncer_frac=0.1
trust_region=nan
has_trust_region=False
predict_global_minima_at_end=True
generation_num=3
update_hyperparameters=False
predicted_best_parameters=array([0.8309818 , 0.69639152, 0.09468917, 0.58269115, 0.88777858,       0.0059981 ])
predicted_best_scaled_cost=-4.716189
predicted_best_cost=-2.327650536198913
all_params=array([[0.22060885, 0.25395489, 0.60555237, 0.88821032, 0.70567638,        0.15595029],       [0.8112459 , 0.87427988, 0.15349382, 0.40590948, 0.76752455,        0.57861045],       [0.36863642, 0.29967674, 0.05121107, 0.19086564, 0.84772193,        0.75308652],       [0.        , 0.87301266, 0.        , 0.85805036, 0.        ,        1.        ],       [1.        , 0.        , 0.        , 0.        , 0.73482624,        0.33292078],       [0.72738289, 0.58302177, 0.25774391, 0.43748781, 0.77709761,        0.95707595],       [0.35169016, 0.20781521, 0.69189799, 0.74477955, 0.83731696,        0.65243051],       [0.        , 0.13901369, 1.        , 0.        , 1.        ,        0.61790282],       [0.        , 1.        , 0.        , 0.39863136, 1.        ,        0.        ],       [0.16557859, 0.25093509, 0.05927279, 0.18626956, 0.828871  ,        0.86538237],       [0.95196998, 0.67152342, 0.78580453, 0.45855713, 0.04256428,        0.05937893],       [0.4376003 , 0.14535788, 0.        , 0.        , 1.        ,        0.41896276],       [0.        , 0.0241378 , 0.51949509, 0.        , 0.99803206,        0.79510201],       [0.18974154, 0.        , 0.81878053, 0.        , 1.        ,        0.        ],       [0.82123651, 0.40034632, 0.77161943, 0.28201606, 0.22069374,        0.32229326],       [0.        , 0.03347596, 1.        , 0.        , 0.99871662,        0.64095761],       [0.16215251, 0.45511952, 1.        , 0.06383623, 0.9581327 ,        0.6006306 ],       [0.06074812, 0.31803258, 1.        , 0.        , 0.99318063,        0.61221886],       [0.48208899, 0.54129014, 0.51620876, 0.40356702, 0.21907155,        0.91858312],       [0.39859172, 1.        , 1.        , 0.        , 0.70507325,        0.68952066],       [0.        , 0.15480526, 0.9861249 , 0.        , 1.        ,        0.59099813],       [0.        , 0.12010602, 1.        , 0.        , 0.98375627,        0.63540844],       [0.02193387, 0.79655837, 0.113159  , 0.39708192, 0.90178891,        0.10839059],       [0.42786638, 0.31037453, 0.02390652, 0.19131586, 0.85596095,        0.76517216],       [0.37066873, 0.34699361, 0.01450829, 0.23482389, 0.81779271,        0.7980994 ],       [0.42522694, 0.32158314, 0.11591524, 0.17901197, 0.83559321,        0.66557856],       [0.51041342, 0.2553057 , 0.82963505, 0.97456211, 0.46328584,        0.33755155],       [1.        , 0.68513498, 0.34408697, 0.51211029, 0.74059214,        0.88834407],       [0.9426571 , 1.        , 0.20186109, 0.65519293, 0.78177583,        0.5727214 ],       [0.83852056, 0.89355379, 0.23473325, 0.38680541, 0.75173337,        0.57022388],       [0.21811797, 0.93712835, 0.65873157, 0.24061385, 0.95635021,        0.7849041 ],       [1.        , 1.        , 0.2326138 , 0.81729211, 0.76510017,        0.33188839],       [0.1151023 , 0.02293329, 1.        , 0.02160841, 1.        ,        0.62761362],       [0.14035552, 0.        , 0.98098753, 0.        , 1.        ,        0.70420732],       [0.41463307, 0.22289024, 0.74663824, 0.70180181, 0.59354962,        0.27353315],       [1.        , 0.99989604, 0.        , 0.59954052, 0.78203936,        0.73809606],       [0.        , 0.63881067, 0.76591949, 0.05849112, 0.95507557,        0.35460003],       [0.98236167, 1.        , 0.21854062, 0.67007145, 0.77840173,        0.62349621],       [0.54218875, 0.79166566, 0.68013602, 0.98851986, 0.84730691,        0.46892643],       [0.28673472, 0.24646671, 0.00242674, 0.10878724, 0.86045716,        0.69956158],       [0.09081733, 0.59669535, 0.79485319, 0.        , 0.9918507 ,        0.39464663],       [0.18153565, 0.29679822, 0.        , 0.01513485, 0.95011435,        1.        ],       [0.1380199 , 0.61045901, 0.96037801, 0.34369621, 0.74978698,        0.08286925],       [0.        , 0.        , 0.9072169 , 0.19764071, 1.        ,        0.62199658],       [0.05994395, 0.        , 0.9285928 , 0.108104  , 1.        ,        0.5526622 ],       [0.        , 0.54258874, 1.        , 0.        , 0.92806931,        0.        ],       [0.73016688, 0.72751907, 0.63312195, 0.02010528, 0.96634241,        0.49738782],       [0.06843767, 0.69073493, 1.        , 0.4028239 , 0.73033825,        0.        ],       [0.        , 0.57340141, 1.        , 0.51848326, 0.70951207,        0.21678042],       [0.12702463, 0.67232861, 1.        , 0.37210888, 0.7747088 ,        0.        ],       [0.31847393, 0.24579061, 0.07039356, 0.5165442 , 0.11320474,        0.53081448],       [0.        , 0.34482977, 0.19249723, 0.07809423, 0.84573412,        0.39581169],       [0.        , 1.        , 0.76667948, 0.25347409, 0.86292038,        0.08624279],       [0.        , 0.67991567, 0.716171  , 0.04744541, 0.92056635,        0.41471946],       [0.70279581, 0.60003244, 0.08641986, 0.58375904, 0.93109358,        0.12543733],       [0.13721193, 0.48321387, 1.        , 0.20662267, 0.7287596 ,        0.        ],       [0.12512382, 0.49994799, 1.        , 0.25200617, 0.75306145,        0.14335928],       [0.2038292 , 0.50494856, 1.        , 0.29654083, 0.73112624,        0.08969427],       [0.59763345, 0.25351836, 0.66322852, 0.46300739, 0.77061106,        0.14942795],       [0.12261155, 0.64469603, 1.        , 0.27154867, 0.74823308,        0.0852028 ],       [0.14989623, 0.56829658, 1.        , 0.35933718, 0.76665393,        0.1287672 ],       [0.1327294 , 0.63505111, 1.        , 0.34462572, 0.74792719,        0.1669299 ],       [0.2392737 , 0.156079  , 0.67424844, 0.84262762, 0.10133482,        0.41331556],       [0.13156667, 0.5085887 , 1.        , 0.38104374, 0.76016844,        0.06964226],       [0.14405777, 0.57646885, 0.99262124, 0.35754726, 0.74363366,        0.07973176],       [0.05869454, 0.54679212, 1.        , 0.45389383, 0.75000921,        0.09191356],       [0.60771546, 0.17342535, 0.69954667, 0.45699643, 0.76529661,        0.98906968],       [0.79990317, 0.70738696, 0.        , 0.73000002, 0.93204237,        0.19873908],       [0.11602916, 0.69624767, 1.        , 0.31815227, 0.7443802 ,        0.        ],       [0.80988895, 0.63360584, 0.06900968, 0.4922624 , 0.91277115,        0.09678259],       [0.64861359, 0.19161614, 0.38038189, 0.0548649 , 0.62609501,        0.0170604 ],       [0.92646399, 0.6074993 , 0.        , 0.43463061, 0.94863661,        0.        ],       [0.90452295, 0.63412042, 0.01260709, 0.41144365, 0.94618883,        0.        ],       [1.        , 1.        , 0.0363371 , 0.00379193, 0.98777927,        0.        ],       [0.2364353 , 0.33649765, 0.82290135, 0.25623637, 0.32776616,        0.65795435],       [0.74771823, 0.66226962, 0.0725733 , 0.49639436, 0.8794193 ,        0.12666157],       [0.80141131, 0.64709083, 0.06199166, 0.54018617, 0.89521145,        0.10137056],       [0.80974852, 0.67381128, 0.11431709, 0.49458096, 0.90858491,        0.05354103],       [0.22619977, 0.84547085, 0.33721202, 0.97776475, 0.23408909,        0.37617051],       [0.93435269, 0.61859245, 0.01618585, 0.54839488, 0.92801967,        0.03886397],       [0.83958237, 0.60539003, 0.04180649, 0.51758055, 0.90181307,        0.12478115],       [0.81518415, 0.63455324, 0.03147147, 0.51610001, 0.90439616,        0.10549191],       [0.44306469, 0.77599419, 0.85957543, 0.96302036, 0.49303779,        0.66857736],       [0.76713637, 0.58754501, 0.03512387, 0.52486086, 0.90718784,        0.1355411 ],       [0.71273382, 0.5592087 , 0.17120503, 0.46593362, 0.90548654,        0.16839235],       [0.6180105 , 0.41399679, 0.8747151 , 0.77360125, 0.79167203,        0.05294758],       [0.53906327, 0.43393931, 0.06461326, 0.62393881, 0.96115997,        0.0263431 ],       [0.67954659, 0.1992008 , 0.3364814 , 1.        , 1.        ,        0.27162996],       [0.81965384, 0.63388586, 0.11060206, 0.53130048, 0.8975254 ,        0.10268402],       [0.88866854, 0.71113263, 0.09298204, 0.48069884, 0.9024986 ,        0.0815678 ],       [0.9689621 , 0.57887458, 0.24139689, 0.19842527, 0.38488872,        0.02211875],       [0.81147001, 0.65938236, 0.19663355, 0.54060467, 0.8981676 ,        0.14648667],       [0.81722466, 0.63748038, 0.09518311, 0.53191068, 0.89878442,        0.10412355],       [0.81047426, 0.59948462, 0.0953247 , 0.52433387, 0.89900263,        0.08258731],       [0.27649995, 0.98591731, 0.45434246, 0.45563441, 0.87226553,        0.55760555],       [0.80710734, 0.6002364 , 0.08351269, 0.49274731, 0.8964863 ,        0.11745139],       [0.84521587, 0.63305295, 0.06221333, 0.47522528, 0.90553915,        0.13084102],       [0.82062901, 0.59020208, 0.14364596, 0.54705409, 0.86696524,        0.14274796],       [0.74846933, 0.67311883, 0.27141737, 0.45492288, 0.0732784 ,        0.78474587],       [0.80309302, 0.68088651, 0.10313664, 0.52141433, 0.91179342,        0.11105463],       [0.76715964, 0.6754032 , 0.04584485, 0.517226  , 0.89539436,        0.14877766],       [0.78077932, 0.6448969 , 0.10205744, 0.48347657, 0.91460955,        0.19116023],       [0.72248213, 0.838284  , 0.74857321, 0.69202381, 0.3592652 ,        0.51953914],       [0.85516031, 0.64972652, 0.0856964 , 0.47406575, 0.92743627,        0.17548233],       [0.80763022, 0.61355775, 0.08444212, 0.42867655, 0.93540688,        0.20891535],       [0.77678738, 0.6778047 , 0.1033973 , 0.47544037, 0.93172562,        0.18370576],       [0.49088365, 0.93285478, 0.92247099, 0.9239383 , 0.02520182,        0.49527058],       [0.77895475, 0.68473982, 0.10495286, 0.56232349, 0.89952479,        0.09258092],       [0.76539437, 0.69658168, 0.13940309, 0.5648829 , 0.90473173,        0.05939569],       [0.78029511, 0.66713226, 0.0794492 , 0.54535265, 0.90725275,        0.11725749],       [0.00297521, 0.58431492, 0.2093087 , 0.43126344, 0.66709856,        0.72863199],       [0.76679744, 0.64965676, 0.10877335, 0.49922647, 0.90517936,        0.16716645],       [0.7999458 , 0.68324137, 0.15566507, 0.55122964, 0.91906971,        0.02699402],       [0.81524481, 0.6541882 , 0.12175051, 0.51194315, 0.90758791,        0.1023787 ],       [0.82249912, 0.93805072, 0.11570045, 0.90790707, 0.71652376,        0.77225922],       [0.82288758, 0.62240319, 0.02969648, 0.47285257, 0.91347323,        0.09637039],       [0.86225897, 0.60674953, 0.039407  , 0.48911121, 0.90799086,        0.10892631],       [0.75881231, 0.63994061, 0.11101187, 0.42703886, 0.90985078,        0.24709922],       [0.82397314, 0.27737368, 0.81975338, 0.38811503, 0.70574326,        0.33234687],       [0.83447738, 0.6466543 , 0.06118794, 0.53651341, 0.90266926,        0.05943173]])
all_costs=array([-2.0120603 , -2.11404435, -2.12752391, -1.96467125, -1.88334901,       -2.10073452, -1.91578947, -2.17372421, -1.94180407, -2.10073452,       -1.96082272, -2.05333333, -1.96853491, -2.05333333, -2.06179197,       -2.14117647, -2.01611279, -2.11404435, -2.004004  , -1.976308  ,       -1.98808342, -1.96853491, -2.04077472, -2.01611279, -2.05333333,       -2.03662258, -2.03662258, -1.86928105, -2.13660619, -2.11404435,       -2.04912999, -2.0746114 , -2.08324662, -1.94936709, -1.84516129,       -2.10958904, -2.13660619, -2.07892004, -2.0746114 , -2.07892004,       -2.04912999, -1.93804453, -2.2121547 , -2.13660619, -2.08759124,       -1.84856879, -1.95698925, -1.9920398 , -2.03662258, -1.95698925,       -2.07892004, -2.07892004, -2.07892004, -1.95317073, -2.15500538,       -1.94557823, -2.08324662, -2.03662258, -2.0746114 , -1.96467125,       -2.10073452, -1.96467125, -2.11851852, -1.976308  , -2.15037594,       -2.04494382, -2.00802407, -1.96467125, -1.86928105, -2.2932417 ,       -2.08759124, -2.04912999, -1.8727783 , -1.86928105, -1.91946309,       -2.04912999, -2.26727067, -2.00802407, -1.97241379, -1.94180407,       -2.20242024, -2.11851852, -1.98808342, -2.08759124, -2.04494382,       -2.16901408, -1.976308  , -1.93429952, -2.29850746, -1.99601196,       -1.95698925, -2.08759124, -2.1596548 , -2.17372421, -1.93429952,       -2.11404435, -2.23188406, -2.06179197, -1.99601196, -2.25704622,       -2.12752391, -2.27758817, -2.04077472, -2.03662258, -2.09633508,       -2.10073452, -2.05333333, -2.02018163, -2.2418813 , -2.02018163,       -1.90123457, -2.13660619, -2.01611279, -1.98414272, -2.04494382,       -2.18797814, -2.10515247, -2.01611279, -2.09633508, -2.2519685 ])
all_uncers=array([1.e-08, 1.e-08, 1.e-08, 1.e-08, 1.e-08, 1.e-08, 1.e-08, 1.e-08,       1.e-08, 1.e-08, 1.e-08, 1.e-08, 1.e-08, 1.e-08, 1.e-08, 1.e-08,       1.e-08, 1.e-08, 1.e-08, 1.e-08, 1.e-08, 1.e-08, 1.e-08, 1.e-08,       1.e-08, 1.e-08, 1.e-08, 1.e-08, 1.e-08, 1.e-08, 1.e-08, 1.e-08,       1.e-08, 1.e-08, 1.e-08, 1.e-08, 1.e-08, 1.e-08, 1.e-08, 1.e-08,       1.e-08, 1.e-08, 1.e-08, 1.e-08, 1.e-08, 1.e-08, 1.e-08, 1.e-08,       1.e-08, 1.e-08, 1.e-08, 1.e-08, 1.e-08, 1.e-08, 1.e-08, 1.e-08,       1.e-08, 1.e-08, 1.e-08, 1.e-08, 1.e-08, 1.e-08, 1.e-08, 1.e-08,       1.e-08, 1.e-08, 1.e-08, 1.e-08, 1.e-08, 1.e-08, 1.e-08, 1.e-08,       1.e-08, 1.e-08, 1.e-08, 1.e-08, 1.e-08, 1.e-08, 1.e-08, 1.e-08,       1.e-08, 1.e-08, 1.e-08, 1.e-08, 1.e-08, 1.e-08, 1.e-08, 1.e-08,       1.e-08, 1.e-08, 1.e-08, 1.e-08, 1.e-08, 1.e-08, 1.e-08, 1.e-08,       1.e-08, 1.e-08, 1.e-08, 1.e-08, 1.e-08, 1.e-08, 1.e-08, 1.e-08,       1.e-08, 1.e-08, 1.e-08, 1.e-08, 1.e-08, 1.e-08, 1.e-08, 1.e-08,       1.e-08, 1.e-08, 1.e-08, 1.e-08, 1.e-08, 1.e-08, 1.e-08, 1.e-08])
bad_run_indexs=[]
best_cost=-2.2985074626865667
best_params=array([0.81965384, 0.63388586, 0.11060206, 0.53130048, 0.8975254 ,       0.10268402])
best_index=88
worst_cost=-1.845161290322581
worst_index=34
cost_range=0.4533461723639858
costs_count=120
params_count=90
cost_scaler_init_index=3
net_0={'last_hyperfit': 0, 'last_net_reg': 1e-08, 'regularization_history': [1e-08], 'losses_list': [2.341343, 0.25338763, 0.097540684, 0.010944632, 0.00041578227, 0.00293623, 0.0015850529, 0.0003745733, 3.8488433e-05, 8.6663545e-07, 3.406683e-06, 3.2993667e-06, 2.1485787e-06, 1.2256158e-06, 7.9898206e-07, 6.2159984e-07, 5.5542614e-07, 5.326173e-07, 5.257723e-07, 5.240388e-07, 5.2374946e-07, 5.237541e-07, 5.237576e-07, 5.237483e-07, 5.237415e-07, 5.2374185e-07, 5.2374185e-07, 5.2374105e-07, 5.237399e-07, 5.2373974e-07, 5.2565637, 0.7231052, 0.04341047, 0.018039858, 0.0036620283, 0.00512736, 0.0031617254, 0.00072886987, 0.00022782446, 0.00013762547, 4.3867865e-05, 5.5694636e-06, 1.1917066e-06, 1.5981741e-06, 1.1323261e-06, 7.199369e-07, 5.7735605e-07, 5.40842e-07, 1.0661323, 0.12436474, 0.032216996, 0.0125146415, 0.006135783, 0.00072516047, 0.00066124013, 0.00015508986, 5.8933103e-05, 1.3550668e-05, 7.066579e-06, 3.541272e-06, 1.3636557e-06, 8.0289146e-07, 6.769119e-07, 5.543105e-07, 5.449239e-07, 5.306911e-07, 0.81939876, 0.21570641, 0.026272971, 0.011544206, 0.0037786653, 0.0017030608, 0.0005425675, 0.00018292743, 4.849636e-05, 2.4091732e-05, 6.744107e-06, 2.4328483e-06, 1.0586795e-06, 8.0313595e-07, 5.704313e-07, 5.459701e-07, 0.3749412, 0.42445353, 0.2814408, 0.1650622, 0.0920213, 0.13362467, 0.05397119, 0.025290735, 0.022820795, 0.059685163, 1.1288528, 0.65672004, 0.6268617, 0.5872504, 0.8389414, 0.6008118, 0.5602189, 0.5413419, 1.2710251, 0.6896604, 0.47141638, 0.4126611, 0.7104713, 0.6405167, 0.58197254, 0.682148, 0.9796601, 0.4474184, 0.4474287, 0.3771309, 0.5075347, 0.3284631, 0.29551992, 0.29375798, 0.9999528, 0.28025848, 0.2110491, 0.20982303, 0.708137, 0.54521203, 0.29188868, 0.87918675, 1.020014, 0.40860015, 0.2834284, 0.27216533, 0.20918033, 0.2240816, 0.7033231, 0.2694739, 0.19853209, 0.14618461, 0.6799285, 0.4751914, 0.3323042, 0.25905362, 0.21742247, 0.17540574, 0.43623036, 0.47026262, 0.29407433, 0.72793126, 0.86878246, 0.34367773, 0.24535654, 0.12751792, 0.084875286, 0.10383493, 0.747445, 0.27506503, 0.19025591, 0.11662649, 0.54143614, 0.25285962, 0.1573485, 0.31131545, 0.029252008, 0.01556068, 0.007233001, 0.0020829027, 0.0027483548, 0.1414309, 0.96948874, 0.46109158, 0.9094738, 0.45507988, 0.30586016, 0.24675362, 0.20580047, 0.20848894, 0.4544327, 0.1767739, 0.13466805, 0.10536284, 0.37760186, 0.19018386, 0.1546855, 0.14119267, 0.25145608, 0.2109088, 0.21522515, 0.31810918, 0.3312599, 0.29026353, 0.15397635, 0.21904233, 0.44169837, 0.24955107, 0.20957854, 0.17367662, 0.4865101, 0.24795851, 0.18928143, 0.19898032, 0.5487504, 0.4381491, 0.6279283, 0.5072285, 0.31056872, 0.2676919, 0.46103165, 0.2326546, 0.27369455, 0.18190809, 0.12175969, 0.13491806, 0.09846961, 0.06865477], 'scaler_samples': (array([[0.22060885, 0.25395489, 0.60555237, 0.88821032, 0.70567638,        0.15595029],       [0.8112459 , 0.87427988, 0.15349382, 0.40590948, 0.76752455,        0.57861045],       [0.36863642, 0.29967674, 0.05121107, 0.19086564, 0.84772193,        0.75308652]]), array([-2.0120603 , -2.11404435, -2.12752391])), 'net': {'saver_path': './M-LOOP_archives/./neural_net_archive_2022-10-23_19-35_VbA841ec.ckpt'}}
net_1={'last_hyperfit': 0, 'last_net_reg': 1e-08, 'regularization_history': [1e-08], 'losses_list': [1.3326919, 0.11116926, 0.013291024, 0.00075668184, 0.0045953523, 0.0009639864, 0.00019313666, 0.00022194398, 3.59535e-05, 1.6696112e-06, 9.461289e-06, 6.0797292e-06, 2.0338302e-06, 7.0183586e-07, 5.7829556e-07, 6.071297e-07, 5.6802963e-07, 5.3921474e-07, 5.356469e-07, 5.3445143e-07, 5.337367e-07, 5.3381996e-07, 5.3377175e-07, 5.337433e-07, 5.337361e-07, 5.337352e-07, 5.337423e-07, 5.338052e-07, 6.80904e-07, 0.0021848017, 6.188314, 0.210625, 0.059416093, 0.01317449, 0.0038000932, 0.0025966961, 3.0563848, 0.09884777, 0.027997876, 0.016301796, 0.0031262685, 0.001327531, 0.0004208375, 0.0001594505, 8.926365e-05, 1.2438951e-05, 1.0195133e-05, 2.3055266e-06, 1.6917329e-06, 1.0702943e-06, 6.12588e-07, 5.939785e-07, 1.0647892, 0.094308116, 0.041997485, 0.006344056, 0.0036756438, 0.0012133486, 0.0002554722, 0.00014131365, 3.323966e-05, 2.6273476e-05, 7.0522347e-06, 3.0862193e-06, 1.30165e-06, 6.8485156e-07, 5.99611e-07, 5.72322e-07, 0.57530826, 1.566293, 0.31665564, 0.29177558, 0.053029712, 0.056121677, 0.04886466, 0.05464997, 0.897292, 0.6322373, 0.60109705, 0.5988321, 0.868338, 0.6147964, 0.55543447, 0.5220701, 1.0055345, 0.5011349, 0.38125724, 0.34499866, 0.79204136, 0.8014999, 1.1479472, 0.580199, 0.47181642, 0.43737257, 0.55471087, 0.35184, 0.3006559, 0.26017433, 0.2173328, 0.1965238, 0.93050885, 0.23386896, 0.15713131, 0.19171675, 0.62358475, 0.45389667, 0.5837999, 0.52976406, 0.40170375, 0.3089817, 0.87405753, 0.52058977, 0.3626444, 0.30477038, 0.19206388, 0.2276024, 0.14392409, 0.18076943, 0.76352346, 0.19628435, 0.12353997, 0.10548879, 0.48662832, 0.20395356, 0.1590734, 0.1560427, 0.10010263, 0.10461438, 0.10754427, 0.081857935, 0.2542373, 0.11622191, 0.12119555, 0.47321132, 1.3175883, 0.4668403, 0.247386, 0.31403983, 0.17303716, 0.13717538, 0.7883524, 0.43944985, 0.31136742, 0.20411563, 0.14658625, 0.15538038, 0.44887152, 0.13450845, 0.07794095, 0.07442375, 0.05829329, 0.039770674, 0.6536852, 0.2896234, 0.32642233, 0.27226466, 0.5875691, 0.39437684, 0.5128554, 0.22933234, 0.15172149, 0.11668506, 0.100157686, 0.07380892, 0.21087095, 0.07042203, 0.07880318, 0.08242643, 0.039579492, 0.04609075, 0.14233117, 0.09363511, 0.08570079, 0.1744652, 0.20708823, 0.5000524, 0.41520438, 0.1738056, 0.13938849, 0.14148426, 0.10625796, 0.11692211, 0.090603895, 0.089332946, 0.39605156, 0.13373026, 0.12142209, 0.14901355, 0.08916341, 0.08368775, 0.49858257, 0.2903377, 0.18687116, 0.1374135, 0.60957783, 0.6425412, 0.7446713, 0.43679616, 0.35062492, 0.298881, 0.2162418, 0.16430868, 0.123330936, 0.17197193], 'scaler_samples': (array([[0.22060885, 0.25395489, 0.60555237, 0.88821032, 0.70567638,        0.15595029],       [0.8112459 , 0.87427988, 0.15349382, 0.40590948, 0.76752455,        0.57861045],       [0.36863642, 0.29967674, 0.05121107, 0.19086564, 0.84772193,        0.75308652]]), array([-2.0120603 , -2.11404435, -2.12752391])), 'net': {'saver_path': './M-LOOP_archives/./neural_net_archive_2022-10-23_19-35_i_cefcjG.ckpt'}}
net_2={'last_hyperfit': 0, 'last_net_reg': 1e-08, 'regularization_history': [1e-08], 'losses_list': [0.29782647, 0.10188817, 0.039162397, 0.010512337, 0.0038406197, 0.0015777001, 0.0003534051, 1.9387888e-05, 1.7352164e-05, 2.3858867e-05, 7.378776e-06, 1.7208201e-06, 1.8880808e-06, 8.400059e-07, 6.3859676e-07, 5.9089814e-07, 5.4348556e-07, 5.4152423e-07, 5.3519295e-07, 5.346954e-07, 5.341155e-07, 5.3395496e-07, 5.3393376e-07, 5.3391614e-07, 5.33911e-07, 5.3390977e-07, 5.3390943e-07, 5.3390875e-07, 5.339087e-07, 5.3390863e-07, 2.158843, 0.18176287, 0.021701045, 0.013331592, 0.0052714003, 0.0018687757, 0.00022419465, 0.00018424557, 1.0287553e-05, 3.5535515e-05, 8.228052e-06, 4.9936916e-06, 8.108125e-07, 9.2652994e-07, 6.167149e-07, 5.957562e-07, 1.8097366, 0.23176378, 0.044092342, 0.012650898, 0.0048143826, 0.0016037821, 0.0005174996, 0.00022783958, 9.766841e-05, 3.154919e-05, 8.348639e-06, 2.9279706e-06, 1.812265e-06, 1.0213139e-06, 6.6305046e-07, 5.7002177e-07, 0.6804871, 0.20881031, 0.042420533, 0.017808449, 0.005129557, 0.00051799277, 0.0006425629, 0.00023167688, 2.0993535e-05, 2.5160007e-05, 1.0216346e-05, 1.5080761e-06, 1.5084163e-06, 1.0963113e-06, 6.299141e-07, 5.609336e-07, 0.50790155, 1.0214194, 0.14672807, 0.11170738, 0.22475363, 0.2119314, 1.2245559, 0.6717944, 0.60806996, 0.5824496, 0.85827464, 0.61570764, 0.5637888, 0.5327737, 1.1156753, 0.51556957, 0.4050446, 0.37313914, 0.65511864, 0.7053578, 0.5031314, 0.5131439, 0.83776045, 0.47154936, 0.322854, 0.2937316, 0.8091906, 0.26353604, 0.22824924, 0.21924019, 0.914733, 0.23509492, 0.20071162, 0.17908694, 0.7336256, 0.5697587, 0.57909244, 0.5372696, 0.89022344, 0.506944, 0.37096277, 0.37769344, 0.17509001, 0.15727301, 0.17981598, 0.1175305, 0.6401128, 0.21088794, 0.09791455, 0.1049139, 0.78980976, 0.3704387, 0.2905582, 0.21162812, 0.15136172, 0.124048755, 0.07182443, 0.041094203, 0.0925328, 0.030729903, 0.046127897, 0.018822256, 0.63918316, 0.75774354, 1.0199149, 0.58659285, 0.4531762, 0.33410853, 0.19350506, 0.12645353, 0.1165019, 0.67808676, 1.035497, 0.40880007, 0.50163347, 0.2100326, 0.14699481, 0.20722584, 0.114071235, 0.09148165, 0.11505011, 0.09938954, 0.5460666, 0.3179311, 0.111243285, 0.045587618, 0.12038932, 0.046713166, 0.033345714, 0.008510027, 0.0016585607, 0.004288814, 0.001295521, 0.0007509294, 0.17688048, 0.58353674, 0.23505706, 0.13137393, 0.1884742, 0.17135014, 0.061627083, 0.532899, 1.1558889, 0.43942022, 0.19734596, 0.11978084, 0.10654552, 0.043571282, 0.019795045, 0.010745118, 0.0070998785, 0.009188094, 0.70074815, 0.12055111, 0.017619366, 0.0076681436, 0.0005177528, 7.692813e-05, 2.3052782e-05, 6.101411e-06, 1.3339659e-06, 9.292297e-07, 1.163134e-06, 7.375568e-07, 0.13377416, 0.14634258, 0.14565545, 0.116292745, 0.07159248, 0.048723552, 0.290895, 0.5006503, 0.42413634, 0.22319838, 0.15211046, 0.12935668, 0.24622075, 0.13101026, 0.09223781, 0.13519531, 0.05978644, 0.05674537, 0.6000128, 0.27442595, 0.20294455, 0.1435527, 0.09448461, 0.106179185, 0.034994155, 0.0315444, 0.426038, 0.38786614], 'scaler_samples': (array([[0.22060885, 0.25395489, 0.60555237, 0.88821032, 0.70567638,        0.15595029],       [0.8112459 , 0.87427988, 0.15349382, 0.40590948, 0.76752455,        0.57861045],       [0.36863642, 0.29967674, 0.05121107, 0.19086564, 0.84772193,        0.75308652]]), array([-2.0120603 , -2.11404435, -2.12752391])), 'net': {'saver_path': './M-LOOP_archives/./neural_net_archive_2022-10-23_19-35_9vI_XLD2.ckpt'}}
