mloop_version='3.3.1'
archive_type='neural_net_learner'
num_params=6
min_boundary=array([0., 0., 0., 0., 0., 0.])
max_boundary=array([1., 1., 1., 1., 1., 1.])
start_datetime='2022-10-23_15-56'
param_names=['', '', '', '', '', '']
search_precision=1e-06
parameter_searches=10
bad_uncer_frac=0.1
trust_region=nan
has_trust_region=False
predict_global_minima_at_end=True
generation_num=3
update_hyperparameters=False
predicted_best_parameters=array([0.71542663, 0.89623094, 0.77473023, 0.48859083, 0.00931662,       0.54523363])
predicted_best_scaled_cost=-1.6199787
predicted_best_cost=-1.208359847942157
all_params=array([[0.91661879, 0.96456084, 0.74857527, 0.28336279, 0.61032305,        0.42832678],       [0.85119599, 0.98549817, 0.51881116, 0.63553138, 0.08067531,        0.92946353],       [0.44249695, 0.61816992, 0.72539339, 0.69385245, 0.11388824,        0.33920956],       [0.        , 0.40144859, 0.27454348, 1.        , 0.72556188,        0.16029289],       [0.80387681, 1.        , 1.        , 0.77274479, 0.        ,        0.31030992]])
all_costs=array([-1.12156863, -1.16192687, -1.19522388, -1.1228267 , -1.14596451])
all_uncers=array([1.e-08, 1.e-08, 1.e-08, 1.e-08, 1.e-08])
bad_run_indexs=[]
best_cost=-1.1952238805970148
best_params=array([0.44249695, 0.61816992, 0.72539339, 0.69385245, 0.11388824,       0.33920956])
best_index=2
worst_cost=-1.1215686274509804
worst_index=0
cost_range=0.07365525314603438
costs_count=5
params_count=4
cost_scaler_init_index=3
net_0={'last_hyperfit': 0, 'last_net_reg': 1e-08, 'regularization_history': [1e-08], 'losses_list': [2.5388381, 0.20590672, 0.09129657, 0.03805611, 0.012401476, 0.0032412955, 0.00087248435, 0.00027894592, 0.00010725288, 4.279952e-05, 1.5757161e-05, 5.1599227e-06, 1.9417691e-06, 1.2358303e-06, 9.428174e-07, 6.793658e-07, 5.531521e-07, 5.416924e-07, 5.460022e-07, 5.4183175e-07, 5.399576e-07, 5.3994324e-07, 5.3985184e-07, 5.397894e-07, 5.397823e-07, 5.3977885e-07, 5.3977783e-07, 5.39778e-07, 5.397778e-07, 5.3977783e-07, 3.0884697, 0.12685786, 0.028102003, 0.0041393177, 0.004813455, 0.0008008748, 0.00055081496, 9.4146184e-05, 5.7432182e-05, 1.5867494e-05, 5.098255e-06, 3.759673e-06, 9.914479e-07, 8.9629975e-07, 6.6533323e-07, 5.595724e-07], 'scaler_samples': (array([[0.91661879, 0.96456084, 0.74857527, 0.28336279, 0.61032305,        0.42832678],       [0.85119599, 0.98549817, 0.51881116, 0.63553138, 0.08067531,        0.92946353],       [0.44249695, 0.61816992, 0.72539339, 0.69385245, 0.11388824,        0.33920956]]), array([-1.12156863, -1.16192687, -1.19522388])), 'net': {'saver_path': './M-LOOP_archives/./neural_net_archive_2022-10-23_15-56__A5jdMiJ.ckpt'}}
net_1={'last_hyperfit': 0, 'last_net_reg': 1e-08, 'regularization_history': [1e-08], 'losses_list': [1.5273699, 0.13669524, 0.032196306, 0.018283824, 0.005412316, 0.0010835235, 0.00084082, 0.00021010936, 6.1842125e-05, 2.7292836e-05, 1.6781574e-05, 3.829913e-06, 1.2904321e-06, 6.7971973e-07, 6.178387e-07, 6.073428e-07, 5.589637e-07, 5.328504e-07, 5.284661e-07, 5.2834923e-07, 5.2795286e-07, 5.2784316e-07, 5.2783105e-07, 5.278041e-07, 5.277953e-07, 5.2779075e-07, 5.277898e-07, 5.277895e-07, 5.2778944e-07, 5.277892e-07], 'scaler_samples': (array([[0.91661879, 0.96456084, 0.74857527, 0.28336279, 0.61032305,        0.42832678],       [0.85119599, 0.98549817, 0.51881116, 0.63553138, 0.08067531,        0.92946353],       [0.44249695, 0.61816992, 0.72539339, 0.69385245, 0.11388824,        0.33920956]]), array([-1.12156863, -1.16192687, -1.19522388])), 'net': {'saver_path': './M-LOOP_archives/./neural_net_archive_2022-10-23_15-56_gGKpItC_.ckpt'}}
net_2={'last_hyperfit': 0, 'last_net_reg': 1e-08, 'regularization_history': [1e-08], 'losses_list': [0.16011824, 0.028638989, 0.0025144524, 0.00014023909, 0.00036654793, 0.00011016952, 3.4098637e-05, 1.5606272e-05, 2.5378185e-06, 4.350898e-06, 4.312422e-06, 2.3402436e-06, 1.103907e-06, 5.993487e-07, 5.545626e-07, 5.606686e-07, 5.3930097e-07, 5.330695e-07, 5.3409576e-07, 5.3310623e-07, 5.328714e-07, 5.328776e-07, 5.32822e-07, 5.3281866e-07, 5.3281883e-07, 5.3281775e-07, 5.3281707e-07, 5.3281707e-07, 5.32817e-07, 5.328169e-07], 'scaler_samples': (array([[0.91661879, 0.96456084, 0.74857527, 0.28336279, 0.61032305,        0.42832678],       [0.85119599, 0.98549817, 0.51881116, 0.63553138, 0.08067531,        0.92946353],       [0.44249695, 0.61816992, 0.72539339, 0.69385245, 0.11388824,        0.33920956]]), array([-1.12156863, -1.16192687, -1.19522388])), 'net': {'saver_path': './M-LOOP_archives/./neural_net_archive_2022-10-23_15-56_7n-KpSxX.ckpt'}}
