mloop_version='3.3.1'
archive_type='neural_net_learner'
num_params=6
min_boundary=array([0., 0., 0., 0., 0., 0.])
max_boundary=array([1., 1., 1., 1., 1., 1.])
start_datetime='2022-10-23_15-49'
param_names=['', '', '', '', '', '']
search_precision=1e-06
parameter_searches=10
bad_uncer_frac=0.1
trust_region=nan
has_trust_region=False
predict_global_minima_at_end=True
generation_num=3
update_hyperparameters=False
predicted_best_parameters=array([0.00000000e+00, 1.00000000e+00, 5.55111512e-17, 3.83570162e-02,       0.00000000e+00, 1.00000000e+00])
predicted_best_scaled_cost=-5.765628
predicted_best_cost=-1.1517990961328455
all_params=array([[0.25180924, 0.81539183, 0.10304656, 0.63954375, 0.00522558,        0.40064545],       [0.16477243, 0.21004135, 0.64410376, 0.67357962, 0.85329798,        0.375914  ],       [0.929037  , 0.56139367, 0.6721856 , 0.69282847, 0.74388928,        0.40117304],       [1.        , 0.        , 1.        , 0.        , 0.12434906,        0.60395671],       [1.        , 0.        , 1.        , 1.        , 0.        ,        0.02595127]])
all_costs=array([-1.08745247, -1.07576572, -1.05423907, -1.08863513, -1.04543081])
all_uncers=array([1.e-08, 1.e-08, 1.e-08, 1.e-08, 1.e-08])
bad_run_indexs=[]
best_cost=-1.0886351277868407
best_params=array([1.        , 0.        , 1.        , 0.        , 0.12434906,       0.60395671])
best_index=3
worst_cost=-1.0454308093994777
worst_index=4
cost_range=0.04320431838736294
costs_count=5
params_count=4
cost_scaler_init_index=3
net_0={'last_hyperfit': 0, 'last_net_reg': 1e-08, 'regularization_history': [1e-08], 'losses_list': [1.17994, 0.06677415, 0.00638668, 0.0017599738, 0.0011562692, 0.0009579485, 0.00050574774, 0.00019789608, 4.7521837e-05, 1.7566843e-05, 7.830424e-06, 2.7659414e-06, 1.154055e-06, 8.76453e-07, 6.4752845e-07, 5.7749867e-07, 5.43698e-07, 5.3452356e-07, 5.3227035e-07, 5.3227717e-07, 5.3213944e-07, 5.320623e-07, 5.3199153e-07, 5.31979e-07, 5.319767e-07, 5.319763e-07, 5.3197624e-07, 5.319762e-07, 5.319761e-07, 5.319761e-07, 10.464962, 0.351602, 0.08523798, 0.022361854, 0.0064282133, 0.0014619669], 'scaler_samples': (array([[0.25180924, 0.81539183, 0.10304656, 0.63954375, 0.00522558,        0.40064545],       [0.16477243, 0.21004135, 0.64410376, 0.67357962, 0.85329798,        0.375914  ],       [0.929037  , 0.56139367, 0.6721856 , 0.69282847, 0.74388928,        0.40117304]]), array([-1.08745247, -1.07576572, -1.05423907])), 'net': {'saver_path': './M-LOOP_archives/./neural_net_archive_2022-10-23_15-49_8Fp5h9Ta.ckpt'}}
net_1={'last_hyperfit': 0, 'last_net_reg': 1e-08, 'regularization_history': [1e-08], 'losses_list': [0.6762703, 0.12683392, 0.04816585, 0.013905592, 0.0041399198, 0.0020178326, 0.0010408518, 0.0004466288, 9.540925e-05, 1.022457e-05, 8.530555e-06, 5.0864155e-06, 2.6067335e-06, 6.6307086e-07, 7.5047313e-07, 6.0388476e-07, 5.454996e-07, 5.4426346e-07, 5.3525605e-07, 5.348821e-07, 5.336836e-07, 5.337645e-07, 5.335828e-07, 5.335779e-07, 5.33568e-07, 5.3356746e-07, 5.3356615e-07, 5.335657e-07, 5.3356547e-07, 5.335655e-07], 'scaler_samples': (array([[0.25180924, 0.81539183, 0.10304656, 0.63954375, 0.00522558,        0.40064545],       [0.16477243, 0.21004135, 0.64410376, 0.67357962, 0.85329798,        0.375914  ],       [0.929037  , 0.56139367, 0.6721856 , 0.69282847, 0.74388928,        0.40117304]]), array([-1.08745247, -1.07576572, -1.05423907])), 'net': {'saver_path': './M-LOOP_archives/./neural_net_archive_2022-10-23_15-49_mQ3PBFPq.ckpt'}}
net_2={'last_hyperfit': 0, 'last_net_reg': 1e-08, 'regularization_history': [1e-08], 'losses_list': [1.9641799, 0.11428317, 0.05540895, 0.012227452, 0.008247081, 0.003801542, 0.00078316376, 0.000226567, 0.0001437969, 5.971776e-05, 9.432033e-06, 2.1976996e-06, 1.8275229e-06, 9.272063e-07, 8.8493135e-07, 6.267406e-07, 5.678733e-07, 5.356969e-07, 5.358153e-07, 5.3349567e-07, 5.325038e-07, 5.325342e-07, 5.3243696e-07, 5.324264e-07, 5.32415e-07, 5.324138e-07, 5.3241234e-07, 5.3241206e-07, 5.32412e-07, 5.3241195e-07], 'scaler_samples': (array([[0.25180924, 0.81539183, 0.10304656, 0.63954375, 0.00522558,        0.40064545],       [0.16477243, 0.21004135, 0.64410376, 0.67357962, 0.85329798,        0.375914  ],       [0.929037  , 0.56139367, 0.6721856 , 0.69282847, 0.74388928,        0.40117304]]), array([-1.08745247, -1.07576572, -1.05423907])), 'net': {'saver_path': './M-LOOP_archives/./neural_net_archive_2022-10-23_15-49_iHafRnZx.ckpt'}}
