mloop_version='3.3.1'
archive_type='neural_net_learner'
num_params=2
min_boundary=array([0., 0.])
max_boundary=array([1., 1.])
start_datetime='2022-10-23_04-02'
param_names=['', '']
search_precision=1e-06
parameter_searches=10
bad_uncer_frac=0.1
trust_region=nan
has_trust_region=False
predict_global_minima_at_end=True
generation_num=3
update_hyperparameters=False
predicted_best_parameters=array([0.10933855, 0.81500243])
predicted_best_scaled_cost=-1.5181327
predicted_best_cost=-1.849446712294476
all_params=array([[0.48058118, 0.79343838],       [0.15047987, 0.59802948],       [0.81500056, 0.85045959],       [0.36712954, 0.79935404],       [0.48398875, 0.81068503],       [0.00993439, 1.        ],       [0.73859671, 0.39227595],       [0.50605759, 0.85550959],       [0.37295571, 1.        ],       [0.59268788, 1.        ],       [0.48490251, 0.05496531],       [0.56111436, 0.79071962],       [0.55560648, 0.80454751],       [0.51054802, 0.81242441],       [0.86330887, 0.19721995],       [0.52891709, 0.7946918 ],       [0.47963419, 0.82080276],       [0.5016462 , 0.80805843],       [0.44598801, 0.14107793],       [1.        , 0.        ],       [1.        , 0.00304867],       [0.47037319, 0.82653777],       [0.24499375, 0.39657893],       [0.45865399, 0.82349363],       [0.47539297, 0.8126227 ],       [0.53742426, 0.68771292],       [0.5542031 , 0.73595971],       [0.45140992, 0.26085435],       [0.50047246, 0.81716655],       [0.64367433, 0.78441198],       [0.51471367, 0.7763155 ],       [0.50835509, 0.81691569],       [0.48461343, 0.81147401],       [0.49231755, 0.81550378],       [0.29516144, 0.71642819],       [0.49095176, 0.80277982],       [0.50362721, 0.81380669],       [0.54893924, 0.77833665],       [0.79211542, 0.25300078],       [0.28531168, 0.72119734],       [0.30487713, 0.7172255 ],       [0.29299905, 0.70844274],       [0.82721857, 0.58285913],       [0.57672675, 0.77044928],       [0.41845428, 0.21446036],       [0.23132401, 0.74390006],       [0.47432075, 0.48903197],       [0.34914075, 0.15027046],       [0.37166445, 0.16925555],       [0.39982115, 0.23109856],       [0.09330316, 0.42266504],       [0.01086788, 0.0116771 ],       [0.51729153, 0.80839248],       [0.43176278, 0.19517994],       [0.12780908, 0.87273625],       [0.        , 0.0485655 ],       [0.47247349, 0.27324378],       [0.02280168, 0.        ],       [0.03555438, 0.49501932],       [0.27535084, 0.71798456],       [0.        , 0.88704718],       [0.27430222, 0.72137982],       [0.06897338, 0.15923076],       [0.        , 0.67831916],       [0.48484925, 0.80662424],       [0.48853955, 0.81880568],       [0.48438835, 0.21410349],       [1.        , 0.96187203],       [0.42132098, 0.74387488],       [0.46417387, 0.76563666],       [0.61481536, 0.27638718],       [0.57071914, 0.78849396],       [0.51499291, 0.77211102],       [0.29086784, 0.72518828],       [0.43537936, 0.78543355],       [0.50478743, 0.78716137],       [0.39888424, 0.23897639],       [0.38746419, 0.17893817],       [0.7025193 , 0.30984549],       [0.46882475, 0.19478009],       [0.13398354, 0.87460425],       [0.24037516, 0.71646283],       [0.72864979, 0.32260041],       [0.35770388, 0.73148732],       [0.39054175, 0.73314002],       [0.28968312, 0.71839537],       [0.61423221, 0.69978066],       [0.23754496, 0.85949823],       [0.27887271, 0.72173073],       [1.        , 0.85420079],       [0.55591852, 0.94463335],       [0.46194853, 0.20971786],       [0.47919631, 0.20114512],       [0.44376337, 0.18203143],       [0.15056559, 0.83869832],       [0.53905505, 0.76704114],       [0.13296798, 0.87393552],       [0.43579998, 0.18256609],       [0.66038776, 0.04233525],       [0.54346433, 0.80046591],       [0.19175873, 0.85143487],       [0.09359909, 0.84126187],       [0.08414834, 0.03086501],       [0.1671281 , 0.82996165],       [0.18345335, 0.84926825],       [0.13675814, 0.84738981],       [0.22745868, 0.03925391],       [0.17979866, 0.83709732],       [0.18975144, 0.85247689],       [0.18510436, 0.85228062],       [0.41357832, 0.19559485],       [0.43700651, 0.22450035],       [0.19020481, 0.85232488],       [0.58495418, 0.8474848 ],       [0.42917082, 0.27840817],       [0.22512782, 0.8299421 ],       [0.22220657, 0.83844926],       [0.1141105 , 0.81441429],       [0.14069521, 0.93147823],       [0.88963184, 0.20288441]])
all_costs=array([-1.84516129, -1.75768218, -1.75768218, -1.68376787, -1.96082272,       -1.77011494, -1.75153106, -1.70673487, -1.65045342, -1.66694421,       -1.6641729 , -1.8727783 , -1.73935708, -1.93804453, -1.83501375,       -1.60803213, -1.87981221, -1.55797665, -1.84856879, -1.61321515,       -1.61843169, -1.63963964, -1.53409962, -1.65045342, -1.71257485,       -1.64232978, -1.71550985, -1.90485252, -1.82165605, -1.61321515,       -1.90123457, -1.79874214, -1.84516129, -1.95698925, -1.96853491,       -1.8019802 , -1.72735116, -1.71845494, -1.6369583 , -1.93056895,       -1.80522994, -1.65591398, -1.73333333, -1.58511481, -1.98414272,       -1.78909741, -1.64502876, -1.84176633, -1.83838384, -1.85886722,       -1.64773663, -1.91946309, -1.75768218, -1.78590544, -1.86579683,       -1.5801105 , -1.62105263, -1.63963964, -1.65045342, -1.88689915,       -1.65591398, -1.976308  , -1.81834696, -1.59776536, -1.69804919,       -1.7955157 , -1.8904627 , -1.68094039, -1.80522994, -1.63162184,       -1.70382979, -1.76077397, -1.79874214, -1.81834696, -1.56284153,       -1.67251462, -1.65045342, -1.73633998, -1.72141015, -1.81834696,       -1.81834696, -1.80849142, -1.66972477, -1.74238468, -1.73935708,       -1.77955556, -1.7955157 , -1.68660489, -1.64232978, -1.6641729 ,       -1.57513769, -1.90848427, -1.68094039, -1.8727783 , -1.87981221,       -1.61321515, -1.70382979, -1.82497721, -1.68094039, -1.65045342,       -2.02018163, -1.81176471, -1.87628866, -1.81504986, -1.79230081,       -1.73633998, -1.63162184, -1.8283105 , -1.79874214, -1.84516129,       -1.78909741, -1.68094039, -1.72141015, -1.64773663, -1.6641729 ,       -1.70382979, -1.67531381, -1.97241379, -1.82165605, -1.67812238])
all_uncers=array([1.e-08, 1.e-08, 1.e-08, 1.e-08, 1.e-08, 1.e-08, 1.e-08, 1.e-08,       1.e-08, 1.e-08, 1.e-08, 1.e-08, 1.e-08, 1.e-08, 1.e-08, 1.e-08,       1.e-08, 1.e-08, 1.e-08, 1.e-08, 1.e-08, 1.e-08, 1.e-08, 1.e-08,       1.e-08, 1.e-08, 1.e-08, 1.e-08, 1.e-08, 1.e-08, 1.e-08, 1.e-08,       1.e-08, 1.e-08, 1.e-08, 1.e-08, 1.e-08, 1.e-08, 1.e-08, 1.e-08,       1.e-08, 1.e-08, 1.e-08, 1.e-08, 1.e-08, 1.e-08, 1.e-08, 1.e-08,       1.e-08, 1.e-08, 1.e-08, 1.e-08, 1.e-08, 1.e-08, 1.e-08, 1.e-08,       1.e-08, 1.e-08, 1.e-08, 1.e-08, 1.e-08, 1.e-08, 1.e-08, 1.e-08,       1.e-08, 1.e-08, 1.e-08, 1.e-08, 1.e-08, 1.e-08, 1.e-08, 1.e-08,       1.e-08, 1.e-08, 1.e-08, 1.e-08, 1.e-08, 1.e-08, 1.e-08, 1.e-08,       1.e-08, 1.e-08, 1.e-08, 1.e-08, 1.e-08, 1.e-08, 1.e-08, 1.e-08,       1.e-08, 1.e-08, 1.e-08, 1.e-08, 1.e-08, 1.e-08, 1.e-08, 1.e-08,       1.e-08, 1.e-08, 1.e-08, 1.e-08, 1.e-08, 1.e-08, 1.e-08, 1.e-08,       1.e-08, 1.e-08, 1.e-08, 1.e-08, 1.e-08, 1.e-08, 1.e-08, 1.e-08,       1.e-08, 1.e-08, 1.e-08, 1.e-08, 1.e-08, 1.e-08, 1.e-08, 1.e-08])
bad_run_indexs=[]
best_cost=-2.020181634712412
best_params=array([0.19175873, 0.85143487])
best_index=100
worst_cost=-1.5340996168582377
worst_index=22
cost_range=0.48608201785417426
costs_count=120
params_count=91
cost_scaler_init_index=3
net_0={'last_hyperfit': 0, 'last_net_reg': 1e-08, 'regularization_history': [1e-08], 'losses_list': [0.6300301, 0.100087665, 0.023643747, 0.00032588563, 0.0022866125, 0.0015864932, 0.0003395524, 2.0347916e-05, 4.9984355e-06, 1.2227198e-05, 7.2038965e-06, 3.2899475e-06, 1.781935e-06, 9.3458823e-07, 6.905024e-07, 5.882559e-07, 5.4954717e-07, 5.385884e-07, 5.343188e-07, 5.3271094e-07, 5.322275e-07, 5.321273e-07, 5.32123e-07, 5.3212085e-07, 5.3211875e-07, 5.321189e-07, 5.321184e-07, 5.3211824e-07, 5.3211824e-07, 5.3211807e-07, 3.8656373, 0.50706434, 0.15462506, 0.0057362816, 0.0059176506, 0.0027717699, 0.0008278837, 0.0009053533, 0.00035892476, 0.00014693956, 6.653089e-05, 1.9416062e-05, 7.5291027e-06, 2.7966298e-06, 1.0974941e-06, 7.8109167e-07, 5.942205e-07, 5.6024726e-07, 12.335608, 1.834545, 0.60152155, 0.22582029, 0.073503055, 0.018008253, 0.0045929975, 0.0008840873, 0.000792882, 0.00036188794, 5.9401664e-05, 2.1500908e-05, 7.1402774e-06, 4.329388e-06, 2.5623945e-06, 9.356555e-07, 6.1288006e-07, 5.9453066e-07, 2.3197055, 0.96967566, 0.49691105, 0.23901533, 0.12154395, 0.08572431, 0.06504585, 0.045652006, 0.032021306, 0.022105288, 0.014480052, 0.009085017, 0.005490738, 0.003177626, 0.0017685122, 0.00094440574, 0.00048492217, 0.00024000845, 0.00011468613, 5.310212e-05, 2.3944354e-05, 1.0627951e-05, 4.7563362e-06, 2.252682e-06, 1.2213067e-06, 8.1059056e-07, 6.5301157e-07, 5.9462013e-07, 10.224483, 5.493714, 5.5547867, 5.438409, 6.8875456, 5.2559953, 4.596886, 3.877675, 3.3067093, 2.6624467, 2.2720482, 1.8640598, 1.642799, 1.6382673, 5.726437, 2.894167, 2.475558, 2.124705, 2.2304244, 1.4336206, 0.901832, 0.5807092, 0.4136666, 0.30256447, 0.23230772, 0.31144515, 0.14812121, 0.08915895, 0.060997505, 0.039153352, 0.045484547, 0.016647346, 0.05427227, 0.012946831, 0.018977007, 0.0038295554, 1.745577, 1.9777448, 1.4945247, 0.82852226, 0.93159384, 0.513863, 3.3559203, 1.5436238, 0.94438356, 0.77655977, 0.5222618, 0.39982986, 0.358939, 0.34961805, 1.8936296, 1.209025, 1.064552, 1.0229349, 3.1645846, 1.1947813, 0.9119985, 0.77693844, 0.6827574, 0.6117363, 1.1524727, 5.6948695, 3.176681, 2.0871196, 1.5463614, 1.247455, 1.1660483, 0.9878172, 2.8409731, 2.0922909, 1.8810955, 1.8501071, 2.2314205, 1.8699661, 1.8184931, 1.7426107, 3.155192, 2.9258447, 5.226413, 2.5293725, 2.1167998, 2.0084713, 2.025937, 1.7975603, 1.7152747, 1.5869697, 2.5067058, 1.9172043, 1.7892381, 1.7657734, 1.8306136, 3.0441818, 2.947404, 2.028628, 2.0723665, 1.748034, 2.4752467, 2.1807837, 2.3426871, 2.1107473, 2.5247483, 2.631462, 3.1405582, 2.7414978, 2.5126874, 2.389077, 2.4693098, 2.2986639, 2.2952096, 2.298749, 2.3430746, 2.5356586, 2.944795, 2.5666485, 2.5297768, 2.3819284], 'scaler_samples': (array([[0.48058118, 0.79343838],       [0.15047987, 0.59802948],       [0.81500056, 0.85045959]]), array([-1.84516129, -1.75768218, -1.75768218])), 'net': {'saver_path': './M-LOOP_archives/./neural_net_archive_2022-10-23_04-02_5Q6Od94C.ckpt'}}
net_1={'last_hyperfit': 0, 'last_net_reg': 1e-08, 'regularization_history': [1e-08], 'losses_list': [1.0459679, 0.06465202, 0.051437132, 0.011314937, 0.0016627368, 0.003149389, 0.00019415247, 0.0002589506, 0.000103034705, 2.4417586e-05, 4.5469424e-06, 6.568634e-06, 2.4051424e-06, 6.6245605e-07, 6.169165e-07, 6.293727e-07, 5.831156e-07, 5.5421526e-07, 5.4511776e-07, 5.4332526e-07, 5.4312477e-07, 5.4312e-07, 5.431121e-07, 5.4310135e-07, 5.430843e-07, 5.430799e-07, 5.4307895e-07, 5.4307856e-07, 5.430785e-07, 5.4307844e-07, 3.554196, 0.38855183, 0.12982668, 0.013135513, 0.025957704, 0.0054305377, 0.0007036439, 0.00073374656, 0.00033666074, 4.7298185e-05, 1.609555e-05, 1.8127355e-05, 2.5532718e-06, 1.407969e-06, 9.913884e-07, 7.5891546e-07, 5.9726676e-07, 5.5898215e-07, 16.207756, 1.5808287, 0.6105386, 0.138401, 0.046708126, 0.0038242151, 0.00363917, 0.002237289, 0.0002805616, 0.00014841482, 8.215687e-05, 1.8702522e-05, 6.61456e-06, 3.5174576e-06, 1.7113442e-06, 7.5820253e-07, 6.784784e-07, 6.2009406e-07, 2.9100943, 1.2422819, 0.8516589, 0.5921325, 0.4341361, 0.31339517, 0.22859333, 0.16326004, 0.10750699, 0.061994497, 0.028650975, 0.009226132, 0.0015071902, 1.8238115e-05, 0.0001045655, 0.0001233839, 4.875314e-05, 7.958703e-06, 6.307847e-07, 1.2539016e-06, 7.156698, 5.3494735, 5.7075386, 4.6908445, 7.393707, 5.957236, 5.2466536, 4.649303, 4.0317893, 3.6080961, 2.749834, 2.0992072, 1.3957322, 1.5163733, 0.6235425, 0.64164263, 4.7900724, 1.5236379, 0.7792422, 0.5191956, 0.2895293, 0.17388764, 0.10743063, 0.056699097, 0.023386244, 0.021295952, 3.0921202, 0.493805, 0.23848754, 0.14170836, 0.07795431, 0.04425489, 0.02476458, 0.01344937, 0.00728659, 0.0030643505, 0.0016564253, 0.0025646908, 0.98838705, 0.64998245, 0.5254584, 0.2961907, 1.8194077, 0.69202596, 0.51875365, 0.50253505, 2.001674, 1.518125, 1.3055257, 1.3293024, 2.186885, 1.1374024, 0.8595174, 0.7585596, 0.6113798, 0.4761067, 0.38868773, 0.3257254, 0.26423854, 0.30659944, 0.2089906, 0.19409007, 0.39713255, 0.62579674, 3.3092377, 1.1882195, 1.5419099, 1.8288102, 2.2743623, 1.8284764, 1.6642209, 1.573201, 1.7537711, 1.537062, 1.3467252, 1.2260468, 2.8885727, 2.6635714, 4.352274, 3.2371407, 2.7521842, 2.470451, 2.421511, 2.0922713, 1.9721837, 1.8674635, 2.3657172, 1.9602501, 1.9071047, 1.8036457, 1.7373445, 3.0674238, 2.8168707, 1.8585657, 1.7921003, 1.70223, 1.9629238, 1.987812, 1.777063, 1.8383893, 2.0894852, 1.8459305, 1.9743681, 2.6932933, 2.5140696, 2.2038019, 2.039216, 1.9750522, 2.1316416, 2.0264819, 2.1610034, 2.0580204, 2.343304, 2.5014005, 2.9199011, 2.4028459, 2.268433, 2.1676157], 'scaler_samples': (array([[0.48058118, 0.79343838],       [0.15047987, 0.59802948],       [0.81500056, 0.85045959]]), array([-1.84516129, -1.75768218, -1.75768218])), 'net': {'saver_path': './M-LOOP_archives/./neural_net_archive_2022-10-23_04-02_Ui100bQF.ckpt'}}
net_2={'last_hyperfit': 0, 'last_net_reg': 1e-08, 'regularization_history': [1e-08], 'losses_list': [2.4332983, 0.0076647387, 0.023914995, 0.027205909, 0.004556797, 0.002489256, 0.0013598851, 0.00022296609, 6.931002e-05, 3.2540775e-05, 1.8411762e-05, 1.0277013e-05, 2.2822667e-06, 1.2466699e-06, 5.987667e-07, 5.7843295e-07, 5.4650764e-07, 5.302594e-07, 5.308719e-07, 5.287337e-07, 5.279389e-07, 5.278294e-07, 5.2772896e-07, 5.2768826e-07, 5.276871e-07, 5.276789e-07, 5.276765e-07, 5.2767655e-07, 5.276763e-07, 5.276763e-07, 5.9153323, 2.1320767, 0.5260369, 0.117459536, 0.0115638785, 0.011007746, 26.898386, 3.389612, 1.9263083, 0.9851105, 0.4868651, 0.34242204, 0.18043612, 0.07237474, 0.013377555, 0.00041002722, 0.0018917918, 0.0009442667, 7.3771356e-05, 3.90565e-05, 4.273111e-05, 8.837934e-06, 9.494462e-07, 1.9460124e-06, 2.4597363, 1.1538861, 0.67300445, 0.44857308, 0.2619965, 0.16527523, 0.09368157, 0.045318257, 0.017716585, 0.0051166564, 0.0007685961, 2.354004e-05, 5.565325e-05, 6.8632144e-05, 3.0992032e-05, 8.014804e-06, 1.2777778e-06, 6.6413503e-07, 7.7705386e-07, 7.176236e-07, 9.504236, 5.7204614, 5.028861, 4.6569633, 7.9720354, 5.941649, 5.757544, 5.3952527, 6.941209, 5.1037817, 4.277732, 3.8714213, 5.9237337, 3.6038363, 3.1732078, 2.8797216, 3.499908, 6.199776, 4.9428444, 3.0625224, 2.7199674, 2.40481, 3.4837756, 2.8579443, 2.622853, 2.524354, 2.7013583, 2.2074928, 2.0183077, 1.8297185, 2.0008028, 2.9757452, 3.5975535, 2.1719322, 2.016272, 1.611948, 1.4325104, 1.418032, 2.7495275, 2.3360577, 2.1684415, 2.0640416, 2.274599, 1.9988843, 1.9589194, 1.8235165, 2.5648556, 3.0726557, 4.097414, 2.6174922, 2.296533, 2.1738288, 2.17977, 1.9624211, 2.4997132, 2.0603828, 2.1843872, 1.8855461, 1.8732288, 2.6869445, 5.1669893, 3.0025394, 2.6791432, 2.5294604, 2.9976737, 2.605703, 2.5273764, 2.4439054, 2.4977713, 2.354316, 2.4681993, 2.687652, 3.0880525, 2.5996647, 2.6012797, 2.432967, 2.30272, 2.2955208, 2.4940937, 2.2963977, 2.5492425, 2.4991055, 2.8269904, 2.428766], 'scaler_samples': (array([[0.48058118, 0.79343838],       [0.15047987, 0.59802948],       [0.81500056, 0.85045959]]), array([-1.84516129, -1.75768218, -1.75768218])), 'net': {'saver_path': './M-LOOP_archives/./neural_net_archive_2022-10-23_04-02_WZXeNAZA.ckpt'}}
