mloop_version='3.3.1'
archive_type='neural_net_learner'
num_params=2
min_boundary=array([0., 0.])
max_boundary=array([1., 1.])
start_datetime='2022-10-23_03-14'
param_names=['', '']
search_precision=1e-06
parameter_searches=10
bad_uncer_frac=0.1
trust_region=nan
has_trust_region=False
predict_global_minima_at_end=True
generation_num=3
update_hyperparameters=False
predicted_best_parameters=array([0.88929788, 0.61188582])
predicted_best_scaled_cost=-13.19614
predicted_best_cost=-1.7571660275428111
all_params=array([[0.78991158, 0.31227296],       [0.37158793, 0.90030454],       [0.94079121, 0.58204095],       [1.        , 1.        ],       [1.        , 0.59028593],       [0.94500661, 1.        ],       [0.599866  , 0.07447983],       [0.84146438, 0.58715047],       [0.83474442, 0.55468745],       [0.86577935, 0.60940506],       [0.47679459, 0.60419011],       [0.88052516, 0.67248093],       [0.88512821, 0.61656829],       [0.86951703, 0.6145662 ],       [0.25586654, 0.31696678],       [0.91767684, 0.71790971],       [0.92569989, 0.73761293],       [0.94626891, 0.76207865],       [0.26764055, 0.53844861],       [0.86919071, 0.66379311],       [0.88611937, 0.69301684],       [0.89440909, 0.68640122],       [0.47599318, 0.43736692],       [0.91286031, 0.65052157],       [0.91383376, 0.66245223],       [0.92812771, 0.67417928],       [0.35768732, 0.99273477],       [0.89641494, 0.68944358],       [0.89526491, 0.68406803],       [0.89743015, 0.72543716],       [0.84436275, 0.96475506],       [0.88875725, 0.63378863],       [0.89583097, 0.65554447],       [0.89820105, 0.63543685],       [0.29225779, 0.24652964],       [0.89101397, 0.61896397],       [0.        , 0.6021073 ],       [0.9312555 , 0.7077105 ],       [0.32487631, 0.72036524],       [0.89136066, 0.60071153],       [0.88902672, 0.59886939],       [0.89901241, 0.6099611 ],       [0.24004498, 0.97142061],       [0.8936622 , 0.61361321],       [0.89129865, 0.61784101],       [0.89063312, 0.61897509],       [0.97543431, 0.9068625 ],       [0.88552604, 0.62647813],       [0.8921502 , 0.62017383],       [0.8893832 , 0.62083785],       [0.84719438, 0.68291905],       [0.88689477, 0.61997923],       [0.89911945, 0.62217803],       [0.88859056, 0.62484746],       [0.3748129 , 0.41822807],       [0.88646023, 0.63050678],       [0.8889085 , 0.61695372],       [0.88919412, 0.61815207],       [0.31567777, 0.93055797],       [0.91498318, 0.71481401],       [0.88564044, 0.61319414],       [0.88964957, 0.61873542],       [0.61862144, 0.84738866],       [0.88983155, 0.61647333],       [0.88806299, 0.61553453],       [0.88791087, 0.61605001],       [0.17286571, 0.62854532],       [0.88829717, 0.6175302 ],       [0.89670888, 0.61354641],       [0.88437057, 0.61200785],       [0.43883235, 0.35662717],       [0.88597019, 0.6165258 ],       [0.88812857, 0.61442281],       [0.88928177, 0.61570562],       [0.75434003, 0.85847873],       [0.88615979, 0.61351483],       [0.88831707, 0.61167992],       [0.88951345, 0.61333058],       [0.8279877 , 0.29596919],       [0.88473381, 0.61496837],       [0.88640184, 0.61247865],       [0.88971813, 0.61640272],       [0.80414529, 0.15075488],       [0.88612903, 0.61395108],       [0.9001833 , 0.60160959],       [1.        , 0.18279939],       [0.4305802 , 0.81733523],       [0.88703091, 0.61575608],       [0.8869311 , 0.61064156],       [0.88717898, 0.61274871],       [0.1933454 , 0.34008005],       [0.88866033, 0.61280017],       [0.49086874, 0.93629628],       [0.88538428, 0.6120558 ],       [0.81305434, 0.97049846],       [0.88785567, 0.61374495],       [0.88445595, 0.6104504 ],       [0.88468385, 0.61151554],       [0.22121248, 0.72043835],       [0.87993344, 0.61988697],       [0.88637753, 0.61593272],       [0.88757568, 0.6130464 ],       [0.22743625, 0.02813816],       [0.88411515, 0.61236048],       [0.88448867, 0.61043805],       [0.87814303, 0.6778089 ],       [0.77293568, 0.86162447],       [0.88782914, 0.61177125],       [0.88384518, 0.6100233 ],       [0.88417851, 0.61139391],       [0.15732459, 0.75680012],       [0.88602913, 0.60936051],       [0.88434789, 0.61049736],       [0.8839981 , 0.61233519],       [0.72106183, 0.38529679],       [0.88752843, 0.61302347],       [0.88600656, 0.61225079],       [0.88942344, 0.6113324 ],       [0.2898788 , 0.7455353 ],       [0.88768195, 0.61393787]])
all_costs=array([-1.56528538, -1.55314197, -1.58762887, -1.52707857, -1.5388163 ,       -1.46024799, -1.47314202, -1.5604053 , -1.49962547, -1.60288231,       -1.57513769, -1.75460123, -1.67531381, -1.63963964, -1.55073586,       -1.77011494, -1.57762017, -1.52707857, -1.61061947, -1.5801105 ,       -1.64232978, -1.61061947, -1.5388163 , -1.67251462, -1.63162184,       -1.55797665, -1.59521912, -1.5826087 , -1.5826087 , -1.5483372 ,       -1.57513769, -1.68376787, -1.60031974, -1.57513769, -1.5483372 ,       -1.8283105 , -1.46024799, -1.59521912, -1.49962547, -1.71257485,       -1.55797665, -1.6641729 , -1.61843169, -1.60545309, -1.79874214,       -1.75768218, -1.53409962, -1.66141079, -1.59521912, -1.71845494,       -1.59268099, -1.5826087 , -1.56284153, -1.61061947, -1.68376787,       -1.68376787, -1.71550985, -1.74542284, -1.69804919, -1.58762887,       -1.77639752, -1.72141015, -1.66141079, -1.76699029, -1.75460123,       -1.74238468, -1.54594595, -1.73033708, -1.61061947, -1.75460123,       -1.52707857, -1.68094039, -1.83165599, -1.76699029, -1.54356207,       -1.78272484, -1.72437554, -1.70673487, -1.71550985, -1.71845494,       -1.79874214, -1.72735116, -1.66972477, -1.77955556, -1.46666667,       -1.57513769, -1.71257485, -1.69517358, -1.74847162, -1.67251462,       -1.57513769, -1.70964987, -1.62896664, -1.78272484, -1.6369583 ,       -1.66694421, -1.69804919, -1.80849142, -1.59268099, -1.66972477,       -1.77325066, -1.81834696, -1.57513769, -1.75153106, -1.75153106,       -1.65591398, -1.6369583 , -1.78272484, -1.72141015, -1.85542169,       -1.52707857, -1.63162184, -1.72735116, -1.68094039, -1.68094039,       -1.79874214, -1.70673487, -1.83165599, -1.55073586, -1.72735116])
all_uncers=array([1.e-08, 1.e-08, 1.e-08, 1.e-08, 1.e-08, 1.e-08, 1.e-08, 1.e-08,       1.e-08, 1.e-08, 1.e-08, 1.e-08, 1.e-08, 1.e-08, 1.e-08, 1.e-08,       1.e-08, 1.e-08, 1.e-08, 1.e-08, 1.e-08, 1.e-08, 1.e-08, 1.e-08,       1.e-08, 1.e-08, 1.e-08, 1.e-08, 1.e-08, 1.e-08, 1.e-08, 1.e-08,       1.e-08, 1.e-08, 1.e-08, 1.e-08, 1.e-08, 1.e-08, 1.e-08, 1.e-08,       1.e-08, 1.e-08, 1.e-08, 1.e-08, 1.e-08, 1.e-08, 1.e-08, 1.e-08,       1.e-08, 1.e-08, 1.e-08, 1.e-08, 1.e-08, 1.e-08, 1.e-08, 1.e-08,       1.e-08, 1.e-08, 1.e-08, 1.e-08, 1.e-08, 1.e-08, 1.e-08, 1.e-08,       1.e-08, 1.e-08, 1.e-08, 1.e-08, 1.e-08, 1.e-08, 1.e-08, 1.e-08,       1.e-08, 1.e-08, 1.e-08, 1.e-08, 1.e-08, 1.e-08, 1.e-08, 1.e-08,       1.e-08, 1.e-08, 1.e-08, 1.e-08, 1.e-08, 1.e-08, 1.e-08, 1.e-08,       1.e-08, 1.e-08, 1.e-08, 1.e-08, 1.e-08, 1.e-08, 1.e-08, 1.e-08,       1.e-08, 1.e-08, 1.e-08, 1.e-08, 1.e-08, 1.e-08, 1.e-08, 1.e-08,       1.e-08, 1.e-08, 1.e-08, 1.e-08, 1.e-08, 1.e-08, 1.e-08, 1.e-08,       1.e-08, 1.e-08, 1.e-08, 1.e-08, 1.e-08, 1.e-08, 1.e-08, 1.e-08])
bad_run_indexs=[]
best_cost=-1.8554216867469884
best_params=array([0.88417851, 0.61139391])
best_index=109
worst_cost=-1.4602479941648432
worst_index=5
cost_range=0.3951736925821452
costs_count=120
params_count=91
cost_scaler_init_index=3
net_0={'last_hyperfit': 0, 'last_net_reg': 1e-08, 'regularization_history': [1e-08], 'losses_list': [0.31358078, 0.028891116, 0.024935968, 0.0094289845, 0.003191806, 0.0015574138, 0.00044212592, 8.9001056e-05, 2.899052e-05, 1.1727711e-05, 7.059664e-06, 1.7926186e-06, 8.4245596e-07, 9.334343e-07, 6.026678e-07, 5.770544e-07, 5.515293e-07, 5.4252087e-07, 5.4091356e-07, 5.4009325e-07, 5.3992926e-07, 5.3986093e-07, 5.397982e-07, 5.397846e-07, 5.397821e-07, 5.397804e-07, 5.3977993e-07, 5.397797e-07, 5.397796e-07, 5.3977953e-07, 13.764474, 3.162536, 1.8034536, 0.65582806, 0.19329542, 0.012943762, 0.011701053, 0.0026332254, 0.0015028726, 0.0005079136, 0.00019378915, 8.136795e-05, 6.767084e-06, 9.322689e-06, 2.2589525e-06, 1.703291e-06, 9.581581e-07, 6.4356146e-07, 6.07088e-07, 5.598821e-07, 10.791449, 3.2809908, 2.8432248, 2.066385, 0.43770114, 0.18205126, 0.058019, 0.018511135, 0.00314805, 0.0014745548, 0.00074574276, 0.00043589243, 0.000267978, 0.00013504339, 7.288456e-05, 3.6996986e-05, 1.90789e-05, 1.0001141e-05, 5.2844116e-06, 2.9439102e-06, 1.7405848e-06, 1.1447705e-06, 8.46607e-07, 7.0047406e-07, 6.2949795e-07, 5.9542526e-07, 6.980035, 1.0084504, 0.61713034, 0.2806383, 0.22808006, 0.18889098, 0.16072512, 0.13465105, 0.11323489, 0.09730204, 0.08537061, 0.07600916, 15.789343, 11.340048, 8.538518, 6.9901567, 5.5421877, 10.5587, 14.958811, 12.640237, 10.389561, 8.903875, 8.115645, 7.555053, 11.911965, 8.550404, 7.8106785, 7.503807, 11.532009, 9.684491, 9.194508, 8.966595, 12.260847, 10.249281, 14.909751, 12.188964, 11.301414, 10.887199, 12.044275, 10.6831255, 12.099217, 10.858079, 9.763197, 8.64566, 7.775515, 7.0380287, 8.221161, 11.294701, 12.763201, 10.712877, 13.257911, 8.757975, 8.367626, 10.951448, 9.944354, 7.9219713, 11.810851, 10.323942, 9.584646, 9.544179, 9.532507, 16.135635, 13.949286, 11.899745, 12.036411, 11.114622, 11.033588, 9.947799, 10.292862, 12.228169, 12.903999, 10.316362, 9.969812, 9.6015835, 9.735297, 8.795024, 8.329112, 8.350223, 8.141999, 7.6159897, 7.503164, 8.368463, 12.339548, 11.061273, 10.559922, 10.162965, 10.106231, 8.948253, 8.715666, 8.015159, 8.1293335, 8.30568, 8.207418, 8.144889, 10.236305, 8.769444, 8.303344, 8.108124, 8.2963295, 7.3707933], 'scaler_samples': (array([[0.78991158, 0.31227296],       [0.37158793, 0.90030454],       [0.94079121, 0.58204095]]), array([-1.56528538, -1.55314197, -1.58762887])), 'net': {'saver_path': './M-LOOP_archives/./neural_net_archive_2022-10-23_03-14_slUmU_yr.ckpt'}}
net_1={'last_hyperfit': 0, 'last_net_reg': 1e-08, 'regularization_history': [1e-08], 'losses_list': [0.17756875, 0.005490042, 0.0084254965, 0.00088306173, 0.0010712758, 0.0005659729, 8.053841e-05, 3.2594012e-06, 5.843401e-06, 8.42022e-06, 5.9026743e-06, 2.4256885e-06, 7.0576516e-07, 5.8430743e-07, 6.403749e-07, 5.575866e-07, 5.255474e-07, 5.2969443e-07, 5.260665e-07, 5.25189e-07, 5.252202e-07, 5.249988e-07, 5.250065e-07, 5.249915e-07, 5.2498945e-07, 5.249883e-07, 5.249883e-07, 5.24988e-07, 5.249879e-07, 5.249876e-07, 11.315895, 2.8490152, 1.7750129, 0.44416547, 0.054069534, 0.029028887, 0.0033863308, 0.0031492105, 0.00025270405, 0.00038932232, 0.00010314145, 4.2817424e-05, 2.359375e-05, 4.7092153e-06, 3.8223843e-06, 8.631576e-07, 8.457839e-07, 5.744562e-07, 5.6165914e-07, 5.487511e-07, 8.708275, 3.718871, 3.1061604, 2.6767924, 1.8848116, 0.55001193, 0.09551449, 0.030914858, 0.014688585, 0.0041370587, 0.0014736126, 0.00033226892, 0.00011649667, 1.9742407e-05, 1.0900408e-05, 2.485842e-06, 1.8066221e-06, 7.4694594e-07, 6.608545e-07, 5.654494e-07, 8.932884, 0.60728574, 0.51034045, 0.3262401, 0.225445, 0.18109293, 0.15838224, 0.14061894, 32.12869, 12.17883, 7.791307, 12.612426, 18.807598, 9.402606, 8.038912, 8.345182, 10.180181, 8.389026, 7.96093, 7.5891895, 11.416218, 9.33465, 8.792181, 8.45687, 11.609621, 9.483168, 10.717437, 8.986834, 17.081934, 12.141947, 10.905189, 10.095152, 10.902014, 9.62453, 11.900324, 10.04285, 9.447947, 8.152287, 8.753517, 24.058733, 14.9845705, 13.582857, 13.495261, 12.092476, 13.393495, 11.644562, 11.971472, 14.56755, 14.743811, 10.97321, 10.023322, 10.301173, 9.905389, 9.095662, 8.559579, 8.242521, 8.154859, 7.543925, 19.163622, 10.58632, 9.287793, 11.559491, 9.599997, 8.651312, 7.827716, 8.005436, 7.7570477, 7.2343693, 7.5373893, 9.406037, 7.907983, 6.9262924, 6.8633676, 6.76913, 6.3756137, 6.4906754, 6.7460327, 7.178232, 6.938636, 7.655252, 9.733863, 8.828963], 'scaler_samples': (array([[0.78991158, 0.31227296],       [0.37158793, 0.90030454],       [0.94079121, 0.58204095]]), array([-1.56528538, -1.55314197, -1.58762887])), 'net': {'saver_path': './M-LOOP_archives/./neural_net_archive_2022-10-23_03-14_JxAPF6T5.ckpt'}}
net_2={'last_hyperfit': 0, 'last_net_reg': 1e-08, 'regularization_history': [1e-08], 'losses_list': [1.1899785, 0.086841054, 0.023853207, 0.0056352965, 0.0005328703, 0.0002014226, 0.00024859785, 0.00012227267, 3.674726e-05, 1.1234114e-05, 5.796113e-06, 3.0974882e-06, 1.2623486e-06, 5.938263e-07, 5.621022e-07, 5.817667e-07, 5.5508747e-07, 5.4586377e-07, 5.4718174e-07, 5.459528e-07, 5.455019e-07, 5.4546376e-07, 5.4535957e-07, 5.453441e-07, 5.4534087e-07, 5.453378e-07, 5.453372e-07, 5.4533683e-07, 5.453368e-07, 5.453367e-07, 11.985957, 3.161581, 2.4298592, 1.8642174, 1.06073, 0.20936856, 0.026259713, 0.000491588, 0.0016578535, 0.0013184233, 0.0010659726, 0.00020206206, 1.35579885e-05, 1.886933e-05, 10.419893, 2.3980033, 1.4309084, 0.2590592, 0.060306918, 0.035431284, 0.0074217157, 0.0047042547, 0.0008729491, 0.00066888274, 5.8115387e-05, 8.0956015e-05, 1.1502641e-05, 7.939089e-06, 2.4368949e-06, 1.4788169e-06, 7.910718e-07, 7.0619865e-07, 6.0229934e-07, 5.901307e-07, 12.071499, 3.1060996, 0.49238566, 0.41170985, 0.23109257, 0.20508957, 0.17957962, 0.162579, 36.563354, 13.850652, 8.678442, 12.581324, 5.9117246, 5.4780188, 3.8746028, 3.394042, 19.988684, 10.429966, 8.186445, 7.629701, 10.309892, 8.940153, 8.129098, 7.523168, 10.488054, 8.834752, 8.17538, 7.616749, 9.682246, 9.457929, 13.739984, 11.128633, 10.60043, 9.91306, 11.097538, 9.5744295, 9.233177, 8.362114, 9.917765, 8.846198, 7.9497247, 7.40421, 8.118368, 18.74715, 15.276673, 13.498891, 13.283436, 11.971583, 12.396961, 11.638513, 11.213855, 15.952149, 13.065467, 11.295325, 10.790743, 10.511052, 10.840504, 10.276477, 10.811748, 11.094007, 10.009546, 8.542984, 12.020741, 8.686293, 8.524487, 7.9715285, 8.541316, 7.589426, 8.825337, 7.4698143, 7.0107284, 6.934788, 6.659892, 6.727601, 6.8742847, 8.945809, 9.101693, 7.1706667, 7.571238, 6.5919056, 10.61212, 7.0814657, 6.866335, 6.898329, 7.4169087, 12.641435, 9.894389, 8.301954, 8.454653, 9.159359], 'scaler_samples': (array([[0.78991158, 0.31227296],       [0.37158793, 0.90030454],       [0.94079121, 0.58204095]]), array([-1.56528538, -1.55314197, -1.58762887])), 'net': {'saver_path': './M-LOOP_archives/./neural_net_archive_2022-10-23_03-14_KuFOE0BG.ckpt'}}
