mloop_version='3.3.1'
archive_type='neural_net_learner'
num_params=6
min_boundary=array([0., 0., 0., 0., 0., 0.])
max_boundary=array([1., 1., 1., 1., 1., 1.])
start_datetime='2022-10-23_16-00'
param_names=['', '', '', '', '', '']
search_precision=1e-06
parameter_searches=10
bad_uncer_frac=0.1
trust_region=nan
has_trust_region=False
predict_global_minima_at_end=True
generation_num=3
update_hyperparameters=False
predicted_best_parameters=array([0.20615933, 0.10959542, 0.71690964, 0.63036599, 0.13139172,       0.39263633])
predicted_best_scaled_cost=-1.8091862
predicted_best_cost=-1.1356493926769429
all_params=array([[2.31141995e-01, 5.93723986e-02, 9.08258483e-01, 6.44756695e-01,        5.81962768e-02, 3.84396660e-01],       [5.98240510e-01, 2.96377672e-01, 9.56369121e-02, 6.34984859e-01,        6.08489796e-01, 4.40774586e-02],       [9.22158604e-01, 1.84674388e-01, 1.40342209e-01, 5.05939041e-01,        8.77180689e-02, 4.55008067e-01],       [1.00000000e+00, 1.33657675e-01, 5.55111512e-17, 1.00000000e+00,        0.00000000e+00, 9.90399853e-01],       [4.79875351e-01, 0.00000000e+00, 1.00000000e+00, 5.05813155e-01,        6.41153094e-02, 0.00000000e+00],       [0.00000000e+00, 5.05916186e-01, 2.89571002e-01, 0.00000000e+00,        0.00000000e+00, 1.00000000e+00],       [8.00058079e-01, 9.66836731e-01, 4.81883575e-01, 3.23863322e-01,        7.18093802e-01, 1.23177419e-02],       [5.03466661e-02, 8.57519721e-02, 9.82925690e-01, 7.12193199e-01,        1.00000000e+00, 3.79290456e-01],       [2.79357040e-01, 7.13420359e-02, 1.00000000e+00, 6.96754778e-01,        0.00000000e+00, 2.75520962e-01],       [1.00000000e+00, 9.63997719e-02, 1.00000000e+00, 5.00215753e-01,        9.95488640e-01, 1.00000000e+00],       [4.67727628e-01, 1.44400182e-01, 6.20534357e-01, 4.09451218e-02,        9.57676207e-01, 8.16519440e-01],       [2.96071248e-02, 0.00000000e+00, 9.17662238e-01, 6.33591285e-01,        4.53624432e-02, 4.87170223e-01],       [0.00000000e+00, 0.00000000e+00, 6.55857263e-01, 6.96846964e-01,        3.68254433e-01, 5.03512045e-01],       [2.89070391e-01, 0.00000000e+00, 7.07014541e-01, 6.27043160e-01,        1.53375224e-01, 3.35213292e-01],       [5.67799219e-01, 8.81628656e-01, 3.78763513e-02, 9.10874606e-01,        8.52981347e-01, 8.06286256e-01],       [9.30930491e-01, 4.73905260e-01, 5.55111512e-17, 1.00000000e+00,        1.00000000e+00, 2.51942989e-01],       [2.20880484e-01, 6.79672051e-02, 1.00000000e+00, 6.35185998e-01,        0.00000000e+00, 3.79648343e-01],       [1.00000000e+00, 9.26957199e-01, 5.55111512e-17, 8.60913523e-01,        0.00000000e+00, 1.00000000e+00],       [7.23749937e-01, 9.55105249e-01, 5.60385751e-01, 9.15191306e-01,        3.00179037e-01, 5.17329199e-01],       [2.95405411e-01, 8.04295500e-02, 7.82785580e-01, 6.54877715e-01,        8.17114521e-02, 4.66205340e-01],       [2.93060664e-01, 6.50671393e-02, 8.74712117e-01, 6.43739394e-01,        1.06280344e-01, 3.81345516e-01],       [1.80456709e-01, 1.00561538e-01, 7.73019465e-01, 6.58858404e-01,        1.01829956e-01, 4.03775427e-01],       [1.68109185e-01, 8.15137300e-01, 9.64272093e-01, 3.82279213e-01,        9.59369825e-01, 8.55161549e-01],       [1.38417089e-01, 5.45486449e-02, 9.52735464e-01, 6.58265612e-01,        2.91948495e-02, 3.91032857e-01],       [1.02884760e-01, 8.13719612e-02, 8.06114464e-01, 6.59489931e-01,        3.11095248e-02, 3.36508200e-01],       [8.54098876e-02, 1.15426867e-01, 7.95523399e-01, 6.71317391e-01,        6.38883097e-02, 3.88916730e-01],       [8.16556275e-02, 4.78049779e-01, 3.16347631e-01, 6.81649346e-01,        5.96863229e-01, 5.78750851e-01],       [9.96812650e-02, 1.35246215e-01, 8.16299494e-01, 6.85562000e-01,        8.27541168e-02, 4.00844436e-01],       [2.00931861e-01, 9.78224286e-02, 8.80611616e-01, 6.38745082e-01,        1.02490914e-01, 3.61559204e-01],       [4.05630124e-02, 1.56325846e-01, 8.01528287e-01, 6.94157664e-01,        9.13262313e-02, 4.31063257e-01],       [1.08903374e-01, 6.41225278e-01, 8.21006775e-01, 2.05432657e-01,        2.04002825e-01, 1.88870292e-02],       [1.52410757e-01, 1.04469411e-01, 7.77964735e-01, 6.41978168e-01,        6.93843464e-02, 4.20624309e-01],       [4.18259102e-02, 1.25293884e-01, 6.82464635e-01, 6.86019122e-01,        0.00000000e+00, 4.54612066e-01],       [1.02829450e-01, 1.36016580e-01, 8.60089942e-01, 6.49565945e-01,        5.16782468e-02, 4.09644664e-01],       [1.55208125e-01, 8.94806141e-01, 2.42443438e-01, 2.51705757e-01,        5.32722259e-01, 1.05374450e-01],       [1.03225192e-01, 1.16577174e-01, 7.97757181e-01, 6.65723824e-01,        9.57766294e-02, 3.62684981e-01],       [1.41020128e-01, 1.08477028e-01, 8.14801636e-01, 6.74826423e-01,        4.47598258e-02, 4.20571482e-01],       [1.02463622e-01, 8.82685565e-02, 8.35658979e-01, 6.77727342e-01,        1.13375370e-01, 4.23317399e-01],       [8.09922518e-02, 7.62175999e-03, 8.44280097e-01, 9.20617414e-02,        3.59055677e-01, 7.25137999e-01],       [5.91401065e-02, 1.27085749e-01, 7.39296010e-01, 6.70055859e-01,        1.08236699e-01, 3.60182977e-01],       [0.00000000e+00, 1.36711974e-01, 7.63557103e-01, 6.58811976e-01,        1.00895382e-01, 3.32469157e-01],       [0.00000000e+00, 1.55785120e-01, 7.17795171e-01, 6.75121606e-01,        1.24691921e-01, 3.42476772e-01],       [4.67585777e-01, 8.14085391e-01, 6.86619797e-01, 7.02146633e-01,        5.09373609e-01, 6.37512059e-01],       [1.17656343e-01, 1.02401878e-01, 8.72794695e-01, 6.59322084e-01,        9.55306403e-02, 3.69938143e-01],       [7.26994771e-02, 1.14299620e-01, 8.60317644e-01, 6.48335683e-01,        6.83540085e-02, 3.33313922e-01],       [1.73386959e-01, 8.38323749e-02, 8.42805146e-01, 6.41469959e-01,        9.46936295e-02, 3.78889428e-01],       [7.85515720e-01, 1.74682929e-01, 5.17988300e-02, 6.93303588e-01,        8.77278745e-01, 8.88458898e-01],       [1.85598488e-01, 1.26902066e-01, 6.71017532e-01, 6.45017250e-01,        9.27760183e-02, 3.57908259e-01],       [2.01708957e-01, 8.29061292e-02, 8.48375612e-01, 6.23075321e-01,        9.95790007e-02, 3.44432721e-01],       [1.11947662e-01, 0.00000000e+00, 9.70448740e-01, 7.36930709e-01,        2.55541897e-01, 0.00000000e+00],       [4.22675447e-01, 5.47322275e-02, 4.65038056e-01, 2.05303947e-01,        2.67875678e-01, 8.55299188e-01],       [1.60798131e-01, 9.98426577e-02, 8.23977488e-01, 6.29940149e-01,        9.80299609e-02, 3.73859346e-01],       [2.42762071e-01, 8.03858453e-02, 8.29376726e-01, 6.16962837e-01,        4.29673348e-02, 3.40362262e-01],       [1.13419224e-01, 1.24680204e-01, 8.02823286e-01, 6.39255403e-01,        3.82670855e-02, 3.60107946e-01],       [4.05163029e-02, 4.55912331e-01, 1.94868349e-01, 2.48839234e-01,        7.53792426e-01, 3.08739954e-01],       [1.38080167e-01, 1.17576815e-01, 8.03038345e-01, 6.20449747e-01,        1.23770026e-01, 3.94418470e-01],       [1.82166887e-01, 1.15149832e-01, 1.00000000e+00, 5.81099428e-01,        1.35092034e-01, 3.77571603e-01],       [1.33628767e-01, 1.00727124e-01, 8.33378710e-01, 6.19329534e-01,        1.88684110e-01, 3.92334891e-01],       [9.82906459e-01, 3.05303786e-01, 2.67159332e-01, 5.88744856e-01,        5.14709279e-01, 8.07058414e-03],       [1.70610963e-01, 9.59648918e-02, 8.24583698e-01, 6.32364356e-01,        8.56765094e-02, 3.66033598e-01],       [2.07998053e-01, 1.00889152e-01, 8.17862243e-01, 6.27993467e-01,        8.85891788e-02, 3.45695688e-01],       [1.89110990e-01, 8.93845938e-02, 8.06352124e-01, 6.33940593e-01,        8.44140731e-02, 3.55068473e-01],       [9.80314855e-01, 6.13281357e-01, 8.26795100e-01, 8.80731898e-01,        4.49794683e-01, 7.00808998e-02],       [1.95794427e-01, 1.16312921e-01, 8.31322864e-01, 6.20984488e-01,        1.03362064e-01, 3.70692783e-01],       [2.07577499e-01, 8.76234359e-02, 9.09493285e-01, 6.15022920e-01,        1.19223681e-01, 3.52600196e-01],       [1.78020764e-01, 1.10765578e-01, 8.32613653e-01, 6.24525517e-01,        1.22398284e-01, 3.76289577e-01],       [6.10911468e-02, 4.26690175e-01, 3.81436719e-01, 8.82167108e-01,        6.55291583e-01, 8.71565768e-01],       [1.96861823e-01, 1.31482482e-01, 7.45501921e-01, 6.34766588e-01,        7.96836198e-02, 3.49342348e-01],       [1.96161030e-01, 1.00778753e-01, 8.01335401e-01, 6.29808302e-01,        9.27906844e-02, 3.58837916e-01],       [1.73976311e-01, 9.97086158e-02, 8.27118211e-01, 6.25462304e-01,        1.29718031e-01, 3.63886835e-01],       [7.82879340e-01, 4.21714794e-01, 4.02011996e-03, 5.85779563e-01,        1.01673028e-01, 4.84503149e-01],       [1.76458231e-01, 9.56959787e-02, 8.49486783e-01, 6.29533172e-01,        8.86348676e-02, 3.69632717e-01],       [1.32677063e-01, 9.40104412e-02, 8.63288664e-01, 6.33556573e-01,        1.07738571e-01, 3.80425908e-01],       [1.93493807e-01, 1.03009006e-01, 8.32092260e-01, 6.30122643e-01,        6.35612652e-02, 3.58296743e-01],       [5.16323851e-03, 3.52144055e-01, 5.01621604e-01, 5.45589201e-01,        4.46544154e-01, 3.28813935e-01],       [1.97657789e-01, 9.96664757e-02, 8.41885282e-01, 6.28438546e-01,        7.51334403e-02, 3.57880397e-01],       [2.65785508e-01, 1.10938861e-01, 8.28614284e-01, 6.18128640e-01,        5.74904251e-02, 3.28935231e-01],       [1.99055548e-01, 1.04067509e-01, 8.31903387e-01, 6.30230898e-01,        5.78432936e-02, 3.54709887e-01],       [8.28943411e-01, 3.34624419e-01, 1.68844763e-01, 7.64288663e-01,        5.14061437e-01, 9.43749889e-02],       [1.90243314e-01, 1.03922723e-01, 8.30837452e-01, 6.29803278e-01,        7.53503847e-02, 3.56883397e-01],       [1.59868437e-01, 1.03887896e-01, 8.29465430e-01, 6.37678005e-01,        7.73997782e-02, 3.55731446e-01],       [1.99610466e-01, 1.07798169e-01, 8.21972605e-01, 6.31243363e-01,        5.70276665e-02, 3.52354248e-01],       [4.43796045e-01, 7.08978133e-01, 1.36230378e-01, 5.64860319e-02,        7.01848657e-01, 3.38944789e-01],       [1.71550645e-01, 9.82694924e-02, 8.32759757e-01, 6.31394205e-01,        8.20348872e-02, 3.53374740e-01],       [1.74019982e-01, 9.81667395e-02, 8.31103906e-01, 6.24864414e-01,        8.93974518e-02, 3.73105832e-01],       [1.25661465e-01, 1.08567881e-01, 8.15121378e-01, 6.48871791e-01,        1.03400686e-01, 3.82504972e-01],       [2.53856560e-01, 1.50544392e-01, 3.46898952e-01, 1.21045055e-01,        1.41362088e-01, 3.77087950e-01],       [1.75083049e-01, 9.26723404e-02, 8.41842647e-01, 6.30869678e-01,        8.95353397e-02, 3.89139454e-01],       [2.10635884e-01, 9.99404002e-02, 8.09767333e-01, 6.18172404e-01,        8.35805196e-02, 3.94373097e-01],       [1.38281050e-01, 7.99063419e-02, 8.79866751e-01, 6.20388079e-01,        8.14781462e-02, 3.99381693e-01],       [1.23575937e-01, 5.79723757e-01, 6.59254570e-01, 1.85494085e-01,        1.29485920e-01, 5.91639764e-01],       [2.55352475e-01, 1.56410304e-01, 7.07278220e-01, 6.31946113e-01,        1.60188672e-01, 3.91262930e-01],       [2.62414923e-01, 1.04433331e-01, 7.65335946e-01, 6.17504852e-01,        9.09342547e-02, 3.57786207e-01],       [1.95244621e-01, 9.44350145e-02, 8.30144757e-01, 6.29618866e-01,        1.01361203e-01, 3.80477872e-01],       [6.41584005e-01, 8.53769503e-01, 1.82543624e-01, 7.32479368e-01,        9.73592927e-01, 5.56746976e-01],       [1.72561772e-01, 9.52249147e-02, 8.38746325e-01, 6.25252624e-01,        9.51305048e-02, 3.74536857e-01],       [1.18258158e-01, 9.56593382e-02, 8.61362097e-01, 6.28374968e-01,        9.85401945e-02, 3.83710320e-01],       [1.86504147e-01, 9.94976068e-02, 8.27651959e-01, 6.22839776e-01,        9.05215345e-02, 3.74731108e-01],       [8.48648571e-01, 2.62818654e-01, 3.34540003e-02, 9.90375738e-01,        4.13188371e-01, 9.36440249e-01],       [1.71918233e-01, 9.82200239e-02, 8.24181408e-01, 6.31652379e-01,        9.17950787e-02, 3.63842294e-01],       [2.01249662e-01, 9.76607425e-02, 8.42280120e-01, 6.18486768e-01,        9.26287868e-02, 3.70038408e-01],       [2.09140501e-01, 8.30422767e-02, 8.37763139e-01, 6.36776406e-01,        7.07605412e-02, 3.59286510e-01],       [9.17529608e-01, 9.28397205e-01, 7.49993164e-01, 3.98109618e-01,        2.53444259e-01, 7.43443297e-01],       [1.39796103e-01, 1.10953989e-01, 8.04085043e-01, 6.62751600e-01,        7.37904962e-02, 3.48145897e-01],       [2.29786643e-01, 8.97513842e-02, 8.26319849e-01, 6.30580636e-01,        7.47083322e-02, 3.58760787e-01],       [8.92821785e-02, 1.28854914e-01, 7.84183842e-01, 6.91818361e-01,        7.04014144e-02, 3.60840814e-01],       [9.40079876e-01, 3.65308169e-01, 7.47806017e-01, 9.59246759e-01,        3.05421198e-02, 2.01961466e-01],       [1.59430518e-01, 9.54540323e-02, 8.38570733e-01, 6.33240778e-01,        9.31246334e-02, 3.72786231e-01],       [1.67945488e-01, 9.22248845e-02, 8.23063775e-01, 6.33127636e-01,        1.01811381e-01, 3.74851569e-01],       [1.73462758e-01, 9.32823100e-02, 8.46383027e-01, 6.31414640e-01,        7.17860306e-02, 3.71517542e-01],       [9.83694251e-01, 1.22610775e-01, 4.28817986e-01, 1.18048905e-02,        7.09465488e-01, 1.35038332e-01],       [1.65125296e-01, 9.87732740e-02, 8.26640600e-01, 6.33551194e-01,        9.18703533e-02, 3.58259797e-01],       [1.90574055e-01, 1.01532433e-01, 7.97232871e-01, 6.27858130e-01,        1.01194578e-01, 3.75214564e-01],       [2.83900967e-01, 1.30169764e-01, 6.61330321e-01, 5.90909611e-01,        5.40131435e-02, 3.80335779e-01],       [1.66406298e-01, 1.10690256e-02, 3.20949478e-01, 4.11591338e-01,        6.40138433e-01, 6.16153172e-01],       [1.79647228e-01, 1.06858055e-01, 7.99373845e-01, 6.22216756e-01,        1.18789204e-01, 3.82219676e-01],       [1.89607860e-01, 1.06706151e-01, 7.83294996e-01, 6.26383880e-01,        9.96525710e-02, 3.82723192e-01],       [2.07304783e-01, 9.33138329e-02, 7.71668141e-01, 6.34178914e-01,        1.20273166e-01, 3.84746492e-01],       [7.59436195e-01, 7.22929126e-02, 4.38364226e-01, 7.69920936e-01,        6.70743916e-02, 6.38209227e-01],       [1.95725764e-01, 1.11387400e-01, 7.51946927e-01, 6.26991167e-01,        1.26658440e-01, 3.92146534e-01]])
all_costs=array([-1.11160466, -1.04761905, -1.0981898 , -1.06773333, -1.06432749,       -1.03249097, -1.03462532, -1.08157753, -1.05202312, -1.05091864,       -1.06546035, -1.03676851, -1.02824859, -1.05423907, -1.04871661,       -1.03462532, -1.05758056, -1.03249097, -1.04108164, -1.08627238,       -1.08041015, -1.10791367, -1.03676851, -1.07808293, -1.08041015,       -1.11906093, -1.06432749, -1.10181618, -1.09939594, -1.0981898 ,       -1.07576572, -1.1030303 , -1.04108164, -1.09939594, -1.09219858,       -1.12408759, -1.08627238, -1.10668878, -1.08041015, -1.08391987,       -1.07924528, -1.06773333, -1.04325169, -1.08391987, -1.10060473,       -1.12535132, -1.08041015, -1.1030303 , -1.12156863, -1.05758056,       -1.06887347, -1.14074074, -1.08745247, -1.0969863 , -1.04434011,       -1.10546659, -1.09578544, -1.1030303 , -1.04108164, -1.11906093,       -1.13814667, -1.1103716 , -1.08391987, -1.12031337, -1.08745247,       -1.12156863, -1.07461084, -1.10914127, -1.1228267 , -1.10791367,       -1.07230852, -1.13171283, -1.11656442, -1.13556438, -1.03249097,       -1.11656442, -1.09578544, -1.13814667, -1.09458721, -1.0981898 ,       -1.13814667, -1.09939594, -1.07924528, -1.1042471 , -1.13944223,       -1.09219858, -1.10546659, -1.12408759, -1.12156863, -1.08157753,       -1.0981898 , -1.04981647, -1.10546659, -1.11781128, -1.04871661,       -1.11781128, -1.10181618, -1.10914127, -1.04434011, -1.11656442,       -1.12031337, -1.12788732, -1.04216554, -1.09458721, -1.10060473,       -1.09458721, -1.04652378, -1.0981898 , -1.12788732, -1.1042471 ,       -1.07230852, -1.12408759, -1.14074074, -1.08863513, -1.04761905,       -1.12156863, -1.12408759, -1.13299377, -1.11656442, -1.13556438])
all_uncers=array([1.e-08, 1.e-08, 1.e-08, 1.e-08, 1.e-08, 1.e-08, 1.e-08, 1.e-08,       1.e-08, 1.e-08, 1.e-08, 1.e-08, 1.e-08, 1.e-08, 1.e-08, 1.e-08,       1.e-08, 1.e-08, 1.e-08, 1.e-08, 1.e-08, 1.e-08, 1.e-08, 1.e-08,       1.e-08, 1.e-08, 1.e-08, 1.e-08, 1.e-08, 1.e-08, 1.e-08, 1.e-08,       1.e-08, 1.e-08, 1.e-08, 1.e-08, 1.e-08, 1.e-08, 1.e-08, 1.e-08,       1.e-08, 1.e-08, 1.e-08, 1.e-08, 1.e-08, 1.e-08, 1.e-08, 1.e-08,       1.e-08, 1.e-08, 1.e-08, 1.e-08, 1.e-08, 1.e-08, 1.e-08, 1.e-08,       1.e-08, 1.e-08, 1.e-08, 1.e-08, 1.e-08, 1.e-08, 1.e-08, 1.e-08,       1.e-08, 1.e-08, 1.e-08, 1.e-08, 1.e-08, 1.e-08, 1.e-08, 1.e-08,       1.e-08, 1.e-08, 1.e-08, 1.e-08, 1.e-08, 1.e-08, 1.e-08, 1.e-08,       1.e-08, 1.e-08, 1.e-08, 1.e-08, 1.e-08, 1.e-08, 1.e-08, 1.e-08,       1.e-08, 1.e-08, 1.e-08, 1.e-08, 1.e-08, 1.e-08, 1.e-08, 1.e-08,       1.e-08, 1.e-08, 1.e-08, 1.e-08, 1.e-08, 1.e-08, 1.e-08, 1.e-08,       1.e-08, 1.e-08, 1.e-08, 1.e-08, 1.e-08, 1.e-08, 1.e-08, 1.e-08,       1.e-08, 1.e-08, 1.e-08, 1.e-08, 1.e-08, 1.e-08, 1.e-08, 1.e-08])
bad_run_indexs=[]
best_cost=-1.1407407407407408
best_params=array([0.16079813, 0.09984266, 0.82397749, 0.62994015, 0.09802996,       0.37385935])
best_index=51
worst_cost=-1.0282485875706215
worst_index=12
cost_range=0.11249215317011929
costs_count=120
params_count=90
cost_scaler_init_index=3
net_0={'last_hyperfit': 0, 'last_net_reg': 1e-08, 'regularization_history': [1e-08], 'losses_list': [0.90814996, 0.037553005, 0.018997634, 0.008897422, 0.0039083865, 0.0011117454, 0.0002748895, 7.84799e-05, 4.293669e-05, 2.8150906e-05, 1.4184091e-05, 4.562847e-06, 1.2458258e-06, 9.745871e-07, 8.6206865e-07, 6.1800876e-07, 5.4722e-07, 5.460664e-07, 5.400332e-07, 5.394885e-07, 5.387401e-07, 5.3823726e-07, 5.3829183e-07, 5.382555e-07, 5.382367e-07, 5.382329e-07, 5.3823226e-07, 5.382318e-07, 5.3823175e-07, 5.382317e-07, 2.6283717, 0.075504825, 0.028457843, 0.014503151, 0.0050047813, 0.0013300577, 0.00069642486, 0.00021165844, 5.237706e-05, 1.9367379e-05, 2.6213431e-06, 1.7487532e-06, 8.036322e-07, 8.6469265e-07, 7.011539e-07, 5.854245e-07, 0.4561825, 0.121792056, 0.017929029, 0.0046295626, 0.0025039467, 0.0002620687, 0.00019341936, 5.6293025e-05, 1.6466996e-05, 1.3205125e-05, 4.549663e-06, 2.4138214e-06, 1.2221215e-06, 7.477562e-07, 6.117829e-07, 5.5852416e-07, 1.042599, 0.23185743, 0.11050165, 0.037429247, 0.0033295925, 0.0019126614, 0.0010794468, 7.060184e-05, 0.00011065404, 4.5996974e-05, 3.900248e-06, 7.1899285e-06, 1.6950892e-06, 9.409781e-07, 8.104928e-07, 5.680627e-07, 5.6336e-07, 5.5164384e-07, 0.4605454, 0.39085332, 0.19988494, 0.13047002, 0.07466908, 0.08960349, 0.031856295, 0.013741107, 0.015227354, 0.004897274, 0.002206316, 0.003162886, 0.00070672826, 0.00015485856, 0.00017982622, 0.00011249541, 0.13659188, 0.050149422, 0.041028555, 0.034384556, 0.028171116, 0.02294459, 0.015628006, 0.010711385, 0.0073525053, 0.0057489793, 0.0024066337, 0.0016976502, 0.0005369034, 0.00025193993, 0.000104758925, 4.774905e-05, 4.4569682e-05, 2.3755267e-05, 5.3125164e-06, 4.361574e-06, 1.3104403e-06, 9.706807e-07, 6.0631453e-07, 5.7090205e-07, 0.2522632, 0.054362558, 0.025884816, 0.011337113, 0.0065939776, 0.003740088, 0.00092232984, 0.00047640692, 0.0005014749, 0.00012998658, 0.0549761, 0.00959007, 0.003598313, 0.0009902414, 9.590953e-05, 7.2013245e-05, 3.3449258e-05, 4.884922e-06, 2.690851e-06, 2.6410537e-06, 3.5036956e-06, 8.4972453e-07, 9.284254e-07, 7.5006284e-07, 0.19385536, 0.13740319, 0.05062571, 0.031101974, 0.04010692, 0.07368452, 0.0081949765, 0.016189663, 0.07140029, 0.011120468, 0.008905747, 0.0041148616, 0.0027224056, 0.0018736568, 0.001557382, 0.0011419787, 0.12515117, 0.025942411, 0.015108477, 0.007205404, 0.0047499267, 0.002956598, 0.002117208, 0.00082844513, 0.00065352814, 0.0003125213, 0.0010017474, 8.700557e-05, 3.2225653e-05, 4.009263e-05, 1.3259682e-05, 5.448342e-06, 0.07762057, 0.04043434, 0.030592946, 0.023970746, 0.019324966, 0.011719461, 0.007357645, 0.004081558, 0.0018861113, 0.0006241964, 0.0023273656, 0.00029831627, 0.06345624, 0.049202673, 0.018414339, 0.006323029, 0.0024364442, 0.0023669172, 0.00074018614, 0.0019180571, 0.00716273, 0.0033925758, 0.0022945763, 0.0021281922, 0.0014703381, 0.001413763, 0.0007899291, 0.00087874755, 0.000701531, 0.00030040837, 0.0013384643, 0.0005282733, 0.043241322, 0.016991774, 0.0096267555, 0.019923203, 0.0068541556, 0.0051213736, 0.0036029962, 0.003371664, 0.002287519, 0.0033834658, 0.0016510248, 0.014442715, 0.033024173, 0.021278702, 0.017719096, 0.009908538, 0.009135988, 0.0072775665, 0.06231588, 0.17919308, 0.04753017, 0.016132182, 0.009888919, 0.009523438, 0.046604563, 0.01544293, 0.013361066, 0.016224315, 0.014699918, 0.010286639, 0.008510527, 0.008082431, 0.044895645, 0.014876753, 0.013865098, 0.013775199, 0.05940122, 0.05281013, 0.09714993, 0.056854904, 0.050417956, 0.085054986, 0.059448667, 0.04584542, 0.04476303, 0.046542563, 0.110026844, 0.043118577, 0.044909164, 0.042365044, 0.058493216, 0.04625598, 0.051962923, 0.043734908, 0.06549092, 0.05236771, 0.054246526, 0.04798966, 0.059382904, 0.057099197, 0.064306945, 0.13413608, 0.06621483, 0.056699906, 0.05325285, 0.0539413, 0.059957087, 0.04788672, 0.048276555, 0.044713333], 'scaler_samples': (array([[0.23114199, 0.0593724 , 0.90825848, 0.64475669, 0.05819628,        0.38439666],       [0.59824051, 0.29637767, 0.09563691, 0.63498486, 0.6084898 ,        0.04407746],       [0.9221586 , 0.18467439, 0.14034221, 0.50593904, 0.08771807,        0.45500807]]), array([-1.11160466, -1.04761905, -1.0981898 ])), 'net': {'saver_path': './M-LOOP_archives/./neural_net_archive_2022-10-23_16-00_1iDp93Ws.ckpt'}}
net_1={'last_hyperfit': 0, 'last_net_reg': 1e-08, 'regularization_history': [1e-08], 'losses_list': [2.2238405, 0.075707406, 0.011459799, 0.015871271, 0.005481362, 0.0023937984, 0.0012876298, 0.00029750844, 0.00013307354, 5.816928e-05, 1.2218165e-05, 2.5583213e-06, 1.498643e-06, 9.624223e-07, 7.1309694e-07, 6.1575514e-07, 5.623339e-07, 5.4349056e-07, 5.416499e-07, 5.401571e-07, 5.3860686e-07, 5.3829393e-07, 5.3831866e-07, 5.382913e-07, 5.382772e-07, 5.382709e-07, 5.382701e-07, 5.3826926e-07, 5.382692e-07, 5.3827e-07, 1.6523514, 0.06407355, 0.016543182, 0.015257948, 0.0040310854, 0.0009088686, 0.00044765946, 9.517484e-05, 5.3461274e-05, 3.3165065e-06, 6.8112336e-06, 1.977796e-06, 7.5755696e-07, 8.2961367e-07, 6.001144e-07, 5.4248267e-07, 0.724444, 0.1832243, 0.06481855, 0.003522578, 0.0049569914, 0.0009281232, 0.00015230583, 0.00013068393, 4.4409244e-05, 1.5021369e-05, 8.156064e-06, 1.647825e-06, 1.2456387e-06, 7.8203425e-07, 6.1153196e-07, 5.815715e-07, 1.860367, 0.28018716, 0.1272376, 0.047114607, 0.014448034, 0.0013589233, 0.0014752742, 0.00044891826, 0.00012934272, 4.7363126e-05, 1.872137e-05, 8.651133e-06, 2.1193257e-06, 1.3207937e-06, 8.1113706e-07, 6.6046476e-07, 5.506383e-07, 5.570845e-07, 0.24708058, 0.40037844, 0.32470462, 0.38957366, 0.1091876, 0.09421193, 0.07717774, 0.057535075, 0.037282735, 0.031144414, 0.025723452, 0.009893409, 0.012594563, 0.005272728, 0.0037323583, 0.0018591798, 0.0011574771, 0.00040881353, 0.00022188223, 0.00017009584, 7.787361e-05, 5.006547e-05, 0.1323254, 0.05892843, 0.038466707, 0.027577713, 0.019546885, 0.012307028, 0.0069260336, 0.0051300055, 0.0038859725, 0.003950879, 0.17501651, 0.061054394, 0.039909508, 0.02626318, 0.018838655, 0.014941094, 0.016695604, 0.0093628075, 0.007939277, 0.0063376264, 0.005085607, 0.003251837, 0.0023947607, 0.0015511834, 0.00096620806, 0.0007831484, 0.00081174244, 0.00037458874, 0.00013387768, 7.5141565e-05, 5.5797944e-05, 2.5232433e-05, 4.0577226e-05, 3.5434456e-05, 0.05739566, 0.024054423, 0.009177922, 0.0041844174, 0.0023757152, 0.0014098258, 0.00083557976, 0.0005225455, 0.00033699974, 0.00017776978, 0.000109302484, 6.86417e-05, 4.7090456e-05, 3.9004215e-05, 1.8132148e-05, 1.32152345e-05, 9.609312e-06, 4.919176e-06, 3.3501265e-06, 2.328842e-06, 1.9450426e-06, 1.3898007e-06, 1.0740404e-06, 8.758205e-07, 7.470928e-07, 6.549681e-07, 0.2715112, 0.23698525, 0.13399994, 0.062435996, 0.04946478, 0.04618956, 0.017413775, 0.010695501, 0.008432232, 0.0035325105, 0.003685048, 0.0016534188, 0.0021082081, 0.0009843315, 0.0807621, 0.032434337, 0.026463117, 0.021346318, 0.016495282, 0.010974002, 0.0073393183, 0.0044455105, 0.0023343568, 0.0020969103, 0.22528118, 0.040155545, 0.01680486, 0.009763622, 0.00740619, 0.0051915282, 0.002799493, 0.0015920226, 0.0010087037, 0.0005902096, 0.00034245808, 0.00020256064, 0.0001203639, 6.953761e-05, 5.9105318e-05, 2.9245464e-05, 1.3488066e-05, 6.457257e-06, 4.553969e-06, 2.648838e-06, 1.7768639e-06, 1.1167708e-06, 9.697767e-07, 9.4531134e-07, 0.06960978, 0.02328303, 0.015207197, 0.008999879, 0.0079521425, 0.0043928106, 0.00319088, 0.00088466756, 0.00034652828, 9.2855735e-05, 9.3681745e-05, 3.116986e-05, 0.00011717175, 0.00010678718, 0.00018905873, 2.7504617e-05, 7.2162384e-06, 2.3807024e-06, 2.2931993e-06, 4.384609e-06, 0.010226584, 0.08658147, 0.093728326, 0.030379817, 0.01900838, 0.006760255, 0.0021392878, 0.0013570802, 0.000859253, 0.0007410651, 0.00039850044, 0.00041416692, 0.07629999, 0.011713277, 0.004937566, 0.0026952615, 0.0019937614, 0.0017213954, 0.014029753, 0.008767308, 0.0042868555, 0.0037353241, 0.002813599, 0.0023581474, 0.002846251, 0.0019329541, 0.0014199715, 0.003146753, 0.08785792, 0.052041475, 0.078685276, 0.03138028, 0.035651684, 0.013268761, 0.019423509, 0.008371775, 0.0074718366, 0.0078144185, 0.016560148, 0.010145121, 0.009763035, 0.008086665, 0.053431284, 0.024883894, 0.018682243, 0.019802984, 0.011712591, 0.012218808, 0.12165225, 0.07846897, 0.07835221, 0.053150713, 0.04487279, 0.042928953, 0.06483341, 0.042933986, 0.042825334, 0.04017476, 0.108415306, 0.04585402, 0.04241604, 0.0425355, 0.0624599, 0.09094287, 0.0957127, 0.052879356, 0.04576737, 0.04746693, 0.06270895, 0.057469185, 0.05247555, 0.051996887, 0.058839604, 0.05313205, 0.05366243, 0.04954098, 0.050063226, 0.056101266, 0.05991961, 0.05143303, 0.044841528, 0.048523597], 'scaler_samples': (array([[0.23114199, 0.0593724 , 0.90825848, 0.64475669, 0.05819628,        0.38439666],       [0.59824051, 0.29637767, 0.09563691, 0.63498486, 0.6084898 ,        0.04407746],       [0.9221586 , 0.18467439, 0.14034221, 0.50593904, 0.08771807,        0.45500807]]), array([-1.11160466, -1.04761905, -1.0981898 ])), 'net': {'saver_path': './M-LOOP_archives/./neural_net_archive_2022-10-23_16-00_SxjzX6GZ.ckpt'}}
net_2={'last_hyperfit': 0, 'last_net_reg': 1e-08, 'regularization_history': [1e-08], 'losses_list': [0.8616324, 0.12713306, 0.040973984, 0.004235077, 0.00049911306, 0.0013529147, 0.0006106322, 0.00015575728, 2.4462051e-05, 2.4570236e-06, 1.2620858e-06, 1.4438021e-06, 1.1428667e-06, 7.793483e-07, 6.190516e-07, 5.7075437e-07, 5.4839535e-07, 5.4203633e-07, 5.408141e-07, 5.404272e-07, 5.404978e-07, 5.4047354e-07, 5.40453e-07, 5.4043454e-07, 5.404268e-07, 5.4042516e-07, 5.4042516e-07, 5.4042505e-07, 5.4042494e-07, 5.404248e-07, 2.2073364, 0.42867616, 0.051946525, 0.03272767, 1.3475881, 0.15824305, 0.02286231, 0.012812495, 0.0026483806, 0.0012305997, 0.00033400042, 0.0001340711, 4.956479e-05, 1.1635435e-05, 7.2680696e-06, 1.5084943e-06, 1.1997504e-06, 6.883182e-07, 5.874641e-07, 5.6428894e-07, 1.497683, 0.30587792, 0.12054472, 0.062021658, 0.027730439, 0.006806793, 0.00073473126, 0.00043476498, 0.0003389814, 6.8679234e-05, 8.404968e-06, 1.01094865e-05, 5.8312635e-06, 1.4895675e-06, 7.0442155e-07, 7.299516e-07, 0.533497, 2.0176697, 0.14192584, 0.107417226, 0.067891166, 0.1239196, 0.070913695, 0.046945266, 0.043821424, 0.029860703, 0.105721146, 0.071874775, 0.060987737, 0.052459463, 0.041645806, 0.03429599, 0.029207349, 0.025450807, 0.022672722, 0.021065168, 0.017665807, 0.016012665, 0.013395569, 0.012197274, 0.008926662, 0.007533174, 0.079482056, 0.021784024, 0.012905641, 0.009196347, 0.0070211207, 0.0044930466, 0.0031613398, 0.0021459039, 0.0015120311, 0.00096718466, 0.00071424997, 0.00040505768, 0.0002529566, 0.00015756428, 9.9674144e-05, 5.614897e-05, 3.2592317e-05, 2.0249521e-05, 1.0705048e-05, 6.0054563e-06, 3.93666e-06, 2.2573415e-06, 1.4303292e-06, 1.0857029e-06, 7.7945737e-07, 7.426376e-07, 6.5324986e-07, 5.9891295e-07, 0.1458009, 0.1205524, 0.08692963, 0.031825922, 0.015216549, 0.034970585, 0.0069925417, 0.006085488, 0.004903169, 0.0014581566, 0.00064138696, 0.0015183777, 0.08688373, 0.02722775, 0.015630372, 0.011161834, 0.0068066064, 0.0048858495, 0.0030539408, 0.0017788872, 0.0015937081, 0.0018663211, 0.0008230185, 0.00045229538, 0.00047625878, 0.00024045072, 0.18209147, 0.051661875, 0.02664135, 0.011322901, 0.004485337, 0.0019128108, 0.0005734002, 0.00019072137, 6.399221e-05, 3.822589e-05, 0.036906432, 0.016155975, 0.01017063, 0.0070291194, 0.0053194263, 0.003801177, 0.004287903, 0.0045260387, 0.0020756866, 0.0012587784, 0.0007960443, 0.0006238135, 0.055726726, 0.03745696, 0.03498728, 0.007910809, 0.10187847, 0.009031897, 0.0027756055, 0.0015615203, 0.0008431464, 0.002082513, 0.049913798, 0.030479984, 0.020041654, 0.014031787, 0.00919953, 0.0096315285, 0.0059002545, 0.0065977485, 0.004832042, 0.0034032848, 0.0022874658, 0.002395392, 0.0014537415, 0.0013145235, 0.000916617, 0.0036148622, 0.12238231, 0.012449508, 0.0067416425, 0.005409377, 0.0045922925, 0.0046704425, 0.0034289523, 0.0022770944, 0.0018070807, 0.0012175081, 0.0011419104, 0.0006582765, 0.00070660794, 0.000553525, 0.0006730959, 0.0002638183, 0.03622944, 0.020819185, 0.013381227, 0.009079608, 0.039533015, 0.04150398, 0.05397039, 0.043049987, 0.048655335, 0.018910032, 0.013635777, 0.012352699, 0.015263979, 0.010062545, 0.009527292, 0.008899036, 0.02298283, 0.013505428, 0.01398677, 0.01182943, 0.053381175, 0.045905706, 0.072654456, 0.069153845, 0.06336508, 0.058696993, 0.09823287, 0.06718513, 0.057592113, 0.05727597, 0.095797434, 0.051574815, 0.044143803, 0.042845696, 0.04977134, 0.107452, 0.06631594, 0.05260275, 0.04813669, 0.04618639, 0.071125776, 0.048817463, 0.04576799, 0.041521274, 0.05486903, 0.048678413, 0.08034762, 0.06598877, 0.051580384, 0.07446705], 'scaler_samples': (array([[0.23114199, 0.0593724 , 0.90825848, 0.64475669, 0.05819628,        0.38439666],       [0.59824051, 0.29637767, 0.09563691, 0.63498486, 0.6084898 ,        0.04407746],       [0.9221586 , 0.18467439, 0.14034221, 0.50593904, 0.08771807,        0.45500807]]), array([-1.11160466, -1.04761905, -1.0981898 ])), 'net': {'saver_path': './M-LOOP_archives/./neural_net_archive_2022-10-23_16-00_da7U_Ole.ckpt'}}
