mloop_version='3.3.1'
archive_type='neural_net_learner'
num_params=2
min_boundary=array([0., 0.])
max_boundary=array([1., 1.])
start_datetime='2022-10-23_09-40'
param_names=['', '']
search_precision=1e-06
parameter_searches=10
bad_uncer_frac=0.1
trust_region=nan
has_trust_region=False
predict_global_minima_at_end=True
generation_num=3
update_hyperparameters=False
predicted_best_parameters=array([0.25430069, 0.100915  ])
predicted_best_scaled_cost=-2.0344152
predicted_best_cost=-2.8588717995712094
all_params=array([[0.23872606, 0.18889207],       [0.21527838, 0.05693329],       [0.35446822, 0.57404554],       [1.        , 0.10234388],       [1.        , 0.        ],       [0.22860399, 0.23934107],       [0.67743811, 0.18908183],       [0.26205798, 0.09762884],       [1.        , 0.58281301],       [0.2526816 , 0.15493012],       [0.6945875 , 0.24824594],       [0.28241068, 0.        ],       [0.65461744, 0.23540191],       [0.66606535, 0.21928135],       [0.90125911, 0.55090588],       [0.22732108, 0.1653866 ],       [0.23034815, 0.16840077],       [0.81267044, 0.18466687],       [0.77941911, 0.58892035],       [0.23709088, 0.19366042],       [0.23467597, 0.17121481],       [0.89568455, 1.        ],       [0.86295075, 0.82020521],       [0.24939133, 0.22959302],       [0.23441397, 0.13677811],       [0.82203789, 0.17350062],       [0.04593928, 0.20753511],       [0.23262943, 0.15711121],       [0.23519377, 0.14797862],       [0.        , 0.66721429],       [0.11318301, 0.67261047],       [1.        , 0.18218527],       [0.81003999, 0.26906069],       [1.        , 0.20070498],       [0.22560329, 0.72888881],       [0.26114798, 0.08602473],       [0.81255755, 0.2768477 ],       [0.23761228, 0.16855252],       [0.13628741, 0.57656792],       [0.25422396, 0.03629332],       [1.        , 0.29177873],       [1.        , 0.3239518 ],       [0.21335664, 0.32092397],       [0.83545048, 0.18302716],       [0.8305599 , 0.17853734],       [0.82521018, 0.20279047],       [0.27231503, 0.27797527],       [0.80402988, 0.17479777],       [0.78120556, 0.16878067],       [0.82934903, 0.17850689],       [0.29630281, 0.12432996],       [0.26152358, 0.07842158],       [0.01060997, 1.        ],       [0.75439486, 0.1825806 ],       [0.53888802, 0.32801692],       [0.8172066 , 0.17366567],       [0.81067165, 0.16502148],       [0.81436581, 0.1708676 ],       [0.99119395, 0.57998365],       [0.82699807, 0.155633  ],       [0.7736387 , 0.1759177 ],       [0.77886485, 0.15222583],       [0.11252572, 0.33329003],       [0.86949615, 0.14875495],       [0.37506336, 0.22177968],       [0.8945213 , 0.15524328],       [0.6501351 , 0.96371345],       [0.81690403, 0.17531967],       [0.81874806, 0.17816665],       [0.23334654, 0.17509625],       [0.01303132, 0.17184951],       [0.83354648, 0.17382954],       [0.79415041, 0.16489827],       [0.81990088, 0.17409071],       [0.85027067, 0.01306324],       [0.85758768, 0.11248825],       [0.83288562, 0.19352488],       [0.83242853, 0.15578235],       [0.62967899, 0.63192944],       [0.83737582, 0.17068478],       [0.80928762, 0.20383322],       [0.        , 0.01382568],       [0.16595087, 0.77148111],       [0.80269805, 0.16223013],       [0.78815767, 0.1933802 ],       [0.89132746, 0.15842035],       [0.42698736, 0.65197389],       [0.77362629, 0.16759592],       [0.76474011, 0.05398591],       [1.        , 0.0675122 ],       [0.17673834, 0.23132474],       [0.82458334, 0.16583826],       [0.84150273, 0.17503591],       [0.86823845, 0.17709147],       [0.83041958, 0.9276824 ],       [0.85270565, 0.15688835],       [0.81042113, 0.37337298],       [0.        , 0.15234455],       [0.94120761, 0.18044268],       [0.90468316, 0.1719093 ],       [0.83300902, 0.15442353],       [0.19200941, 0.26500141],       [0.36980164, 0.12218286],       [0.83683111, 0.17936383],       [0.86629987, 0.15226859],       [0.76702878, 0.19694175],       [0.56870995, 0.61669434],       [0.83315395, 0.15797204],       [0.87727956, 0.        ],       [0.84903849, 0.        ],       [0.18223747, 0.94586162],       [0.17777483, 0.20310248],       [0.17641394, 0.22268737],       [0.17383422, 0.21257412],       [0.82227796, 0.88282074],       [0.15908086, 1.        ],       [0.16325216, 1.        ],       [0.17702252, 1.        ],       [0.8276935 , 0.08969593],       [0.61920991, 0.16200355]])
all_costs=array([-2.73124147, -2.55683269, -2.35806832, -2.48079306, -2.14576635,       -2.40914561, -2.80785414, -2.61016949, -2.2121547 , -2.45644172,       -2.65869854, -2.29850746, -2.16432432, -2.6728972 , -2.84779516,       -2.45644172, -2.89725036, -3.06584992, -2.3198146 , -2.64464993,       -2.86409156, -2.28278221, -2.48695652, -2.26727067, -2.68724832,       -2.72380952, -2.35806832, -2.74622771, -2.74622771, -2.24691358,       -2.57657658, -2.73124147, -3.03793627, -2.68005355, -2.35806832,       -2.97473997, -2.77669903, -2.65165563, -2.46248462, -2.25704622,       -2.26727067, -2.17372421, -2.61016949, -2.70175439, -3.07526882,       -2.51823899, -2.39187575, -2.88888889, -3.08474576, -2.70175439,       -2.66577896, -2.33605601, -2.56996149, -2.62385321, -2.46248462,       -2.88057554, -3.00149925, -3.13302034, -2.77669903, -3.16271722,       -2.48079306, -2.55683269, -2.65869854, -2.76137931, -2.34701055,       -2.49937578, -2.39760479, -2.98360656, -2.99252616, -2.40914561,       -3.00149925, -2.69448183, -2.55031847, -3.04718417, -2.99252616,       -2.86409156, -2.58322581, -2.81575246, -2.23687151, -3.08474576,       -2.42666667, -2.33605601, -2.69448183, -2.83971631, -2.72380952,       -2.82369535, -2.30379747, -2.84779516, -2.19277108, -2.22197558,       -2.93118594, -2.90566038, -2.88888889, -2.68724832, -2.29850746,       -2.71641791, -2.73124147, -2.44444444, -2.99252616, -2.37485172,       -2.8723099 , -2.51823899, -2.5119197 , -2.71641791, -2.81575246,       -2.38617402, -2.52459016, -2.70906631, -2.45644172, -2.288     ,       -2.93979442, -2.53097345, -2.40914561, -2.83971631, -2.36363636,       -2.68005355, -2.52459016, -2.55683269, -2.39760479, -2.73124147])
all_uncers=array([1.e-08, 1.e-08, 1.e-08, 1.e-08, 1.e-08, 1.e-08, 1.e-08, 1.e-08,       1.e-08, 1.e-08, 1.e-08, 1.e-08, 1.e-08, 1.e-08, 1.e-08, 1.e-08,       1.e-08, 1.e-08, 1.e-08, 1.e-08, 1.e-08, 1.e-08, 1.e-08, 1.e-08,       1.e-08, 1.e-08, 1.e-08, 1.e-08, 1.e-08, 1.e-08, 1.e-08, 1.e-08,       1.e-08, 1.e-08, 1.e-08, 1.e-08, 1.e-08, 1.e-08, 1.e-08, 1.e-08,       1.e-08, 1.e-08, 1.e-08, 1.e-08, 1.e-08, 1.e-08, 1.e-08, 1.e-08,       1.e-08, 1.e-08, 1.e-08, 1.e-08, 1.e-08, 1.e-08, 1.e-08, 1.e-08,       1.e-08, 1.e-08, 1.e-08, 1.e-08, 1.e-08, 1.e-08, 1.e-08, 1.e-08,       1.e-08, 1.e-08, 1.e-08, 1.e-08, 1.e-08, 1.e-08, 1.e-08, 1.e-08,       1.e-08, 1.e-08, 1.e-08, 1.e-08, 1.e-08, 1.e-08, 1.e-08, 1.e-08,       1.e-08, 1.e-08, 1.e-08, 1.e-08, 1.e-08, 1.e-08, 1.e-08, 1.e-08,       1.e-08, 1.e-08, 1.e-08, 1.e-08, 1.e-08, 1.e-08, 1.e-08, 1.e-08,       1.e-08, 1.e-08, 1.e-08, 1.e-08, 1.e-08, 1.e-08, 1.e-08, 1.e-08,       1.e-08, 1.e-08, 1.e-08, 1.e-08, 1.e-08, 1.e-08, 1.e-08, 1.e-08,       1.e-08, 1.e-08, 1.e-08, 1.e-08, 1.e-08, 1.e-08, 1.e-08, 1.e-08])
bad_run_indexs=[]
best_cost=-3.1627172195892586
best_params=array([0.82699807, 0.155633  ])
best_index=59
worst_cost=-2.1457663451232585
worst_index=4
cost_range=1.016950874466
costs_count=120
params_count=90
cost_scaler_init_index=3
net_0={'last_hyperfit': 0, 'last_net_reg': 1e-08, 'regularization_history': [1e-08], 'losses_list': [9.23777, 0.6026752, 0.17890473, 0.034143515, 0.012105542, 0.0018251883, 0.0024048851, 0.00045781623, 0.00014227438, 5.4265292e-05, 3.0576586e-05, 4.068928e-06, 5.335701e-06, 1.0689516e-06, 1.2269913e-06, 6.797253e-07, 6.119367e-07, 5.703818e-07, 5.550759e-07, 5.520254e-07, 5.512781e-07, 5.505929e-07, 5.501965e-07, 5.502312e-07, 5.501883e-07, 5.5019075e-07, 5.501872e-07, 5.501865e-07, 5.5018626e-07, 5.5018614e-07, 7.9036217, 1.2863894, 0.6192319, 0.362755, 0.18619192, 0.073275715, 0.03713872, 0.010510483, 0.002593681, 0.00026229993, 0.000146676, 0.00017516235, 3.8527152e-05, 3.5834432e-06, 5.2747623e-06, 1.988448e-06, 8.590986e-07, 7.763293e-07, 1.8476225, 0.33513275, 0.23988958, 0.18759528, 0.13321424, 0.06999357, 0.016922092, 0.00047228893, 0.0022857438, 0.00055784924, 2.9347972e-05, 0.00010084225, 2.9262168, 1.0373306, 0.8956948, 0.82655275, 2.152795, 13.460122, 1.9170693, 1.7091626, 1.5956355, 1.4440434, 1.290298, 1.1845963, 1.2628946, 1.0647004, 0.9348278, 0.90206933, 1.1193106, 1.1676524, 1.2586966, 1.1920031, 0.9749063, 0.9465576, 1.8036318, 1.2236594, 1.0858742, 0.9809014, 1.0560924, 0.9507715, 0.8892587, 1.2207229, 1.3501004, 1.1712154, 1.0854768, 1.0750127, 1.2482138, 1.1940117, 1.4353144, 1.7742455, 1.5824083, 1.4341584, 1.5450852, 1.4401909, 1.8094231, 1.5313894, 1.6400186, 1.7407117, 1.475173, 1.532088, 1.5271808, 1.4296736, 1.4048903, 1.4127903, 1.3065991, 1.5616776, 1.5681396, 1.5967718, 1.3838179, 1.2654276, 1.2835419, 1.2181894, 1.3031671, 1.4000087, 1.5796483, 1.2506189, 1.1955683, 1.1699554, 1.1735368, 1.1644335], 'scaler_samples': (array([[0.23872606, 0.18889207],       [0.21527838, 0.05693329],       [0.35446822, 0.57404554]]), array([-2.73124147, -2.55683269, -2.35806832])), 'net': {'saver_path': './M-LOOP_archives/./neural_net_archive_2022-10-23_09-40__Zuk8u6z.ckpt'}}
net_1={'last_hyperfit': 0, 'last_net_reg': 1e-08, 'regularization_history': [1e-08], 'losses_list': [0.596871, 0.046962593, 0.011918818, 0.0036309524, 0.0026297625, 0.0008681395, 0.00013717274, 4.5049557e-05, 3.8181093e-05, 1.8075843e-05, 6.2441213e-06, 2.0380903e-06, 8.954095e-07, 6.403769e-07, 5.596061e-07, 5.41322e-07, 5.3672545e-07, 5.3270463e-07, 5.327182e-07, 5.322673e-07, 5.321195e-07, 5.3206264e-07, 5.320379e-07, 5.3202297e-07, 5.3201666e-07, 5.320146e-07, 5.3201484e-07, 5.3201444e-07, 5.320143e-07, 5.320142e-07, 1.8564973, 1.0384754, 0.4197219, 0.2738562, 0.15763763, 0.06473031, 0.015703067, 0.0005886136, 0.0013986756, 6.921993e-05, 0.000105776846, 6.927258e-05, 3.3902028, 0.97243905, 0.5364066, 0.34851834, 0.19455956, 0.11548263, 0.06565854, 0.03269794, 0.011226239, 0.0028308374, 0.0038209215, 0.0016876564, 2.2476895, 1.0198497, 0.8894912, 0.768872, 0.69031507, 0.6361267, 2.9970872, 4.0407906, 2.1954615, 1.9864229, 1.7841172, 1.8624445, 1.7693684, 1.6284901, 1.3252834, 1.1996876, 1.4960109, 1.2424315, 1.3832444, 1.0954446, 0.98683035, 0.93813133, 1.5050046, 1.1796763, 1.0768968, 1.0114282, 1.0255616, 0.95250815, 1.1592149, 1.0396768, 1.5555564, 1.0721533, 0.98444855, 0.87661266, 0.8651869, 0.7902036, 1.1513362, 1.0192487, 1.611928, 1.595762, 1.2554817, 1.1300915, 1.5079304, 1.233563, 1.4997516, 1.2541381, 1.3308556, 1.5969939, 1.4446335, 1.2925242, 1.4683695, 1.3280739, 1.2385242, 1.192315, 1.23568, 1.3895302, 1.4309481, 1.2801776, 1.2935158, 1.1889604, 1.1079633, 1.0799303, 1.1753874, 1.1508743, 1.3717886, 1.4478304, 1.3873132, 1.1075909, 1.1045507, 1.0182688], 'scaler_samples': (array([[0.23872606, 0.18889207],       [0.21527838, 0.05693329],       [0.35446822, 0.57404554]]), array([-2.73124147, -2.55683269, -2.35806832])), 'net': {'saver_path': './M-LOOP_archives/./neural_net_archive_2022-10-23_09-40_kuuGUk4g.ckpt'}}
net_2={'last_hyperfit': 0, 'last_net_reg': 1e-08, 'regularization_history': [1e-08], 'losses_list': [1.4204417, 0.02471287, 0.016626313, 0.0030542754, 0.0044638077, 0.0019503091, 0.00063809095, 0.00031434157, 9.9172205e-05, 2.9496314e-05, 1.286556e-05, 4.3184023e-06, 1.0500464e-06, 5.6138776e-07, 6.179228e-07, 6.168943e-07, 5.7497795e-07, 5.5071075e-07, 5.465387e-07, 5.470987e-07, 5.467736e-07, 5.4646796e-07, 5.4644863e-07, 5.4643556e-07, 5.464245e-07, 5.4642084e-07, 5.4642004e-07, 5.464198e-07, 5.464198e-07, 5.464198e-07, 2.395491, 0.6860605, 0.5012339, 0.29457918, 0.233198, 0.094652206, 0.057576418, 0.016881887, 0.004954187, 0.000667757, 1.3491493, 0.54823864, 0.27436104, 0.11590423, 0.056337032, 0.01750308, 0.0014353186, 0.0022439868, 0.00033209828, 0.00012522352, 9.611841e-05, 3.5082721e-06, 1.2875396e-05, 2.7119545e-06, 1.3900255e-06, 1.0323963e-06, 5.9477253e-07, 6.34675e-07, 1.6714462, 0.82112247, 0.6848855, 0.5882156, 0.5254396, 0.47392762, 2.3076813, 2.2219105, 2.185916, 1.6369306, 1.6288927, 1.3416362, 1.4571047, 1.1319449, 0.9811623, 0.8967543, 2.2350152, 0.74691975, 0.70362407, 0.6993413, 0.9407209, 1.3237324, 1.049181, 0.9673129, 0.9048487, 0.83513093, 1.9033529, 1.1593894, 0.914582, 0.9181819, 0.8887365, 0.80300385, 1.1802665, 0.6764535, 0.8035902, 1.8256837, 1.4767448, 1.0212318, 1.0127983, 0.8630179, 0.82874227, 0.76681906, 1.0065049, 0.91323113, 1.3220963, 1.2599372, 1.3885216, 1.2178566, 1.2968508, 1.1407697, 1.3614129, 1.1768376, 1.42366, 1.2114546, 1.1597046, 1.150737, 1.2130089, 1.577421, 1.8385301, 1.4416873, 1.2628402, 1.203685, 1.7894738, 1.392522, 1.3749824, 1.2423749, 1.2204338, 1.0844446, 1.1087683, 1.3779268, 1.4398926, 1.1895539, 1.142612, 1.1617327, 1.2576122, 1.0164021, 1.0327334, 0.9524346, 1.2219936, 1.2522956, 1.0000191, 1.0237854, 1.0707942, 0.97259426], 'scaler_samples': (array([[0.23872606, 0.18889207],       [0.21527838, 0.05693329],       [0.35446822, 0.57404554]]), array([-2.73124147, -2.55683269, -2.35806832])), 'net': {'saver_path': './M-LOOP_archives/./neural_net_archive_2022-10-23_09-40_Tw0HiXrl.ckpt'}}
