mloop_version='3.3.1'
archive_type='neural_net_learner'
num_params=2
min_boundary=array([0., 0.])
max_boundary=array([1., 1.])
start_datetime='2022-10-22_23-42'
param_names=['', '']
search_precision=1e-06
parameter_searches=10
bad_uncer_frac=0.1
trust_region=nan
has_trust_region=False
predict_global_minima_at_end=True
generation_num=3
update_hyperparameters=False
predicted_best_parameters=array([0.91925216, 0.15019537])
predicted_best_scaled_cost=-1.4253078
predicted_best_cost=-1.2495475048730533
all_params=array([[0.01456004, 0.92369577],       [0.98446216, 0.51599252],       [0.83628422, 0.36451048],       [1.        , 1.        ],       [1.        , 1.        ],       [1.        , 0.5685941 ],       [0.03512548, 0.59922415],       [1.        , 0.45100989],       [1.        , 0.44964147],       [1.        , 0.49627032],       [0.38026807, 0.89550618],       [0.        , 0.99994853],       [0.        , 1.        ],       [0.01600276, 1.        ],       [0.31382806, 0.01100458],       [0.84261053, 0.52142337],       [0.88126246, 0.53077396],       [0.95874016, 0.53031243],       [0.45963655, 0.64432673],       [0.31877042, 0.        ],       [0.        , 0.        ],       [0.23770559, 0.        ],       [0.67817425, 0.17207053],       [0.73731935, 0.52314196],       [0.74575814, 0.52007602],       [0.80076632, 0.51766099],       [0.67834396, 0.76619602],       [0.57240135, 0.        ],       [0.54500362, 0.        ],       [0.5710275 , 0.        ],       [0.920602  , 0.36942229],       [0.84945709, 0.50595615],       [0.88355149, 0.5148062 ],       [0.83491597, 0.51906971],       [0.66895285, 0.84164011],       [0.85497617, 0.5263165 ],       [0.80986455, 0.09525195],       [1.        , 0.6709811 ],       [0.21272225, 0.88235474],       [1.        , 0.19480975],       [1.        , 0.29911313],       [0.77772535, 0.        ],       [0.80294492, 0.45810224],       [0.21017557, 0.8558105 ],       [0.81174077, 0.18968204],       [0.66452831, 0.29105682],       [0.68629015, 0.49053236],       [0.22426712, 0.82729274],       [0.15433793, 0.81893113],       [0.21818171, 0.83243142],       [0.60716153, 0.86856981],       [0.15911391, 0.86549005],       [0.77159415, 0.22051736],       [0.34095326, 0.        ],       [0.34861788, 0.39751402],       [0.16870123, 0.86355653],       [0.96156661, 0.51103102],       [0.16665113, 0.8706248 ],       [0.91987574, 0.90122623],       [0.1750198 , 0.86923474],       [0.78399112, 0.18849322],       [0.17625856, 0.89074845],       [0.21128392, 0.42405091],       [0.18114982, 0.89988561],       [0.19058134, 0.89808965],       [0.18152521, 0.91016538],       [0.48080583, 0.15308625],       [0.        , 0.36095835],       [0.14006331, 0.40346208],       [0.15859176, 0.89598075],       [0.90097396, 0.50191893],       [0.66128308, 0.46061323],       [0.25062334, 0.43415918],       [0.20269537, 0.893255  ],       [0.75748062, 0.6077335 ],       [0.48252924, 0.21385616],       [0.91836095, 0.12043609],       [0.64718294, 0.44858779],       [0.0478164 , 0.55100648],       [0.90956425, 0.17054856],       [0.77631628, 0.25927596],       [0.90920173, 0.51537466],       [0.02843577, 0.93071015],       [0.70964405, 0.48394703],       [0.91251943, 0.11803228],       [0.9265005 , 0.71860521],       [0.52683809, 0.66956932],       [0.94875628, 0.10290873],       [0.92094072, 0.10141941],       [0.92079697, 0.09067284],       [0.42466817, 0.31702004],       [0.88241983, 0.12401822],       [0.89129746, 0.13234532],       [0.90031234, 0.12946175],       [0.24402365, 0.84455489],       [0.57355634, 0.23177329],       [0.19291875, 0.48161292],       [0.90649898, 0.12234787],       [0.83996069, 0.18759286],       [0.21721939, 0.37989734],       [0.4236364 , 0.19639261],       [0.18995947, 0.87437462],       [0.54054249, 0.74357379],       [0.15319801, 0.90363524],       [0.43084796, 0.17159118],       [0.90804458, 0.08404051],       [0.41167831, 0.38984296],       [0.2112253 , 0.42029139],       [0.71274872, 0.27173166],       [0.10946706, 1.        ],       [0.09017883, 0.13539258],       [0.21193782, 0.42247457],       [0.21484611, 0.42616289],       [0.67988585, 0.4695793 ],       [0.18479099, 0.66804445],       [0.91720872, 0.16648009],       [0.18474389, 0.78717704],       [0.14609461, 0.84403555],       [0.6104214 , 0.3971602 ],       [0.09824151, 0.80583519]])
all_costs=array([-1.20095981, -1.232     , -1.1266179 , -1.10914127, -1.1266179 ,       -1.10914127, -1.11906093, -1.17281781, -1.10546659, -1.13427762,       -1.12408759, -1.10791367, -1.14204221, -1.1783402 , -1.25517241,       -1.21998781, -1.22596448, -1.10060473, -1.13299377, -1.17007598,       -1.09458721, -1.14204221, -1.21850274, -1.12031337, -1.13171283,       -1.23809524, -1.13556438, -1.1030303 , -1.11656442, -1.18251624,       -1.21554341, -1.1266179 , -1.24735202, -1.2082076 , -1.15123634,       -1.15256189, -1.20966767, -1.22296885, -1.24425109, -1.18391484,       -1.13685406, -1.0981898 , -1.11407902, -1.27923323, -1.24579963,       -1.21554341, -1.21850274, -1.16192687, -1.25674827, -1.25046846,       -1.14991384, -1.23351818, -1.2536005 , -1.18813056, -1.12408759,       -1.19952067, -1.23048556, -1.28087012, -1.18391484, -1.22147651,       -1.21113128, -1.29915639, -1.2646873 , -1.25203252, -1.28251121,       -1.26309148, -1.24579963, -1.20095981, -1.18531676, -1.22147651,       -1.18112094, -1.28580604, -1.22147651, -1.14074074, -1.13299377,       -1.232     , -1.2583281 , -1.14204221, -1.19952067, -1.25046846,       -1.14334666, -1.17695473, -1.24116553, -1.2350401 , -1.32145215,       -1.20529801, -1.16598719, -1.16598719, -1.26628716, -1.24116553,       -1.22296885, -1.21259843, -1.30764206, -1.16327716, -1.14991384,       -1.11781128, -1.2024024 , -1.22296885, -1.18954248, -1.23048556,       -1.22746781, -1.19665272, -1.17972893, -1.21406913, -1.22746781,       -1.13814667, -1.19952067, -1.24116553, -1.19095776, -1.1646306 ,       -1.16598719, -1.20675105, -1.23048556, -1.12788732, -1.20966767,       -1.23656578, -1.22746781, -1.22897483, -1.18672199, -1.13556438])
all_uncers=array([1.e-08, 1.e-08, 1.e-08, 1.e-08, 1.e-08, 1.e-08, 1.e-08, 1.e-08,       1.e-08, 1.e-08, 1.e-08, 1.e-08, 1.e-08, 1.e-08, 1.e-08, 1.e-08,       1.e-08, 1.e-08, 1.e-08, 1.e-08, 1.e-08, 1.e-08, 1.e-08, 1.e-08,       1.e-08, 1.e-08, 1.e-08, 1.e-08, 1.e-08, 1.e-08, 1.e-08, 1.e-08,       1.e-08, 1.e-08, 1.e-08, 1.e-08, 1.e-08, 1.e-08, 1.e-08, 1.e-08,       1.e-08, 1.e-08, 1.e-08, 1.e-08, 1.e-08, 1.e-08, 1.e-08, 1.e-08,       1.e-08, 1.e-08, 1.e-08, 1.e-08, 1.e-08, 1.e-08, 1.e-08, 1.e-08,       1.e-08, 1.e-08, 1.e-08, 1.e-08, 1.e-08, 1.e-08, 1.e-08, 1.e-08,       1.e-08, 1.e-08, 1.e-08, 1.e-08, 1.e-08, 1.e-08, 1.e-08, 1.e-08,       1.e-08, 1.e-08, 1.e-08, 1.e-08, 1.e-08, 1.e-08, 1.e-08, 1.e-08,       1.e-08, 1.e-08, 1.e-08, 1.e-08, 1.e-08, 1.e-08, 1.e-08, 1.e-08,       1.e-08, 1.e-08, 1.e-08, 1.e-08, 1.e-08, 1.e-08, 1.e-08, 1.e-08,       1.e-08, 1.e-08, 1.e-08, 1.e-08, 1.e-08, 1.e-08, 1.e-08, 1.e-08,       1.e-08, 1.e-08, 1.e-08, 1.e-08, 1.e-08, 1.e-08, 1.e-08, 1.e-08,       1.e-08, 1.e-08, 1.e-08, 1.e-08, 1.e-08, 1.e-08, 1.e-08, 1.e-08])
bad_run_indexs=[]
best_cost=-1.3214521452145216
best_params=array([0.91251943, 0.11803228])
best_index=84
worst_cost=-1.0945872061235649
worst_index=20
cost_range=0.22686493909095673
costs_count=120
params_count=91
cost_scaler_init_index=3
net_0={'last_hyperfit': 0, 'last_net_reg': 1e-08, 'regularization_history': [1e-08], 'losses_list': [1.7053199, 0.13279492, 0.04495976, 0.021719282, 0.0038876822, 0.0010888836, 0.0006433555, 0.00021130654, 0.00011262576, 3.337749e-05, 1.9037505e-05, 3.3119147e-06, 1.423208e-06, 1.2782771e-06, 8.3459236e-07, 6.0792354e-07, 5.877833e-07, 5.52893e-07, 5.4486077e-07, 5.439111e-07, 5.4233607e-07, 5.4224984e-07, 5.420422e-07, 5.4203974e-07, 5.420317e-07, 5.420251e-07, 5.420223e-07, 5.420222e-07, 5.420222e-07, 5.4202206e-07, 2.9142907, 0.7957426, 0.49131435, 0.16443197, 0.03355132, 0.024474245, 0.0146909775, 0.013916598, 2.074221, 0.69183457, 0.56927234, 0.5112483, 0.77198577, 0.5248124, 0.503466, 0.4477074, 0.72133625, 0.5975293, 1.1762762, 0.655304, 0.5245721, 0.53167266, 0.94480056, 0.6237508, 0.57706726, 0.5438493, 1.0745538, 0.61228585, 0.5074132, 0.45001945, 0.6867717, 0.8153287, 0.8864555, 0.6528433, 0.5751223, 0.51811945, 0.69167995, 0.5529893, 0.5178279, 0.54150856, 0.49053165, 0.42471117, 0.7396263, 0.7827887, 0.5811141, 0.4740287, 0.45594633, 0.41404155, 0.41143733, 0.3438362, 0.3525021, 0.30797446, 0.43640646, 0.3583412, 0.562272, 0.309846, 0.31248015, 0.28567517, 0.38817546, 0.3466958, 0.33284405, 0.33046758, 0.42192408, 0.36004514, 0.3449638, 0.33126128, 0.42559156, 0.6718375, 0.5716544, 0.39456475, 0.44164056, 0.36902833, 0.4276166, 0.37967694, 0.457102, 0.40334097, 0.49094296, 0.54412705, 0.47709182, 0.4313156, 0.46890426, 0.4291821, 0.4062412, 0.37351605, 0.5392309, 0.501188, 0.45602798, 0.427416, 0.48608372, 0.42318094], 'scaler_samples': (array([[0.01456004, 0.92369577],       [0.98446216, 0.51599252],       [0.83628422, 0.36451048]]), array([-1.20095981, -1.232     , -1.1266179 ])), 'net': {'saver_path': './M-LOOP_archives/./neural_net_archive_2022-10-22_23-42_HS_BNG5m.ckpt'}}
net_1={'last_hyperfit': 0, 'last_net_reg': 1e-08, 'regularization_history': [1e-08], 'losses_list': [2.1664715, 0.29730883, 0.11326918, 0.025011383, 0.008861801, 0.0032745858, 0.00077114097, 0.0005397795, 0.00014795673, 4.6640995e-05, 2.9322066e-05, 7.049529e-06, 1.0394527e-06, 9.168666e-07, 9.243968e-07, 6.9878297e-07, 5.670134e-07, 5.567025e-07, 5.59703e-07, 5.5499805e-07, 5.5397845e-07, 5.537243e-07, 5.5348147e-07, 5.534727e-07, 5.53466e-07, 5.534618e-07, 5.5346004e-07, 5.5346015e-07, 5.534599e-07, 5.5346e-07, 2.4990792, 0.8244055, 0.5473258, 0.20675974, 0.02156683, 0.028238818, 0.015542592, 0.015067444, 2.798005, 0.676688, 0.58811337, 0.49190822, 0.45608026, 0.4203469, 0.77874774, 0.4534835, 0.42848006, 0.38208196, 0.3424339, 0.30881423, 0.68364215, 0.7269288, 1.0134705, 0.691993, 0.55592114, 0.49167514, 0.9584131, 0.6267024, 0.57493067, 0.5290137, 1.0963545, 0.53959954, 0.43137383, 0.3562083, 0.31219766, 0.29330915, 0.55001503, 0.6852357, 0.45303956, 0.388361, 0.34589824, 0.5346801, 0.49869728, 0.37491918, 0.32984337, 0.31610146, 0.5432254, 0.35957828, 0.31522846, 0.29037532, 0.28345326, 0.25525975, 0.23126861, 0.21863587, 0.44074753, 0.48612586, 0.33544943, 0.26849082, 0.23820843, 0.25322804, 0.28153706, 0.24232519, 0.28807744, 0.2568045, 0.38865864, 0.32050163, 0.2595788, 0.2884294, 0.3326179, 0.25457773, 0.24614087, 0.2466946, 0.372676, 0.30450517, 0.29164836, 0.27651998, 0.38048503, 0.3212565, 0.30826393, 0.29977107, 0.4091136, 0.37418446, 0.81664383, 0.33302113, 0.40369964, 0.34926662, 0.33658984, 0.31753623, 0.40681335, 0.3791162, 0.43763128, 0.5034552, 0.44816375, 0.38969633, 0.43040144, 0.39571646, 0.40594193, 0.39441225, 0.4617455, 0.5289123, 0.44250053, 0.3889125], 'scaler_samples': (array([[0.01456004, 0.92369577],       [0.98446216, 0.51599252],       [0.83628422, 0.36451048]]), array([-1.20095981, -1.232     , -1.1266179 ])), 'net': {'saver_path': './M-LOOP_archives/./neural_net_archive_2022-10-22_23-42_qPaXr6L-.ckpt'}}
net_2={'last_hyperfit': 0, 'last_net_reg': 1e-08, 'regularization_history': [1e-08], 'losses_list': [4.243468, 0.38735557, 0.026329841, 0.03750839, 0.011384373, 0.0025872078, 0.0015113781, 0.0003537382, 0.00018105998, 6.395504e-05, 1.9421283e-05, 3.5654396e-06, 2.3038574e-06, 1.6801168e-06, 8.6666023e-07, 5.539139e-07, 5.611784e-07, 5.374912e-07, 5.3485246e-07, 5.3241536e-07, 5.3016987e-07, 5.296268e-07, 5.295795e-07, 5.295254e-07, 5.2951475e-07, 5.295078e-07, 5.295054e-07, 5.2950486e-07, 5.295041e-07, 5.295038e-07, 1.9439414, 0.74433786, 0.5249031, 0.23356831, 0.017484466, 0.020727213, 0.015385575, 0.01431553, 0.98078036, 0.51201844, 0.32908833, 0.3024361, 0.7619991, 0.40027684, 0.3563828, 0.3343828, 2.008645, 0.6782976, 0.6195878, 0.54462016, 0.9262477, 0.55231464, 0.48609772, 0.4793773, 0.8838416, 0.5372571, 0.4444519, 0.40454194, 0.8080847, 0.42926115, 0.36980787, 0.3506791, 0.6347997, 0.8703221, 0.6566584, 0.57684934, 0.55723566, 0.5425024, 0.80159533, 0.58033675, 0.5221826, 0.48546344, 0.48605752, 0.41812673, 0.3735762, 0.35934123, 0.57390803, 0.7121799, 0.6456705, 0.47451812, 0.42008004, 0.38195622, 0.3842429, 0.3310371, 0.3093617, 0.29673013, 0.2959214, 0.26913705, 0.4082446, 0.49681747, 0.44131193, 0.29069352, 0.26497257, 0.25278538, 0.3879428, 0.31329516, 0.29453805, 0.27419043, 0.38323295, 0.3239264, 0.2999775, 0.29453385, 0.41128346, 0.4473614, 0.8137282, 0.41543394, 0.36939836, 0.37437892, 0.4192006, 0.3509318, 0.4912459, 0.3107861, 0.49251217, 0.37079424, 0.3607918, 0.3405691, 0.43476388, 0.6317602, 0.54282266, 0.47220024, 0.5172748, 0.4264524, 0.40180454, 0.3789008, 0.49490607, 0.35512155, 0.45704624, 0.41072378, 0.5063152, 0.38019767, 0.40026587, 0.33850104], 'scaler_samples': (array([[0.01456004, 0.92369577],       [0.98446216, 0.51599252],       [0.83628422, 0.36451048]]), array([-1.20095981, -1.232     , -1.1266179 ])), 'net': {'saver_path': './M-LOOP_archives/./neural_net_archive_2022-10-22_23-42_l6i7vcQk.ckpt'}}
