mloop_version='3.3.1'
archive_type='neural_net_learner'
num_params=2
min_boundary=array([0., 0.])
max_boundary=array([1., 1.])
start_datetime='2022-10-23_12-49'
param_names=['', '']
search_precision=1e-06
parameter_searches=10
bad_uncer_frac=0.1
trust_region=nan
has_trust_region=False
predict_global_minima_at_end=True
generation_num=3
update_hyperparameters=False
predicted_best_parameters=array([0.61770687, 0.61238923])
predicted_best_scaled_cost=-7.819216
predicted_best_cost=-4.443913354046099
all_params=array([[0.65006293, 0.68412202],       [0.49507141, 0.056861  ],       [0.49525187, 0.7197892 ],       [0.74305106, 1.        ],       [0.7575632 , 0.        ],       [0.89847946, 1.        ],       [0.82460148, 0.44699308],       [0.6371709 , 0.65836615],       [0.63643536, 0.73380964],       [0.64385764, 0.72588872],       [0.26933661, 0.99491353],       [0.61424858, 0.55374561],       [0.61449845, 0.59092762],       [0.62832398, 0.57450438],       [0.8531205 , 0.96727726],       [0.60815443, 0.58373877],       [0.60749967, 0.5816282 ],       [0.60932359, 0.59371269],       [0.5458233 , 0.85345584],       [0.62299471, 0.60954442],       [0.61490313, 0.58821201],       [0.63372384, 0.64013519],       [0.81224942, 0.85341047],       [0.61525927, 0.58848325],       [0.61187677, 0.57931142],       [0.61101171, 0.57865788],       [0.43146887, 0.99550719],       [0.61911574, 0.61365138],       [0.61787677, 0.60672729],       [0.61772382, 0.60291401],       [0.82958589, 0.72085959],       [0.62099755, 0.62297621],       [0.62020503, 0.61913974],       [0.61982873, 0.62380448],       [0.54386758, 0.98935375],       [1.        , 0.74794085],       [0.61425216, 0.59009585],       [0.61587321, 0.59171978],       [0.7616921 , 0.30380641],       [0.80714791, 0.7571503 ],       [0.61863956, 0.60468194],       [0.92902686, 0.867627  ],       [0.21286607, 0.1538038 ],       [0.61786225, 0.60833419],       [0.61887126, 0.60614854],       [0.83002543, 0.71203701],       [0.05022968, 0.88829976],       [0.        , 0.        ],       [0.        , 0.        ],       [0.        , 0.        ],       [0.86050619, 0.55682957],       [0.61690613, 0.60217788],       [0.57366285, 0.57654248],       [0.6151874 , 0.60462568],       [0.11247857, 0.86264493],       [0.2496538 , 0.15359067],       [0.61444088, 0.58563284],       [0.61761191, 0.60383626],       [0.08541198, 0.69920201],       [0.61568395, 0.59830649],       [0.61570329, 0.59362183],       [0.61620563, 0.60169848],       [0.61347518, 0.55287775],       [0.24454074, 0.34953461],       [0.61647783, 0.59747927],       [0.61946826, 0.61396027],       [0.69903286, 0.95934602],       [0.61809461, 0.61500285],       [0.79086333, 0.58653805],       [0.61604379, 0.58971763],       [0.31723418, 0.38843249],       [0.61771678, 0.61394555],       [0.61631408, 0.60232549],       [0.13129611, 0.        ],       [0.00104312, 0.13045842],       [0.61913818, 0.61546905],       [0.61855244, 0.61107833],       [0.61899159, 0.61505863],       [0.0644814 , 0.21925374],       [0.61830433, 0.61389599],       [0.61854085, 0.61243154],       [0.61780789, 0.61326171],       [0.85204834, 0.51873441],       [0.6200075 , 0.63050196],       [0.61925195, 0.6121854 ],       [0.62001995, 0.63577165],       [0.48417431, 0.504343  ],       [0.61874433, 0.62282793],       [0.61812506, 0.61059469],       [0.24112807, 0.22543331],       [0.13359787, 0.08850929],       [0.61785732, 0.61163843],       [0.6180609 , 0.61158861],       [0.61784836, 0.61015498],       [0.48044116, 0.86712249],       [0.10205224, 0.        ],       [0.61779273, 0.61281536],       [0.61822014, 0.6118    ],       [0.98203841, 0.29965697],       [0.61702799, 0.61491473],       [0.6178556 , 0.61387364],       [0.61816714, 0.61253765],       [0.74727594, 0.61563128],       [0.6174795 , 0.61441286],       [0.61776975, 0.61252938],       [0.61744125, 0.61104947],       [0.48388322, 0.16134631],       [1.        , 0.47891123],       [0.61682624, 0.6123796 ],       [0.61765284, 0.61337905],       [0.14009489, 0.05493246],       [0.47343181, 0.15142725],       [0.48053916, 0.1728733 ],       [0.45715432, 0.14390742],       [0.69612001, 0.18260218],       [0.48516866, 0.14701885],       [0.61733532, 0.61064886],       [0.61908496, 0.61227007],       [0.85937986, 0.11490736],       [0.61697404, 0.61271669]])
all_costs=array([-3.34223706, -2.93118594, -3.11353033, -3.18282989, -3.01052632,       -2.98360656, -3.2032    , -3.64663024, -3.02874433, -3.21348315,       -3.0942813 , -3.39898132, -4.14492754, -3.01052632, -3.37605396,       -3.06584992, -3.33111481, -3.2032    , -3.37605396, -3.54336283,       -3.93320236, -2.84779516, -3.77024482, -3.77024482, -3.45768566,       -3.91780822, -3.58139535, -4.07739308, -3.90253411, -4.21473684,       -4.14492754, -3.48173913, -3.87234043, -3.06584992, -2.85592011,       -2.95716396, -4.04444444, -4.11088296, -3.19298246, -2.86409156,       -4.02816901, -3.56862745, -4.01202405, -4.07739308, -3.35343384,       -3.5061296 , -2.95716396, -2.84779516, -3.05648855, -3.02874433,       -3.79886148, -3.99600798, -2.80785414, -3.6733945 , -3.91780822,       -3.30909091, -4.14492754, -3.90253411, -3.28735632, -3.59425494,       -3.60720721, -3.45768566, -3.88737864, -3.11353033, -3.46967071,       -4.25053079, -2.85592011, -4.5812357 , -3.6733945 , -4.25053079,       -3.74205607, -4.17954071, -3.74205607, -3.75609756, -3.93320236,       -4.09406953, -3.84261036, -3.94871795, -3.88737864, -4.06085193,       -3.85741811, -4.34273319, -4.09406953, -3.71428571, -4.2869379 ,       -3.22383253, -3.16271722, -3.98011928, -4.4988764 , -3.90253411,       -3.99600798, -4.19706499, -4.45879733, -4.41942605, -3.00149925,       -3.14285714, -4.45879733, -4.77804296, -2.91411936, -3.93320236,       -4.60229885, -4.2869379 , -3.64663024, -4.4787472 , -4.94320988,       -4.4       , -4.94320988, -3.19298246, -4.07739308, -4.75534442,       -3.35343384, -3.96435644, -3.78449905, -3.35343384, -4.21473684,       -3.4938918 , -4.56036446, -4.41942605, -3.90253411, -4.26865672])
all_uncers=array([1.e-08, 1.e-08, 1.e-08, 1.e-08, 1.e-08, 1.e-08, 1.e-08, 1.e-08,       1.e-08, 1.e-08, 1.e-08, 1.e-08, 1.e-08, 1.e-08, 1.e-08, 1.e-08,       1.e-08, 1.e-08, 1.e-08, 1.e-08, 1.e-08, 1.e-08, 1.e-08, 1.e-08,       1.e-08, 1.e-08, 1.e-08, 1.e-08, 1.e-08, 1.e-08, 1.e-08, 1.e-08,       1.e-08, 1.e-08, 1.e-08, 1.e-08, 1.e-08, 1.e-08, 1.e-08, 1.e-08,       1.e-08, 1.e-08, 1.e-08, 1.e-08, 1.e-08, 1.e-08, 1.e-08, 1.e-08,       1.e-08, 1.e-08, 1.e-08, 1.e-08, 1.e-08, 1.e-08, 1.e-08, 1.e-08,       1.e-08, 1.e-08, 1.e-08, 1.e-08, 1.e-08, 1.e-08, 1.e-08, 1.e-08,       1.e-08, 1.e-08, 1.e-08, 1.e-08, 1.e-08, 1.e-08, 1.e-08, 1.e-08,       1.e-08, 1.e-08, 1.e-08, 1.e-08, 1.e-08, 1.e-08, 1.e-08, 1.e-08,       1.e-08, 1.e-08, 1.e-08, 1.e-08, 1.e-08, 1.e-08, 1.e-08, 1.e-08,       1.e-08, 1.e-08, 1.e-08, 1.e-08, 1.e-08, 1.e-08, 1.e-08, 1.e-08,       1.e-08, 1.e-08, 1.e-08, 1.e-08, 1.e-08, 1.e-08, 1.e-08, 1.e-08,       1.e-08, 1.e-08, 1.e-08, 1.e-08, 1.e-08, 1.e-08, 1.e-08, 1.e-08,       1.e-08, 1.e-08, 1.e-08, 1.e-08, 1.e-08, 1.e-08, 1.e-08, 1.e-08])
bad_run_indexs=[]
best_cost=-4.94320987654321
best_params=array([0.61776975, 0.61252938])
best_index=104
worst_cost=-2.8078541374474053
worst_index=52
cost_range=2.1353557390958047
costs_count=120
params_count=90
cost_scaler_init_index=3
net_0={'last_hyperfit': 0, 'last_net_reg': 1e-08, 'regularization_history': [1e-08], 'losses_list': [0.6042467, 0.04070214, 0.020984689, 0.0021487894, 0.003033738, 0.00057045976, 0.00018765542, 0.0001241579, 4.2257267e-05, 1.0414434e-05, 3.4888335e-06, 2.1706855e-06, 1.3776075e-06, 8.16468e-07, 6.087554e-07, 5.620097e-07, 5.4155396e-07, 5.3630686e-07, 5.367303e-07, 5.3533904e-07, 5.350774e-07, 5.35101e-07, 5.350204e-07, 5.350156e-07, 5.350159e-07, 5.3501554e-07, 5.350147e-07, 5.350143e-07, 5.3501486e-07, 5.350141e-07, 0.07799074, 0.10418017, 0.03311441, 0.0074866908, 0.0024588017, 0.0009027538, 0.00031477548, 4.7035617e-05, 1.2050632e-05, 9.204308e-06, 4.39649e-06, 1.2724684e-06, 7.0771114e-07, 7.2130865e-07, 0.7454796, 0.59614235, 0.26864144, 0.11262596, 0.05817244, 0.038183305, 0.03145779, 0.023627905, 0.0167143, 0.010885315, 0.0060631614, 0.0026500805, 0.0007857406, 0.00011248987, 1.4584364e-06, 1.1593276e-05, 5.006147, 2.1043842, 1.5752052, 1.2572074, 0.64808846, 0.028836219, 0.025764914, 0.011114719, 0.0051961187, 0.0016212492, 0.00045735625, 7.975525e-05, 3.0882275e-05, 9.688023e-06, 5.7351326e-06, 3.023421e-06, 1.6434332e-06, 9.5365306e-07, 6.65035e-07, 5.9774175e-07, 5.839071, 3.5661516, 2.2357416, 1.781414, 1.3162296, 1.2889588, 1.9665639, 2.2423527, 2.687489, 1.8072141, 1.5379921, 1.3321491, 1.0931427, 0.96938276, 1.5603853, 1.1729243, 1.1110321, 1.0485119, 1.2311918, 0.9664378, 0.85351354, 0.8109198, 2.405437, 3.9271812, 3.2308908, 1.5615028, 1.3190334, 1.0444336, 2.0931237, 1.3972428, 1.2831203, 1.1274163, 1.0620096, 1.3569235, 1.5621347, 1.0596095, 1.002656, 0.9462997, 2.398089, 1.5556353, 1.9795082, 2.345956, 1.5777366, 1.1647358, 1.4090528, 1.0125263, 0.8884187, 1.0383909, 1.6235288, 1.186451, 1.0668297, 1.2472795, 1.2737334, 1.1903421, 1.6819853, 1.7770975, 2.2793243, 2.4052467, 2.1005147, 1.760759, 1.6290724, 1.5474354, 1.8320323, 1.6118772, 1.6326429, 3.5558674, 3.817353, 2.654963, 2.424953, 2.149624, 1.9473946, 1.8100497, 1.8354586, 1.6628768, 2.1394913, 2.1859455, 1.8869421, 2.0256562, 1.6206642, 1.5175976, 1.6021678, 1.4841912, 2.6798797, 1.6478782, 1.5445604, 1.6497635, 1.8105007, 1.8352708, 1.9466987, 1.728655, 2.9523442, 2.340645, 1.8635861, 1.6806558, 1.9663342, 1.4960082, 1.6596811, 1.4272556], 'scaler_samples': (array([[0.65006293, 0.68412202],       [0.49507141, 0.056861  ],       [0.49525187, 0.7197892 ]]), array([-3.34223706, -2.93118594, -3.11353033])), 'net': {'saver_path': './M-LOOP_archives/./neural_net_archive_2022-10-23_12-49_4GK_s0Wn.ckpt'}}
net_1={'last_hyperfit': 0, 'last_net_reg': 1e-08, 'regularization_history': [1e-08], 'losses_list': [0.16625552, 0.06135034, 0.014588152, 0.0018987647, 3.7071368e-05, 0.0005231029, 0.00030356008, 9.235983e-06, 3.4575074e-05, 1.1921216e-05, 5.6144795e-06, 2.0532527e-06, 1.0994714e-06, 5.885055e-07, 6.721922e-07, 5.690093e-07, 5.497137e-07, 5.533973e-07, 5.4989624e-07, 5.487606e-07, 5.4856787e-07, 5.4853587e-07, 5.485341e-07, 5.485104e-07, 5.485101e-07, 5.4850847e-07, 5.4850807e-07, 5.4850796e-07, 5.4850784e-07, 5.485078e-07, 0.09975401, 0.06106284, 0.020353593, 0.016697118, 0.0054229223, 0.00023237777, 0.00036203608, 0.00027937922, 4.557813e-05, 1.3643907e-05, 1.1413496e-05, 3.5256783e-06, 9.167111e-07, 8.0217137e-07, 7.252373e-07, 6.013789e-07, 5.546202e-07, 5.488585e-07, 0.8626973, 0.63019055, 0.35342056, 0.17337918, 0.1309589, 0.09958239, 0.07160787, 0.042739574, 0.019947497, 0.008790893, 0.0035947429, 0.0010140943, 0.00017668286, 1.0146684e-05, 9.348106e-06, 1.3443563e-05, 6.5182912e-06, 2.3153175e-06, 8.1900964e-07, 5.741082e-07, 6.0426163e-07, 5.971441e-07, 3.1380095, 1.4853332, 1.0701145, 0.3792186, 0.017319594, 0.025977474, 0.008818865, 0.0011461468, 0.00027540125, 0.0003652903, 0.00011086851, 1.6452914e-05, 7.0826495e-06, 4.7311864e-06, 2.5150166e-06, 8.534812e-07, 6.371222e-07, 6.7060336e-07, 2.4107184, 2.3329844, 2.217548, 1.623544, 2.008486, 1.0483421, 0.8882075, 1.6538444, 1.8288811, 1.1184889, 0.791807, 0.8572151, 1.7410243, 1.2433546, 1.2248938, 1.1232349, 1.3288883, 0.9815138, 0.89330846, 0.82446516, 2.357855, 2.4220781, 2.6365118, 2.0494924, 1.6000997, 1.3094447, 1.2598786, 0.85503304, 0.7055021, 0.6287124, 0.5477316, 0.55934703, 1.485469, 1.1242049, 1.1998128, 0.642541, 1.6733685, 1.0259027, 0.9352644, 0.866568, 3.5817096, 1.2754245, 5.5604696, 2.5669603, 2.6987042, 2.2932236, 2.062437, 2.091984, 2.091716, 1.7702264, 1.6451, 1.5421023, 1.6370212, 1.6145133, 1.8268743, 1.821179, 3.9392698, 2.261752, 2.3346732, 2.1417615, 2.229214, 2.1680315, 2.1428733, 2.8212402, 3.4283652, 2.3587275, 2.2684867, 2.106543, 2.0806296, 1.9536396, 2.3966064, 1.8433471, 2.3060803, 1.7451707, 1.655609, 1.8050706, 1.7923747, 1.7781417, 2.17954, 1.6861975, 1.6297855, 1.7662668, 2.0414677, 4.1413994, 2.9515414, 2.3614137, 2.1325994, 1.9932295], 'scaler_samples': (array([[0.65006293, 0.68412202],       [0.49507141, 0.056861  ],       [0.49525187, 0.7197892 ]]), array([-3.34223706, -2.93118594, -3.11353033])), 'net': {'saver_path': './M-LOOP_archives/./neural_net_archive_2022-10-23_12-49_XxwJ3OiD.ckpt'}}
net_2={'last_hyperfit': 0, 'last_net_reg': 1e-08, 'regularization_history': [1e-08], 'losses_list': [0.4085849, 0.0042514773, 4.920168e-05, 0.00019482952, 0.00030547715, 0.00013088612, 4.567319e-05, 8.602822e-06, 6.5997534e-07, 1.6706227e-06, 2.898796e-06, 2.4266144e-06, 1.304417e-06, 6.49359e-07, 5.324263e-07, 5.537586e-07, 5.4324767e-07, 5.321836e-07, 5.321012e-07, 5.3202837e-07, 5.314833e-07, 5.315234e-07, 5.3148864e-07, 5.3147545e-07, 5.314748e-07, 5.314742e-07, 5.314738e-07, 5.314737e-07, 5.3147363e-07, 5.3147363e-07, 0.11558715, 0.068241216, 0.0259893, 0.004162516, 0.0020774126, 0.0005114309, 0.00014817879, 0.0001008694, 1.8518209e-05, 1.2115269e-05, 2.555501e-06, 1.4862039e-06, 1.0358401e-06, 6.425798e-07, 6.013896e-07, 5.4466597e-07, 0.81171435, 0.6041677, 0.2466171, 0.094911575, 0.032498714, 0.02498496, 0.013354516, 0.015869351, 0.006090879, 0.0013164653, 0.00060298585, 2.7164706e-05, 2.4294573e-05, 1.6844831e-05, 7.1282716e-06, 2.0839434e-06, 1.3623078e-06, 1.010826e-06, 5.81343e-07, 6.229462e-07, 3.7651231, 1.6311686, 1.4391654, 1.1137233, 0.59180003, 0.058063213, 0.04994152, 0.003074072, 0.0032490413, 0.0014883323, 0.0002683539, 0.00022141881, 1.05787585e-05, 2.6985204e-05, 4.5308156, 2.0468848, 1.958849, 1.865757, 3.0702221, 2.241437, 1.9242605, 1.5588872, 1.7157079, 1.388473, 1.2702751, 1.1048836, 1.2543807, 0.9874273, 0.92860365, 0.86911935, 2.617001, 2.9228132, 2.9485219, 1.8377149, 1.4979167, 1.5814816, 1.8463453, 1.3512073, 1.0725923, 0.79336464, 0.6094339, 0.6786811, 0.4816319, 0.4049744, 0.40876544, 0.7555798, 1.513909, 0.8226117, 0.8411681, 0.9767768, 4.887684, 3.7880027, 2.1817718, 1.674056, 1.8808398, 1.4233305, 1.2881994, 1.1692408, 1.10979, 0.98421794, 1.4906169, 1.1136197, 1.0905013, 0.9898968, 1.3417529, 1.1593945, 1.1065173, 1.1005886, 1.4151806, 4.336308, 2.0529616, 1.7804852, 1.961216, 1.6769643, 1.5375158, 2.0910006, 1.7281728, 1.3611593, 1.2839565, 1.1469848, 1.4392439, 1.2814515, 1.1563177, 1.0459893, 1.0447514, 5.100693, 2.943352, 2.1861932, 2.0352523, 1.9369255, 1.8928105, 1.803498, 1.8527743, 1.7074894, 1.9339833, 2.0058253, 2.0920827, 1.8243452, 1.786627, 1.7468787, 2.4924152, 1.565241, 1.5467594, 1.5023426, 2.5130506, 2.3182192], 'scaler_samples': (array([[0.65006293, 0.68412202],       [0.49507141, 0.056861  ],       [0.49525187, 0.7197892 ]]), array([-3.34223706, -2.93118594, -3.11353033])), 'net': {'saver_path': './M-LOOP_archives/./neural_net_archive_2022-10-23_12-49_KjSntUo6.ckpt'}}
