mloop_version='3.3.1'
archive_type='neural_net_learner'
num_params=2
min_boundary=array([0., 0.])
max_boundary=array([1., 1.])
start_datetime='2022-10-23_01-52'
param_names=['', '']
search_precision=1e-06
parameter_searches=10
bad_uncer_frac=0.1
trust_region=nan
has_trust_region=False
predict_global_minima_at_end=True
generation_num=3
update_hyperparameters=False
predicted_best_parameters=array([0.67174501, 0.19471132])
predicted_best_scaled_cost=-2.011754
predicted_best_cost=-1.5554008068731726
all_params=array([[0.7418067 , 0.38680429],       [0.27808574, 0.96787085],       [0.88773166, 0.28935496],       [0.        , 0.2760896 ],       [0.59167332, 0.55186066],       [0.6559539 , 0.        ],       [0.29651409, 0.26754779],       [0.70580311, 0.38482096],       [0.72035525, 0.40775913],       [0.72713122, 0.45379725],       [0.10146769, 0.4645744 ],       [0.81371036, 0.38941607],       [0.3105386 , 1.        ],       [0.73474503, 0.32646128],       [0.28796086, 0.37247098],       [0.        , 1.        ],       [0.        , 0.88875401],       [0.22952812, 0.60234704],       [0.52554803, 0.20505794],       [0.77203036, 0.37857821],       [0.75497303, 0.39979674],       [0.75283594, 0.40211333],       [0.30310195, 0.17095442],       [0.92621566, 0.43054646],       [1.        , 0.42564795],       [0.73991864, 0.38264602],       [0.20037427, 0.42732405],       [0.70295596, 0.44159244],       [0.        , 0.83147788],       [0.        , 0.84103314],       [0.24371521, 0.6108836 ],       [0.        , 0.52958956],       [0.        , 0.64021124],       [0.        , 0.55882645],       [0.40281344, 0.25764839],       [0.        , 0.82243676],       [0.        , 0.84016755],       [0.05692914, 0.82363067],       [0.39880239, 0.08250651],       [0.14532571, 0.79580315],       [0.        , 0.86396316],       [0.13946444, 0.8237843 ],       [0.30798396, 0.47359432],       [0.79949901, 0.44632892],       [0.8376485 , 0.40940515],       [0.09261608, 0.45659852],       [0.46737719, 0.57269174],       [0.25338885, 1.        ],       [0.        , 0.86643461],       [0.52775401, 0.52783671],       [0.89599382, 0.54208772],       [0.        , 0.77916907],       [0.83145573, 0.37586328],       [0.        , 0.8497603 ],       [0.18411877, 0.7698701 ],       [0.86850034, 0.75512796],       [0.85505997, 0.35654379],       [0.84729818, 0.36625101],       [0.37912444, 0.13322693],       [0.82670482, 0.37368581],       [0.73068813, 0.40596733],       [0.96179749, 0.61069802],       [0.3182176 , 0.239857  ],       [0.91613977, 0.58498155],       [1.        , 0.56423683],       [0.38396789, 0.93366128],       [0.5922782 , 0.6779324 ],       [0.88496229, 0.57530864],       [0.85668104, 0.55094445],       [0.92741187, 0.63315876],       [0.68389277, 0.16843088],       [0.83747612, 0.37288072],       [0.86246887, 0.54114495],       [0.83513688, 0.37991671],       [0.12946574, 0.64886536],       [0.67904555, 0.21689186],       [0.71136149, 0.18367969],       [0.68969354, 0.18848379],       [0.45229645, 0.28799277],       [0.90261062, 0.56209968],       [0.85730459, 0.53474029],       [0.30072508, 0.93010337],       [0.31314339, 0.98356493],       [0.02731004, 0.08734911],       [0.74281436, 0.12009541],       [0.69748115, 0.18855622],       [0.47994354, 0.52890488],       [0.96628235, 0.60830774],       [0.73569632, 0.51959024],       [0.32368281, 0.9947219 ],       [0.38928119, 0.48905478],       [0.67803914, 0.14951429],       [0.67588739, 0.15501066],       [0.67700062, 0.14157302],       [0.08117727, 0.36407355],       [0.70060838, 0.73005396],       [0.72545808, 0.1465385 ],       [0.30714734, 0.96940606],       [0.35889638, 0.85227763],       [0.27393683, 0.19292106],       [0.67810448, 0.24973915],       [0.95892892, 0.02367958],       [0.99004769, 0.68067578],       [0.68409854, 0.19104441],       [0.26921573, 0.20813864],       [0.57015799, 0.41801618],       [0.79784613, 0.6818641 ],       [0.68622223, 0.1892451 ],       [1.        , 0.69702572],       [0.74291665, 0.3905253 ],       [0.22240301, 0.23193846],       [0.69371849, 0.17856852],       [0.68590385, 0.18567725],       [0.69262142, 0.21309891],       [0.10937465, 0.31728957],       [0.68628078, 0.19606788],       [0.67313653, 0.18311891],       [0.69198813, 0.1971499 ],       [0.49172518, 0.10871528],       [0.66993615, 0.1836792 ]])
all_costs=array([-1.51781653, -1.4973822 , -1.43307087, -1.37029432, -1.42694227,       -1.43102216, -1.47097722, -1.42086586, -1.49069248, -1.40294324,       -1.49514563, -1.48847584, -1.47531319, -1.39318024, -1.4289793 ,       -1.36097893, -1.50413223, -1.42288557, -1.44132469, -1.38546713,       -1.39512195, -1.38546713, -1.47531319, -1.43925234, -1.40294324,       -1.43512545, -1.37783895, -1.35361731, -1.53645434, -1.52243346,       -1.45388526, -1.38738739, -1.38931298, -1.3665529 , -1.44757773,       -1.456     , -1.44967415, -1.52012149, -1.44340303, -1.41085271,       -1.44132469, -1.4289793 , -1.45177665, -1.39706909, -1.42288557,       -1.37594502, -1.39706909, -1.40097971, -1.44548736, -1.43307087,       -1.51781653, -1.38355218, -1.5604053 , -1.4168436 , -1.44967415,       -1.44132469, -1.49069248, -1.49291573, -1.41885188, -1.46024799,       -1.42288557, -1.50866616, -1.50187547, -1.55797665, -1.37973811,       -1.46452085, -1.46024799, -1.42694227, -1.51322751, -1.38546713,       -1.55797665, -1.43512545, -1.52941176, -1.43718593, -1.44967415,       -1.4623813 , -1.5109434 , -1.51781653, -1.4623813 , -1.35361731,       -1.38738739, -1.44967415, -1.56773688, -1.4623813 , -1.47314202,       -1.52475248, -1.43512545, -1.48847584, -1.35728814, -1.42491103,       -1.4623813 , -1.52012149, -1.42694227, -1.42694227, -1.5109434 ,       -1.43307087, -1.41284404, -1.40688686, -1.47097722, -1.50413223,       -1.44757773, -1.4168436 , -1.5388163 , -1.5604053 , -1.4796748 ,       -1.52243346, -1.48847584, -1.59268099, -1.41085271, -1.47314202,       -1.4581209 , -1.47097722, -1.61581921, -1.53409962, -1.39318024,       -1.59521912, -1.59521912, -1.42288557, -1.44967415, -1.50866616])
all_uncers=array([1.e-08, 1.e-08, 1.e-08, 1.e-08, 1.e-08, 1.e-08, 1.e-08, 1.e-08,       1.e-08, 1.e-08, 1.e-08, 1.e-08, 1.e-08, 1.e-08, 1.e-08, 1.e-08,       1.e-08, 1.e-08, 1.e-08, 1.e-08, 1.e-08, 1.e-08, 1.e-08, 1.e-08,       1.e-08, 1.e-08, 1.e-08, 1.e-08, 1.e-08, 1.e-08, 1.e-08, 1.e-08,       1.e-08, 1.e-08, 1.e-08, 1.e-08, 1.e-08, 1.e-08, 1.e-08, 1.e-08,       1.e-08, 1.e-08, 1.e-08, 1.e-08, 1.e-08, 1.e-08, 1.e-08, 1.e-08,       1.e-08, 1.e-08, 1.e-08, 1.e-08, 1.e-08, 1.e-08, 1.e-08, 1.e-08,       1.e-08, 1.e-08, 1.e-08, 1.e-08, 1.e-08, 1.e-08, 1.e-08, 1.e-08,       1.e-08, 1.e-08, 1.e-08, 1.e-08, 1.e-08, 1.e-08, 1.e-08, 1.e-08,       1.e-08, 1.e-08, 1.e-08, 1.e-08, 1.e-08, 1.e-08, 1.e-08, 1.e-08,       1.e-08, 1.e-08, 1.e-08, 1.e-08, 1.e-08, 1.e-08, 1.e-08, 1.e-08,       1.e-08, 1.e-08, 1.e-08, 1.e-08, 1.e-08, 1.e-08, 1.e-08, 1.e-08,       1.e-08, 1.e-08, 1.e-08, 1.e-08, 1.e-08, 1.e-08, 1.e-08, 1.e-08,       1.e-08, 1.e-08, 1.e-08, 1.e-08, 1.e-08, 1.e-08, 1.e-08, 1.e-08,       1.e-08, 1.e-08, 1.e-08, 1.e-08, 1.e-08, 1.e-08, 1.e-08, 1.e-08])
bad_run_indexs=[]
best_cost=-1.615819209039548
best_params=array([0.68590385, 0.18567725])
best_index=112
worst_cost=-1.3536173089925625
worst_index=27
cost_range=0.2622019000469855
costs_count=120
params_count=91
cost_scaler_init_index=3
net_0={'last_hyperfit': 0, 'last_net_reg': 1e-08, 'regularization_history': [1e-08], 'losses_list': [1.3387575, 0.11994636, 0.018786311, 0.022198802, 0.002582889, 0.0013906067, 0.0009684245, 6.315367e-05, 6.150291e-05, 5.1176856e-05, 7.832852e-06, 1.770216e-06, 1.7470753e-06, 1.196195e-06, 7.7575066e-07, 6.035837e-07, 5.515198e-07, 5.3919905e-07, 5.3696874e-07, 5.3672517e-07, 5.3672323e-07, 5.367138e-07, 5.36685e-07, 5.36674e-07, 5.3667077e-07, 5.366655e-07, 5.3666474e-07, 5.3666474e-07, 5.3666446e-07, 5.366644e-07, 5.6392746, 0.5161338, 0.060675632, 0.02323382, 0.00516953, 0.0031173285, 0.0006855312, 0.0005006016, 0.00012504106, 4.592181e-05, 2.2615346e-05, 2.8436593e-06, 2.7032306e-06, 1.1147245e-06, 7.5055914e-07, 6.2733926e-07, 5.677369e-07, 5.5820703e-07, 1.7725031, 0.7915418, 0.6265687, 0.53668386, 0.45725968, 0.39653936, 0.34503075, 0.2849968, 0.19891164, 0.08743953, 0.01093525, 0.005987976, 0.001561672, 0.00036978454, 0.00044221408, 2.9695737e-05, 3.6925474e-05, 6.0101006e-06, 4.729305e-06, 2.3388677e-06, 6.459941e-07, 7.827531e-07, 1.0769533, 0.2829953, 0.070447095, 0.014634776, 0.0076104533, 0.002407174, 0.0011917535, 0.0006064709, 0.00037007398, 0.00023452436, 0.00016711371, 0.00012272476, 9.1472306e-05, 6.9918235e-05, 5.308543e-05, 4.060101e-05, 3.096768e-05, 2.3635968e-05, 1.8030816e-05, 1.3755477e-05, 1.05026575e-05, 8.032022e-06, 6.1607548e-06, 4.747525e-06, 3.6818406e-06, 2.881065e-06, 2.2812526e-06, 1.8327383e-06, 1.4987921e-06, 1.2503942e-06, 1.0663923e-06, 9.307446e-07, 8.3082125e-07, 7.572995e-07, 0.9699654, 1.8478012, 0.85047096, 0.62891984, 0.56958824, 0.5194823, 1.7522593, 0.77484936, 0.63639295, 0.43189958, 0.24714392, 0.077653095, 0.019069478, 0.008845676, 0.0056496537, 0.0048745493, 0.0040521463, 0.0038439054, 0.0029771165, 0.0027511586, 0.21378078, 0.12138992, 0.084080406, 0.077529885, 0.06248018, 0.056367528, 0.048735406, 0.047711242, 0.83858037, 0.23321383, 0.09185239, 0.058988262, 0.045153018, 0.03874173, 0.033595037, 0.032217257, 0.85872614, 0.21344008, 0.5040041, 0.19669126, 0.17939015, 0.12682185, 1.0618318, 0.5860952, 0.5224586, 0.46529573, 0.38733974, 0.33504844, 0.57294214, 0.37514067, 0.36322993, 0.30494913, 0.7135399, 0.44049343, 0.39919958, 0.3647712, 0.47715786, 0.78215456, 0.9967855, 0.66376, 0.5683246, 0.5448549, 0.5775925, 0.46483722, 0.4422299, 0.42231306, 0.46132645, 0.42086715, 0.50246274, 0.45108074, 0.8603559, 0.632763, 0.5867545, 0.8059151, 0.77571255, 0.5804957, 0.48809657, 0.4646125, 0.57044315, 0.4568436, 0.4341147, 0.43040818, 0.8000377, 1.4086912, 1.1072365, 0.9115175, 0.88947403, 0.78404313, 0.7838519, 0.7348691, 0.84336084, 0.7448226, 0.95656276, 1.004615, 0.9298139, 0.84317994, 0.7658081, 0.7027599, 0.79978347, 0.6383085, 0.71411, 0.6215747, 0.58787984, 0.56352186, 0.62228304, 0.8779306, 1.0845982, 0.88334876, 0.8354344, 0.76318526, 0.7135991, 0.7106934], 'scaler_samples': (array([[0.7418067 , 0.38680429],       [0.27808574, 0.96787085],       [0.88773166, 0.28935496]]), array([-1.51781653, -1.4973822 , -1.43307087])), 'net': {'saver_path': './M-LOOP_archives/./neural_net_archive_2022-10-23_01-52_0q1_yYYs.ckpt'}}
net_1={'last_hyperfit': 0, 'last_net_reg': 1e-08, 'regularization_history': [1e-08], 'losses_list': [5.168923, 0.6457905, 0.30327547, 0.07568579, 0.020243635, 0.007689528, 0.002248205, 0.0013203017, 0.0002994696, 9.670233e-05, 5.2752162e-05, 5.9510403e-06, 9.187546e-06, 2.7245378e-06, 1.1477043e-06, 8.8979266e-07, 5.8253755e-07, 5.745874e-07, 5.502065e-07, 5.3675154e-07, 5.3691576e-07, 5.356793e-07, 5.3504937e-07, 5.350367e-07, 5.350021e-07, 5.3497524e-07, 5.349747e-07, 5.349735e-07, 5.349734e-07, 5.34973e-07, 3.06397, 0.33589795, 0.11347028, 0.0067987912, 0.013262356, 0.0030989877, 0.0010170541, 0.0003915333, 9.679062e-05, 2.7446733e-05, 1.7799774e-05, 4.6729942e-06, 3.001151e-06, 1.3484994e-06, 7.015532e-07, 6.235683e-07, 5.59169e-07, 5.470277e-07, 1.7373583, 0.80086017, 0.6570954, 0.5901372, 1.4391422, 0.90614927, 0.67527556, 0.56460977, 0.5126149, 0.4553007, 0.38695833, 0.30582607, 0.21712127, 0.13965398, 0.08149142, 0.030800954, 0.005099527, 0.004415833, 0.001921587, 0.0009369868, 0.00062617124, 0.00031430533, 0.00019967793, 0.00011068463, 6.626471e-05, 3.7639664e-05, 2.196275e-05, 1.2585245e-05, 7.310155e-06, 4.3054383e-06, 2.6268983e-06, 2.1554138e-06, 1.3039523, 2.4782462, 1.400951, 1.0856842, 0.6266526, 0.55107474, 0.33260393, 0.5389231, 0.24344142, 0.15376729, 0.031534012, 0.019482668, 0.006541408, 0.0035696966, 0.0025395113, 0.0052175904, 1.6523584, 0.71716386, 0.5950641, 0.5784981, 0.46637985, 0.37059733, 0.2419325, 0.11062263, 0.070574105, 0.02856709, 0.020636924, 0.015949763, 0.011376733, 0.011235373, 1.3478451, 0.31001505, 0.1914633, 0.12841642, 0.09722045, 0.084399976, 0.076992, 0.07717268, 0.4647628, 0.18817902, 0.1316517, 0.09947324, 0.08193705, 0.07072326, 0.06561801, 0.05815041, 1.1296928, 0.9380711, 0.3090951, 0.3849257, 0.36875498, 0.22513035, 0.19732244, 0.20085484, 0.41225696, 0.2896392, 0.3030203, 0.27042773, 0.6627923, 0.42399195, 0.38674772, 0.38919818, 0.5408305, 0.69103324, 0.79398984, 0.6035109, 0.6040073, 0.5300401, 0.6110444, 0.5164556, 0.61106455, 0.55070984, 0.69820076, 0.79276043, 1.096197, 0.6715907, 0.66964865, 0.5747713, 0.547068, 0.5279892, 0.72524977, 0.567421, 0.5324481, 0.48566946, 0.49977884, 0.45411062, 0.8838777, 1.0022913, 1.1771613, 0.92283696, 0.91716886, 0.86121565, 1.0837121, 0.84426135, 0.75511146, 0.7490719, 0.82198584, 0.75734633, 0.95765924, 1.27824, 1.0564824, 0.8736379, 0.9825421, 0.8230973, 0.7634509, 0.7303857, 0.8118404, 0.72293085, 0.680288, 0.66816044, 0.681529, 1.0124998, 1.0870218, 0.94434834], 'scaler_samples': (array([[0.7418067 , 0.38680429],       [0.27808574, 0.96787085],       [0.88773166, 0.28935496]]), array([-1.51781653, -1.4973822 , -1.43307087])), 'net': {'saver_path': './M-LOOP_archives/./neural_net_archive_2022-10-23_01-52_QyHQeAfl.ckpt'}}
net_2={'last_hyperfit': 0, 'last_net_reg': 1e-08, 'regularization_history': [1e-08], 'losses_list': [1.6700274, 0.03247888, 0.049842075, 0.010629182, 0.007747471, 0.0028478277, 0.00059426547, 0.0002317664, 6.52564e-05, 3.4063833e-05, 1.2323041e-05, 4.2202137e-06, 2.455879e-06, 6.765872e-07, 8.216248e-07, 6.113301e-07, 5.854974e-07, 5.4788416e-07, 5.465758e-07, 5.4336704e-07, 5.4346583e-07, 5.433641e-07, 5.4324397e-07, 5.432256e-07, 5.432084e-07, 5.432045e-07, 5.432047e-07, 5.4320464e-07, 5.4320446e-07, 5.4320446e-07, 2.8587437, 0.40194872, 0.16176681, 0.028668737, 0.01377661, 0.0022260812, 0.0010444401, 0.0005608546, 0.0002041973, 3.941189e-05, 1.5903683e-05, 1.4542398e-05, 2.8689803e-06, 1.1484492e-06, 8.487862e-07, 6.9809937e-07, 5.887756e-07, 5.507615e-07, 2.0100071, 0.7546029, 0.65710545, 0.59551287, 0.5191528, 0.40892056, 0.2859306, 0.17379689, 0.117975965, 0.09267148, 0.0625494, 0.0394366, 0.016855389, 0.003688726, 8.263993e-05, 0.00022265216, 1.3558936, 0.5738063, 0.28178388, 0.1340807, 0.03731906, 0.006364049, 0.003474709, 0.00079842896, 0.00056056347, 6.2951905e-05, 7.600571e-05, 1.1330502e-05, 9.999911e-06, 2.2610648e-06, 1.7170728e-06, 7.964503e-07, 7.117053e-07, 6.1398464e-07, 1.0813661, 1.7433963, 1.0303893, 0.9712004, 0.5044304, 0.8553904, 0.29761904, 0.19558743, 0.107079335, 0.043526746, 1.6627225, 1.0188019, 0.76283395, 0.58919656, 0.5347935, 0.47843415, 0.393258, 0.28708813, 0.1037945, 0.010914275, 0.0032440785, 0.0032177311, 0.003878492, 0.0024162538, 0.0031155194, 0.002462012, 0.28393784, 0.19007485, 0.133418, 0.10372344, 0.095693514, 0.08899977, 0.4093231, 0.20320414, 0.14287612, 0.11791865, 0.09805668, 0.082808316, 0.07184314, 0.06679879, 1.6860887, 1.2673185, 0.69637424, 0.40931323, 0.24847302, 0.20466626, 0.39729938, 0.21766372, 0.211761, 0.2118637, 0.4893109, 0.3505125, 0.2962025, 0.27772817, 0.71788955, 0.3729111, 0.33415473, 0.32689422, 0.48086897, 0.67502946, 1.0807587, 0.5725418, 0.4922789, 0.47478646, 0.5647708, 0.42482084, 0.42689013, 0.4003399, 0.54896134, 0.44743848, 0.42512873, 0.40994236, 0.6551511, 0.9208021, 0.78650707, 0.60182756, 0.8721317, 0.57999694, 0.7441816, 0.5341785, 0.45598283, 0.44734964, 0.4804885, 0.3880375, 0.33714128, 0.5042218, 0.72040707, 1.1991131, 1.0659871, 0.9192835, 0.8766031, 0.88134396, 0.90744007, 0.8289097, 0.9944724, 0.8027064, 0.7693977, 0.7569623, 0.96999776, 0.958223, 1.0239083, 0.7973806, 0.74104685, 0.7353874, 0.76333207, 0.6687386, 0.72233653, 0.68698967, 0.7712527, 1.0588454, 0.9149282, 0.8531306], 'scaler_samples': (array([[0.7418067 , 0.38680429],       [0.27808574, 0.96787085],       [0.88773166, 0.28935496]]), array([-1.51781653, -1.4973822 , -1.43307087])), 'net': {'saver_path': './M-LOOP_archives/./neural_net_archive_2022-10-23_01-52_dzq_0j9E.ckpt'}}
