mloop_version='3.3.1'
archive_type='neural_net_learner'
num_params=2
min_boundary=array([0., 0.])
max_boundary=array([1., 1.])
start_datetime='2022-10-23_08-04'
param_names=['', '']
search_precision=1e-06
parameter_searches=10
bad_uncer_frac=0.1
trust_region=nan
has_trust_region=False
predict_global_minima_at_end=True
generation_num=3
update_hyperparameters=False
predicted_best_parameters=array([0.81362217, 0.92848697])
predicted_best_scaled_cost=-1.0793267
predicted_best_cost=-2.4720869912641863
all_params=array([[0.41962101, 0.81769799],       [0.90216778, 0.26978829],       [0.73453894, 0.47161482],       [0.06776991, 1.        ],       [0.        , 1.        ],       [0.        , 1.        ],       [0.74802554, 0.19231203],       [0.54106552, 0.92575749],       [0.57606696, 0.95108804],       [0.42389639, 0.9030664 ],       [0.09028812, 0.54374147],       [0.42603771, 0.73937162],       [0.70675416, 1.        ],       [0.39891297, 0.77090864],       [0.72337158, 0.79990913],       [0.45090747, 0.80739912],       [0.5882006 , 1.        ],       [0.42553284, 0.82802763],       [0.23010176, 0.4698275 ],       [0.56800177, 0.90997618],       [0.67878248, 0.        ],       [0.57039066, 0.88447713],       [0.29737135, 0.49432462],       [0.40096509, 0.82430151],       [0.38686939, 0.80940679],       [0.54152706, 0.97506394],       [0.5036732 , 0.94068708],       [0.56132899, 0.95168529],       [0.58060589, 0.92431675],       [0.59319477, 0.92644649],       [0.17183667, 0.34649313],       [0.43459057, 0.81498574],       [0.5797279 , 0.91188945],       [0.43781244, 0.79528264],       [0.34299234, 0.94545455],       [0.        , 0.09416984],       [0.        , 0.16769326],       [0.        , 0.10944092],       [0.49446624, 0.84110099],       [0.0614156 , 0.27302209],       [0.00526612, 0.28816805],       [0.14865968, 0.30425349],       [0.08673026, 0.47837157],       [0.49880658, 0.78905746],       [0.59250992, 0.89544713],       [0.26602077, 0.30984956],       [0.10706077, 0.08295976],       [0.25935694, 0.3335058 ],       [0.5528441 , 0.99944229],       [0.25250474, 0.32647361],       [0.38187846, 0.75736011],       [0.42341612, 0.63823922],       [0.57839807, 0.89981801],       [0.58098787, 0.91569638],       [0.92051999, 0.51637225],       [0.14135461, 0.31397616],       [0.08906237, 0.24902867],       [0.4169523 , 0.29417863],       [0.27547909, 0.84527963],       [0.96145282, 0.54519602],       [1.        , 0.53096213],       [1.        , 0.57546014],       [0.49768523, 0.0145337 ],       [0.89457786, 0.49324826],       [0.91586444, 0.48377477],       [0.91381681, 0.47892011],       [0.36275058, 0.48499117],       [0.93006469, 0.51556203],       [0.94772286, 0.50945692],       [0.94298282, 0.49649805],       [0.80832151, 0.11749183],       [0.91477024, 0.54988999],       [0.89029395, 0.56878812],       [0.91220842, 0.5586366 ],       [0.10238618, 0.53997449],       [0.92001717, 0.52097659],       [0.91506921, 0.51600074],       [0.91820007, 0.51848575],       [0.42836083, 0.44726405],       [0.19302577, 0.35856072],       [0.27832621, 0.24973252],       [0.91920603, 0.50050544],       [0.62342548, 0.76284049],       [0.92711683, 0.51837611],       [0.6308985 , 0.83365155],       [0.21673168, 0.36994826],       [0.98219533, 0.31842772],       [0.92408503, 0.51574461],       [0.67885082, 0.70166808],       [0.25853379, 0.30241583],       [0.32889016, 0.80062154],       [0.9247295 , 0.51660369],       [0.57604505, 0.94335004],       [0.42523876, 0.81375762],       [0.50431057, 0.29863293],       [0.9226071 , 0.51307911],       [0.81897864, 0.        ],       [0.13863683, 0.3268508 ],       [0.26735198, 0.42214628],       [0.46943899, 0.67508161],       [0.        , 0.18341213],       [0.58039163, 0.92833918],       [0.46542838, 0.11095552],       [0.92171652, 0.51459152],       [0.92107887, 0.51076305],       [0.91910491, 0.50926133],       [0.89899866, 0.98070786],       [0.45369967, 0.10041889],       [0.43434284, 0.07427049],       [0.40831965, 0.11656196],       [0.38099603, 0.66382605],       [0.49314859, 0.17281549],       [0.81614687, 0.19885887],       [0.96177929, 0.56047117],       [0.75078534, 0.97596155],       [0.65869664, 0.80513133],       [0.36812668, 0.67461257],       [0.8301062 , 0.17334891],       [0.36512155, 0.65600124],       [0.46736287, 0.12522476]])
all_costs=array([-2.56996149, -1.84516129, -1.98414272, -2.01611279, -1.89763033,       -1.91578947, -2.17845484, -2.31445087, -2.56996149, -2.05333333,       -1.93804453, -2.20727674, -1.81504986, -2.18320611, -1.92315082,       -2.23188406, -1.95317073, -2.12752391, -1.976308  , -2.34152047,       -1.96082272, -1.90485252, -1.98808342, -2.06604747, -1.976308  ,       -2.01611279, -2.13660619, -2.18797814, -2.40336134, -2.04494382,       -2.48079306, -2.38617402, -2.2932417 , -1.98414272, -1.95317073,       -2.07032058, -2.33605601, -2.07032058, -2.2519685 , -2.25704622,       -1.93056895, -2.02018163, -1.87981221, -1.90123457, -1.90485252,       -2.37485172, -2.14117647, -1.91212989, -1.96467125, -2.03248731,       -2.12752391, -2.10073452, -2.        , -2.43256379, -2.73124147,       -2.34701055, -1.90123457, -2.06604747, -2.06179197, -2.2519685 ,       -2.20727674, -1.9920398 , -2.22197558, -1.98414272, -2.38049941,       -2.26214689, -2.11851852, -2.43256379, -1.98808342, -1.97241379,       -2.2932417 , -2.15037594, -2.04912999, -2.02018163, -2.13660619,       -2.10073452, -2.46855734, -2.23687151, -1.91212989, -2.10515247,       -1.97241379, -2.20242024, -2.16432432, -2.34152047, -2.30379747,       -2.29850746, -2.18797814, -2.38049941, -2.07032058, -1.94180407,       -2.10515247, -2.25704622, -2.02426694, -2.31445087, -1.93429952,       -2.32520325, -2.04077472, -2.2121547 , -2.08759124, -1.98808342,       -2.15037594, -1.96082272, -2.60338101, -2.20727674, -2.35252644,       -2.03662258, -2.14576635, -2.288     , -1.86928105, -2.16901408,       -2.44444444, -2.17845484, -2.32520325, -2.06179197, -2.2519685 ,       -2.09195402, -2.        , -2.22197558, -2.10958904, -2.30911188])
all_uncers=array([1.e-08, 1.e-08, 1.e-08, 1.e-08, 1.e-08, 1.e-08, 1.e-08, 1.e-08,       1.e-08, 1.e-08, 1.e-08, 1.e-08, 1.e-08, 1.e-08, 1.e-08, 1.e-08,       1.e-08, 1.e-08, 1.e-08, 1.e-08, 1.e-08, 1.e-08, 1.e-08, 1.e-08,       1.e-08, 1.e-08, 1.e-08, 1.e-08, 1.e-08, 1.e-08, 1.e-08, 1.e-08,       1.e-08, 1.e-08, 1.e-08, 1.e-08, 1.e-08, 1.e-08, 1.e-08, 1.e-08,       1.e-08, 1.e-08, 1.e-08, 1.e-08, 1.e-08, 1.e-08, 1.e-08, 1.e-08,       1.e-08, 1.e-08, 1.e-08, 1.e-08, 1.e-08, 1.e-08, 1.e-08, 1.e-08,       1.e-08, 1.e-08, 1.e-08, 1.e-08, 1.e-08, 1.e-08, 1.e-08, 1.e-08,       1.e-08, 1.e-08, 1.e-08, 1.e-08, 1.e-08, 1.e-08, 1.e-08, 1.e-08,       1.e-08, 1.e-08, 1.e-08, 1.e-08, 1.e-08, 1.e-08, 1.e-08, 1.e-08,       1.e-08, 1.e-08, 1.e-08, 1.e-08, 1.e-08, 1.e-08, 1.e-08, 1.e-08,       1.e-08, 1.e-08, 1.e-08, 1.e-08, 1.e-08, 1.e-08, 1.e-08, 1.e-08,       1.e-08, 1.e-08, 1.e-08, 1.e-08, 1.e-08, 1.e-08, 1.e-08, 1.e-08,       1.e-08, 1.e-08, 1.e-08, 1.e-08, 1.e-08, 1.e-08, 1.e-08, 1.e-08,       1.e-08, 1.e-08, 1.e-08, 1.e-08, 1.e-08, 1.e-08, 1.e-08, 1.e-08])
bad_run_indexs=[]
best_cost=-2.7312414733969987
best_params=array([0.92051999, 0.51637225])
best_index=54
worst_cost=-1.8150498640072532
worst_index=12
cost_range=0.9161916093897455
costs_count=120
params_count=91
cost_scaler_init_index=3
net_0={'last_hyperfit': 0, 'last_net_reg': 1e-08, 'regularization_history': [1e-08], 'losses_list': [3.08999, 0.11905731, 0.05300322, 0.035245176, 0.013360991, 0.0031558021, 0.0005519438, 5.8648337e-05, 3.0743963e-06, 2.8911477e-06, 1.5971696e-06, 8.706804e-07, 8.6343516e-07, 9.12624e-07, 8.373671e-07, 7.130931e-07, 6.173193e-07, 5.703429e-07, 5.5688383e-07, 5.559934e-07, 5.5641783e-07, 5.5612253e-07, 5.558767e-07, 5.558126e-07, 5.558069e-07, 5.558068e-07, 5.5580654e-07, 5.5580574e-07, 5.558056e-07, 5.5580557e-07, 0.22128241, 0.13165198, 0.016391754, 0.026806736, 0.0060946713, 0.00092787313, 0.45336643, 0.15907039, 0.123519436, 0.08212079, 0.0396181, 0.012274134, 0.0017759651, 0.00048620306, 0.0006070904, 0.00031910214, 0.00017898565, 0.0001781109, 0.8321907, 0.14284208, 0.10001259, 0.07747291, 0.06948172, 0.057421163, 0.045930456, 0.035956062, 0.026175156, 0.017212871, 0.0101955915, 0.0058717104, 0.0038385624, 0.0029157405, 0.0023365538, 0.0019133852, 0.0016061203, 0.0013696142, 0.0011772808, 0.0010183934, 0.00088572205, 0.0007738965, 0.0006791602, 0.0005986567, 0.00053004676, 0.0004714629, 0.00042138982, 0.0003785118, 0.42983654, 0.21050817, 0.6712858, 0.20110814, 0.1540365, 0.13144107, 0.28997362, 0.1983326, 0.17396578, 0.16704199, 0.21353948, 0.1936762, 0.18549618, 0.18310735, 0.2490412, 0.20912668, 0.20492315, 0.20085485, 0.27768895, 0.18919083, 0.16973796, 0.16493614, 0.26503482, 0.1934543, 0.18629442, 0.18049105, 0.2178665, 0.20029697, 0.24413629, 0.23371245, 0.214425, 0.19627455, 0.27383992, 0.17200285, 0.157612, 0.14954552, 0.1640591, 0.12507689, 0.1156253, 0.10697073, 0.19632252, 0.17679544, 0.1746589, 0.15194783, 0.13055202, 0.121877596, 0.3001695, 0.15330645, 0.10405264, 0.10355572, 0.081335776, 0.07190839, 0.056185562, 0.05293838, 0.14850233, 0.056794096, 0.048334435, 0.047575213, 0.08488277, 0.0729504, 0.0714209, 0.06998927, 0.1073345, 0.21035247, 0.08030337, 0.07994522, 0.087738805, 0.08446929, 0.10695011, 0.07958919, 0.08015663, 0.07522929, 0.10045997, 0.09320732, 0.09347865, 0.10021371, 0.11175392, 0.10454196, 0.10179469, 0.098203346, 0.12663005, 0.100581296, 0.09823094, 0.09844117, 0.1324462, 0.120126344, 0.10768924, 0.09944372, 0.13745783, 0.13180399, 0.16054702, 0.1274381, 0.115716875, 0.11940895, 0.10841999, 0.10661521], 'scaler_samples': (array([[0.41962101, 0.81769799],       [0.90216778, 0.26978829],       [0.73453894, 0.47161482]]), array([-2.56996149, -1.84516129, -1.98414272])), 'net': {'saver_path': './M-LOOP_archives/./neural_net_archive_2022-10-23_08-04_1H1djiTa.ckpt'}}
net_1={'last_hyperfit': 0, 'last_net_reg': 1e-08, 'regularization_history': [1e-08], 'losses_list': [3.6476984, 0.1586048, 0.10926739, 0.06328042, 0.024879426, 0.00632361, 0.00093516137, 0.00020825048, 9.552064e-05, 4.0557406e-05, 2.1298118e-05, 8.4965295e-06, 2.558405e-06, 1.6025809e-06, 1.4031123e-06, 9.14109e-07, 6.213769e-07, 5.416404e-07, 5.158255e-07, 5.1222776e-07, 5.129119e-07, 5.113122e-07, 5.108975e-07, 5.1082947e-07, 5.1078285e-07, 5.107761e-07, 5.1077586e-07, 5.1077376e-07, 5.107733e-07, 5.107733e-07, 1.3627323, 0.0660921, 0.09673864, 0.031560536, 0.011952412, 0.0052411193, 0.002154334, 0.0009833858, 0.0005501416, 0.00037251296, 0.00030672646, 0.00028490953, 0.744982, 0.2850768, 0.17346768, 0.13986427, 0.120681934, 0.0934179, 0.06624074, 0.039363123, 0.017392134, 0.0051014996, 0.002143024, 0.0012132264, 0.0005057101, 0.000292762, 0.00018585849, 0.00017535313, 1.1610503, 0.24791394, 0.14675568, 0.116457954, 0.09532064, 0.08618566, 0.3022825, 0.25203893, 0.20810288, 0.18685424, 0.27241528, 0.21890223, 0.19150023, 0.1873166, 0.21690933, 0.20669621, 0.19840534, 0.19581608, 0.22293459, 0.20810238, 0.32612246, 0.1873462, 0.17951602, 0.17714114, 0.3038971, 0.21444191, 0.20111611, 0.19696048, 0.24167362, 0.22074072, 0.27920535, 0.49807322, 0.2912546, 0.24652554, 0.3414006, 0.23826987, 0.231189, 0.21943346, 0.27865142, 0.18148053, 0.15639435, 0.13968712, 0.20833662, 0.19805725, 0.16506156, 0.198362, 0.33238855, 0.17864303, 0.18384084, 0.14685073, 0.22306652, 0.17795388, 0.14751667, 0.123856865, 0.10367614, 0.09003174, 0.081486486, 0.16207433, 0.06532326, 0.060341258, 0.10282134, 0.07970699, 0.07794926, 0.0825334, 0.12703867, 0.12551087, 0.115810335, 0.20065126, 0.21301343, 0.16168775, 0.1484685, 0.15944467, 0.15218918, 0.12638164, 0.11050646, 0.10917167, 0.15246916, 0.10939855, 0.11370684, 0.11770108, 0.13149606, 0.116862595, 0.13485688, 0.11620501, 0.17203037, 0.14963035, 0.13754152, 0.12895198, 0.13209194, 0.19540952, 0.15105979, 0.1412915], 'scaler_samples': (array([[0.41962101, 0.81769799],       [0.90216778, 0.26978829],       [0.73453894, 0.47161482]]), array([-2.56996149, -1.84516129, -1.98414272])), 'net': {'saver_path': './M-LOOP_archives/./neural_net_archive_2022-10-23_08-04_aDeFUMmO.ckpt'}}
net_2={'last_hyperfit': 0, 'last_net_reg': 1e-08, 'regularization_history': [1e-08], 'losses_list': [0.23714162, 0.0065069413, 0.0060025407, 0.00092638016, 0.0008806608, 0.0006844213, 0.00028795446, 9.24413e-05, 2.9563653e-05, 9.912905e-06, 3.0814927e-06, 1.1214919e-06, 7.434387e-07, 6.786135e-07, 6.332872e-07, 5.820745e-07, 5.5368474e-07, 5.522157e-07, 5.5248216e-07, 5.513576e-07, 5.5100827e-07, 5.510122e-07, 5.509861e-07, 5.509649e-07, 5.509623e-07, 5.5096183e-07, 5.509618e-07, 5.509617e-07, 5.509616e-07, 5.509616e-07, 1.4729372, 0.2949641, 0.0025596712, 0.007940379, 0.0051698904, 0.0026261257, 0.0013246475, 0.00074755994, 0.00048576886, 0.00035964625, 0.00030302448, 0.0002834836, 0.4967904, 0.14313708, 0.07919376, 0.028817637, 0.004563553, 0.0007657521, 0.001039674, 0.00040773896, 0.00018880956, 0.00019676343, 0.42960286, 0.16017716, 0.063917644, 0.035010908, 0.023696044, 0.016056735, 0.010574514, 0.0071292957, 0.00486725, 0.0032127912, 0.0020868229, 0.0013497086, 0.00085987325, 0.00054978515, 0.0003613048, 0.0002503954, 0.00018800177, 0.00015418988, 0.00013661098, 0.00012780818, 0.32831997, 0.23158008, 0.22836483, 0.15977305, 0.17391136, 0.18713379, 0.23266245, 0.17018181, 0.15264559, 0.13333414, 0.118269235, 0.09327115, 0.073101684, 0.06377137, 0.04936809, 0.045724366, 0.30771756, 0.14166471, 0.12214036, 0.10824443, 0.094706655, 0.08286747, 0.07427569, 0.06565882, 0.18240736, 0.11297311, 0.09665061, 0.09188989, 0.16374075, 0.4357962, 0.28581622, 0.21641111, 0.18172638, 0.20390663, 0.2702117, 0.19727692, 0.19364414, 0.18106794, 0.2081901, 0.18094794, 0.24265683, 0.25315928, 0.20445153, 0.17606632, 0.26754564, 0.1538926, 0.14699104, 0.13846037, 0.24925098, 0.12360474, 0.10860724, 0.09913974, 0.087631665, 0.07093932, 0.12122965, 0.06824394, 0.055063233, 0.049691815, 0.05040242, 0.04427615, 0.1348916, 0.077797405, 0.07587674, 0.114128284, 0.14432412, 0.08883789, 0.075478144, 0.07372643, 0.10443398, 0.04685969, 0.15598328, 0.062048562, 0.048351504, 0.037757464, 0.028007044, 0.024743045, 0.07501765, 0.051346302, 0.05030312, 0.048791658, 0.067658395, 0.089375265, 0.19449912, 0.063831575, 0.06278262, 0.06323336, 0.079962194, 0.06121854, 0.059761353, 0.05827828, 0.0820009, 0.085164964, 0.092887774, 0.08665416, 0.09844243, 0.09293059, 0.1064513, 0.10353874, 0.13367689, 0.12803131, 0.12010805, 0.113317855, 0.1198245, 0.13258544, 0.1568647, 0.12667596, 0.12404721, 0.11144973], 'scaler_samples': (array([[0.41962101, 0.81769799],       [0.90216778, 0.26978829],       [0.73453894, 0.47161482]]), array([-2.56996149, -1.84516129, -1.98414272])), 'net': {'saver_path': './M-LOOP_archives/./neural_net_archive_2022-10-23_08-04_rr_-eBZC.ckpt'}}
