mloop_version='3.3.1'
archive_type='neural_net_learner'
num_params=2
min_boundary=array([0., 0.])
max_boundary=array([1., 1.])
start_datetime='2022-10-22_23-20'
param_names=['', '']
search_precision=1e-06
parameter_searches=10
bad_uncer_frac=0.1
trust_region=nan
has_trust_region=False
predict_global_minima_at_end=True
generation_num=3
update_hyperparameters=False
predicted_best_parameters=array([0.22979657, 0.412578  ])
predicted_best_scaled_cost=-6.7432375
predicted_best_cost=-1.177284441840368
all_params=array([[0.86560781, 0.40550732],       [0.44511599, 0.48621444],       [0.67427478, 0.25694164],       [0.53830374, 0.        ],       [0.        , 1.        ],       [0.        , 0.6963636 ],       [0.7274223 , 0.45000542],       [1.        , 0.        ],       [0.53847915, 0.57368503],       [0.45187829, 0.44838512],       [0.53699411, 0.4278591 ],       [0.43701813, 0.45589226],       [0.41297663, 0.44948403],       [0.4199799 , 0.45951615],       [0.29308631, 0.39852244],       [0.        , 0.37151328],       [0.23371683, 0.41907682],       [0.        , 0.3007695 ],       [0.7202587 , 0.76597213],       [0.        , 0.48941761],       [0.24375857, 0.4578196 ],       [0.        , 0.48819339],       [0.14530515, 0.58617507],       [0.        , 0.04831373],       [0.23221906, 0.42397116],       [0.32569064, 0.43062997],       [0.15534208, 0.89329585],       [0.38716293, 0.43358231],       [0.35384133, 0.42847914],       [0.37390064, 0.43673132],       [0.14216974, 0.58069298],       [0.        , 0.62600366],       [0.22712986, 0.41256609],       [0.28846816, 0.42215984],       [0.64367302, 0.81854255],       [0.        , 0.60167781],       [0.16279197, 0.41523314],       [0.00447135, 0.25496543],       [0.20474921, 0.72882165],       [0.60003711, 1.        ],       [0.59821111, 1.        ],       [0.51669294, 1.        ],       [0.30720503, 0.03889945],       [0.21449855, 0.55553792],       [0.18701247, 0.55572508],       [0.19288041, 0.40665555],       [0.29550663, 0.5953129 ],       [0.11402595, 0.59244198],       [0.12281984, 0.58765694],       [0.12270404, 0.59025873],       [0.69756267, 0.38226794],       [0.29010925, 0.44029579],       [0.26464878, 0.41284728],       [0.18104176, 0.56501039],       [0.79781898, 0.59506635],       [0.1913491 , 0.56369931],       [0.20066922, 0.41587792],       [0.18991923, 0.56013889],       [0.62264341, 0.00621609],       [0.18753265, 0.41485229],       [0.15071618, 0.41941979],       [0.20963896, 0.41525646],       [0.90493322, 0.79246354],       [0.20197451, 0.41854032],       [0.18340726, 0.41886244],       [0.20801689, 0.41682973],       [0.69726871, 0.41805296],       [0.21776124, 0.41545258],       [0.16880842, 0.42061983],       [0.18000703, 0.41599725],       [0.4756055 , 0.51296581],       [0.23117777, 0.41499819],       [0.19205816, 0.41639093],       [0.22022112, 0.41558215],       [0.83155864, 0.10170458],       [0.22055237, 0.41397589],       [0.20323106, 0.41546457],       [0.21665328, 0.41512089],       [0.9330821 , 0.05378909],       [0.2341307 , 0.41493847],       [0.86124414, 0.        ],       [0.22168187, 0.41450447],       [0.34282849, 0.01949039],       [0.        , 0.42648557],       [0.        , 0.43522201],       [0.21627208, 0.41757825],       [0.15398359, 0.40979303],       [0.20704974, 0.41635435],       [0.19840475, 0.41576673],       [0.20845591, 0.41659001],       [0.49512815, 0.04692758],       [0.19752604, 0.41604146],       [0.81296708, 0.13073993],       [0.18746148, 0.41589823],       [0.33421113, 0.1302814 ],       [0.81964085, 0.11234604],       [0.2075867 , 0.41515112],       [0.82338112, 0.11984242],       [0.3901546 , 0.95538034],       [0.18772883, 0.41524084],       [0.19804757, 0.41560451],       [0.22617902, 0.41262677],       [0.04118656, 0.99692365],       [0.22293267, 0.41384928],       [0.22358223, 0.41545984],       [0.22242416, 0.41295766],       [0.41842556, 0.79294374],       [0.59870439, 0.72332821],       [0.19988482, 0.41762544],       [0.71877877, 1.        ],       [0.19377765, 0.85906677],       [0.31317762, 0.43030453],       [0.22657921, 0.41315396],       [0.22948089, 0.41208236],       [0.87586308, 0.20693675],       [0.21955517, 0.41280845],       [0.19323252, 0.4177887 ],       [0.23526594, 0.4117071 ],       [0.4658554 , 0.2522598 ],       [0.81649735, 0.08549925]])
all_costs=array([-1.08863513, -1.11284047, -1.1103716 , -1.09339159, -1.08863513,       -1.09219858, -1.08627238, -1.10546659, -1.10060473, -1.11407902,       -1.09939594, -1.10181618, -1.15923567, -1.09939594, -1.0969863 ,       -1.10546659, -1.17419355, -1.13556438, -1.0969863 , -1.0969863 ,       -1.11532033, -1.1228267 , -1.15389049, -1.10181618, -1.11532033,       -1.17972893, -1.13171283, -1.09339159, -1.11407902, -1.0981898 ,       -1.21113128, -1.13043478, -1.19522388, -1.11160466, -1.17007598,       -1.12408759, -1.17007598, -1.0981898 , -1.11781128, -1.09939594,       -1.09939594, -1.12408759, -1.07001603, -1.15789474, -1.14727794,       -1.11906093, -1.09219858, -1.16057971, -1.14074074, -1.13427762,       -1.1228267 , -1.12408759, -1.15923567, -1.19379845, -1.11160466,       -1.17281781, -1.21850274, -1.12156863, -1.08863513, -1.16327716,       -1.18954248, -1.17695473, -1.10668878, -1.19237641, -1.17281781,       -1.16057971, -1.14204221, -1.19522388, -1.17557252, -1.19237641,       -1.15389049, -1.19665272, -1.18954248, -1.16057971, -1.18251624,       -1.22296885, -1.14074074, -1.16057971, -1.0969863 , -1.13685406,       -1.12788732, -1.19522388, -1.12915962, -1.0969863 , -1.07924528,       -1.19952067, -1.13556438, -1.14727794, -1.1783402 , -1.14596451,       -1.10546659, -1.17144529, -1.17695473, -1.14859438, -1.14465409,       -1.16327716, -1.15923567, -1.14204221, -1.08982036, -1.14074074,       -1.17972893, -1.1783402 , -1.11284047, -1.1646306 , -1.15389049,       -1.1783402 , -1.13427762, -1.0969863 , -1.14859438, -1.13556438,       -1.13427762, -1.15389049, -1.17144529, -1.16192687, -1.11284047,       -1.17695473, -1.14727794, -1.14859438, -1.09939594, -1.16734694])
all_uncers=array([1.e-08, 1.e-08, 1.e-08, 1.e-08, 1.e-08, 1.e-08, 1.e-08, 1.e-08,       1.e-08, 1.e-08, 1.e-08, 1.e-08, 1.e-08, 1.e-08, 1.e-08, 1.e-08,       1.e-08, 1.e-08, 1.e-08, 1.e-08, 1.e-08, 1.e-08, 1.e-08, 1.e-08,       1.e-08, 1.e-08, 1.e-08, 1.e-08, 1.e-08, 1.e-08, 1.e-08, 1.e-08,       1.e-08, 1.e-08, 1.e-08, 1.e-08, 1.e-08, 1.e-08, 1.e-08, 1.e-08,       1.e-08, 1.e-08, 1.e-08, 1.e-08, 1.e-08, 1.e-08, 1.e-08, 1.e-08,       1.e-08, 1.e-08, 1.e-08, 1.e-08, 1.e-08, 1.e-08, 1.e-08, 1.e-08,       1.e-08, 1.e-08, 1.e-08, 1.e-08, 1.e-08, 1.e-08, 1.e-08, 1.e-08,       1.e-08, 1.e-08, 1.e-08, 1.e-08, 1.e-08, 1.e-08, 1.e-08, 1.e-08,       1.e-08, 1.e-08, 1.e-08, 1.e-08, 1.e-08, 1.e-08, 1.e-08, 1.e-08,       1.e-08, 1.e-08, 1.e-08, 1.e-08, 1.e-08, 1.e-08, 1.e-08, 1.e-08,       1.e-08, 1.e-08, 1.e-08, 1.e-08, 1.e-08, 1.e-08, 1.e-08, 1.e-08,       1.e-08, 1.e-08, 1.e-08, 1.e-08, 1.e-08, 1.e-08, 1.e-08, 1.e-08,       1.e-08, 1.e-08, 1.e-08, 1.e-08, 1.e-08, 1.e-08, 1.e-08, 1.e-08,       1.e-08, 1.e-08, 1.e-08, 1.e-08, 1.e-08, 1.e-08, 1.e-08, 1.e-08])
bad_run_indexs=[]
best_cost=-1.222968845448992
best_params=array([0.22055237, 0.41397589])
best_index=75
worst_cost=-1.0700160342063068
worst_index=42
cost_range=0.15295281124268523
costs_count=120
params_count=91
cost_scaler_init_index=3
net_0={'last_hyperfit': 0, 'last_net_reg': 1e-08, 'regularization_history': [1e-08], 'losses_list': [1.8714355, 0.097938925, 0.056581777, 0.017414963, 0.005221284, 0.0030308804, 0.0014621337, 0.00050782313, 0.00017887913, 7.7276425e-05, 2.9285777e-05, 7.4680015e-06, 2.1713918e-06, 1.4960708e-06, 9.044546e-07, 6.652103e-07, 6.272637e-07, 5.6856476e-07, 5.5587674e-07, 5.5530757e-07, 5.53225e-07, 5.5282305e-07, 5.5267526e-07, 5.526772e-07, 5.5264553e-07, 5.526361e-07, 5.5263456e-07, 5.526347e-07, 5.526344e-07, 5.5263433e-07, 1.825871, 0.12464416, 0.004673258, 0.0025825193, 0.0055435146, 0.0029698298, 0.00029259262, 0.00011816945, 0.29992208, 0.03760664, 0.01430235, 0.0026535476, 0.0014147519, 0.0008528155, 9.632488e-05, 5.0168448e-05, 2.4320474e-05, 1.1464454e-05, 3.6515232e-06, 1.1060965e-06, 9.865446e-07, 7.037652e-07, 6.155592e-07, 5.672294e-07, 1.4755594, 1.1840701, 0.9339346, 0.49580482, 0.12294839, 0.078096054, 0.055486, 0.025562415, 0.010981028, 0.008039831, 0.0035266853, 0.0023565425, 0.0014505561, 0.0010063391, 0.0007252287, 0.0005855511, 9.210615, 2.9084876, 3.717072, 2.3155422, 2.0696256, 1.7795689, 6.7388577, 2.2644932, 1.582674, 1.2393515, 1.0133528, 0.6867984, 0.47365484, 0.3266346, 0.26550335, 0.17017484, 0.15643066, 0.13989995, 3.826041, 1.3429819, 0.934797, 0.7054423, 0.60411716, 0.59394944, 6.2085958, 2.6434863, 2.2563884, 2.0068095, 1.7570513, 1.497029, 1.2598745, 1.1762737, 1.0022825, 0.88816595, 2.916794, 3.5090024, 5.428995, 2.7623432, 2.0732524, 1.7388191, 3.6485038, 1.9730417, 1.4687984, 1.1919026, 1.0756173, 1.0881913, 0.8313262, 0.6046746, 0.4911996, 0.66800827, 1.8694887, 0.9104239, 0.6502333, 0.5512566, 0.4979466, 0.4715642, 0.3531147, 0.31695592, 0.31207994, 0.1953378, 1.5443494, 1.4302053, 3.0793447, 2.2223513, 2.0585904, 1.8773124, 2.5513265, 1.9442122, 1.7644231, 1.50155, 1.5237187, 1.6063544, 1.3755318, 1.3294268, 1.7145816, 1.2092221, 1.7853621, 1.3041822, 1.2203053, 1.3211967, 1.4413062, 1.1141672, 1.1996503, 1.2026174, 2.181245, 1.7484113, 1.4705985, 1.4137421, 1.7714261, 2.4468899, 4.7328453, 3.138426, 3.4972126, 2.0434082, 1.9379773, 1.9017657, 1.9988631, 1.857996, 1.9894716, 1.8274095, 2.0295262, 2.19375, 3.2830634, 2.3745897, 2.1798437, 2.0901067, 2.0581806, 2.003516, 2.3835258, 2.0738335, 1.9741384, 2.7774532, 2.5423534, 2.1859553, 2.012466, 1.9750893, 1.9320612, 1.9169675], 'scaler_samples': (array([[0.86560781, 0.40550732],       [0.44511599, 0.48621444],       [0.67427478, 0.25694164]]), array([-1.08863513, -1.11284047, -1.1103716 ])), 'net': {'saver_path': './M-LOOP_archives/./neural_net_archive_2022-10-22_23-20_dox_ZEA2.ckpt'}}
net_1={'last_hyperfit': 0, 'last_net_reg': 1e-08, 'regularization_history': [1e-08], 'losses_list': [2.9421408, 0.2921063, 0.07665007, 0.015704831, 0.0037708492, 0.0017057133, 0.00085549784, 0.00034833577, 0.00012194643, 4.4621458e-05, 1.6477497e-05, 5.2990035e-06, 2.1696833e-06, 1.0715753e-06, 7.1626647e-07, 6.0509376e-07, 5.4782936e-07, 5.220529e-07, 5.111362e-07, 5.0843926e-07, 5.082741e-07, 5.0811224e-07, 5.079508e-07, 5.078753e-07, 5.0786326e-07, 5.0785957e-07, 5.078573e-07, 5.0785496e-07, 5.078531e-07, 5.078513e-07, 8.271919, 0.9243191, 0.14989403, 0.054040994, 0.0113344295, 0.0031290585, 0.0004675155, 0.00013054181, 0.00013290942, 5.4840664e-05, 2.5308362e-05, 1.41409055e-05, 3.505727e-06, 1.4086173e-06, 6.15028e-07, 6.1210466e-07, 5.7431174e-07, 5.226746e-07, 0.2491649, 0.037380274, 0.010204453, 0.0037976431, 0.0011181968, 0.0005200833, 0.00029001158, 4.0884224e-05, 3.819241e-05, 1.2747552e-05, 5.962278e-06, 2.7449028e-06, 1.249741e-06, 7.67325e-07, 6.254068e-07, 5.4015425e-07, 1.4448403, 1.3372858, 2.6745913, 2.8711107, 2.6073086, 2.278903, 2.0982397, 1.9875327, 3.272554, 2.4618034, 1.995054, 1.7138733, 4.572415, 2.8142924, 2.5637305, 2.3869264, 3.892553, 4.338048, 5.994888, 4.057502, 3.28148, 2.8800538, 2.613673, 2.614343, 3.2718537, 2.0805135, 1.7907861, 1.643354, 1.5613576, 1.3045415, 2.4869478, 1.5657779, 1.2017081, 0.9953761, 0.8852177, 0.76031035, 0.60110366, 0.6299803, 1.5627803, 3.180981, 1.9431384, 1.7409266, 1.1310066, 1.0494074, 0.94110316, 0.94711095, 1.744516, 1.2478464, 1.2093312, 1.1794939, 1.6630762, 1.1675344, 1.1372391, 1.1178844, 1.3845707, 2.6583052, 1.9212792, 1.2769569, 1.3813034, 1.1990744, 1.4026488, 1.2670194, 1.2072514, 1.1887199, 2.0734212, 1.5933721, 1.5158702, 1.5409796, 2.101927, 2.4207711, 3.739287, 2.1126378, 1.950119, 1.9314364, 2.128584, 2.0085273, 1.9874542, 1.9802519, 2.2186043, 2.8243546, 2.259475, 2.2584944, 2.0107028, 2.0870278, 2.0731094, 1.9182606, 1.9420317, 1.8484623, 1.7835382, 3.0052257, 2.197092, 1.957706], 'scaler_samples': (array([[0.86560781, 0.40550732],       [0.44511599, 0.48621444],       [0.67427478, 0.25694164]]), array([-1.08863513, -1.11284047, -1.1103716 ])), 'net': {'saver_path': './M-LOOP_archives/./neural_net_archive_2022-10-22_23-20_SCYwb0Rr.ckpt'}}
net_2={'last_hyperfit': 0, 'last_net_reg': 1e-08, 'regularization_history': [1e-08], 'losses_list': [0.6790161, 0.0143304635, 0.011842204, 0.010456363, 0.005886379, 0.0022976503, 0.0007649331, 0.0002576277, 9.163418e-05, 3.657061e-05, 1.4082144e-05, 5.269776e-06, 1.8754235e-06, 7.408471e-07, 5.351482e-07, 5.467508e-07, 5.5095853e-07, 5.356233e-07, 5.274863e-07, 5.2702995e-07, 5.272065e-07, 5.2693264e-07, 5.268313e-07, 5.268322e-07, 5.2682964e-07, 5.268282e-07, 5.2682856e-07, 5.268282e-07, 5.268282e-07, 5.268281e-07, 1.8718728, 0.2271396, 0.023649884, 0.016014347, 0.0079595735, 0.0015264248, 0.0003854593, 0.000187577, 9.6225216e-05, 2.4774094e-05, 6.1890414e-06, 2.072416e-06, 1.4268539e-06, 9.253797e-07, 6.902659e-07, 5.771129e-07, 5.4728014e-07, 5.3408274e-07, 0.267177, 0.043156624, 0.009866723, 0.0031367633, 0.00068761164, 0.00041496166, 0.00015049503, 8.1899125e-05, 2.1158046e-05, 9.131911e-06, 2.571779e-06, 1.7584163e-06, 8.198146e-07, 6.7503055e-07, 5.560402e-07, 5.4054755e-07, 1.4837555, 1.2405818, 1.0584697, 0.8260449, 0.32096937, 0.0672926, 0.043413576, 0.022709232, 0.0029996443, 0.0016953612, 0.0010292344, 0.0006628987, 0.00049011444, 0.00037277446, 0.0002938296, 0.000231666, 0.00018545406, 0.0001498568, 0.00012181165, 9.926099e-05, 8.114576e-05, 6.639755e-05, 5.438417e-05, 4.4572258e-05, 3.6535257e-05, 2.9956418e-05, 2.456506e-05, 2.0148935e-05, 1.653733e-05, 1.3916337e-05, 51.023697, 2.919837, 2.436281, 2.4942462, 1.8979846, 2.0206957, 4.4794326, 2.0760586, 1.7921811, 1.5119702, 1.1898137, 0.9192596, 0.71421015, 0.45390308, 0.3381879, 0.31185225, 0.21814431, 0.20502615, 0.24881533, 0.14470531, 2.1539655, 1.2805446, 1.0425627, 0.925533, 0.7387936, 0.5900143, 5.912213, 1.8817215, 1.2323257, 0.8735893, 0.7055177, 0.6449771, 2.913831, 4.651569, 7.319187, 4.35298, 3.625729, 3.2924519, 3.5184207, 2.8299541, 2.6254606, 2.431661, 2.8049448, 2.3339274, 2.1425035, 1.9698406, 2.1285768, 4.1308823, 3.4327583, 2.1854153, 1.9988667, 1.9923352, 2.675802, 2.1456456, 1.9266818, 2.028119, 1.7259922, 1.7011248, 1.6408725, 1.881808, 2.1899374, 1.5685741, 1.437842, 1.4794394, 1.5502707, 1.3847418, 1.3471221, 1.2943037, 2.1293595, 1.6460062, 1.5028651, 1.6406583, 2.51178, 1.920295, 3.050541, 2.3345103, 2.1688154, 1.8873407, 2.2070155, 1.8564552, 2.0254714, 1.7599303, 2.251527, 2.7665641, 2.4646597, 2.0872314, 2.031719, 1.8955355, 2.1910448, 1.9564649, 1.8426507, 2.2804291, 2.6825721, 2.0178301], 'scaler_samples': (array([[0.86560781, 0.40550732],       [0.44511599, 0.48621444],       [0.67427478, 0.25694164]]), array([-1.08863513, -1.11284047, -1.1103716 ])), 'net': {'saver_path': './M-LOOP_archives/./neural_net_archive_2022-10-22_23-20_HR47RX7t.ckpt'}}
