mloop_version='3.3.1'
archive_type='neural_net_learner'
num_params=2
min_boundary=array([0., 0.])
max_boundary=array([1., 1.])
start_datetime='2022-10-23_01-36'
param_names=['', '']
search_precision=1e-06
parameter_searches=10
bad_uncer_frac=0.1
trust_region=nan
has_trust_region=False
predict_global_minima_at_end=True
generation_num=3
update_hyperparameters=False
predicted_best_parameters=array([0.52570438, 0.61943946])
predicted_best_scaled_cost=-1.8247769
predicted_best_cost=-1.4783144982170469
all_params=array([[8.26882252e-01, 7.75136734e-01],       [8.04611175e-01, 5.85853442e-02],       [2.14479564e-01, 2.15426313e-01],       [0.00000000e+00, 5.55111512e-17],       [1.92339617e-01, 1.64272353e-01],       [0.00000000e+00, 2.61426960e-01],       [3.23709014e-02, 3.58374165e-01],       [2.78995858e-01, 2.63473186e-01],       [2.56459597e-01, 2.85765399e-01],       [3.46852745e-01, 2.67219006e-01],       [5.00847928e-01, 3.53282296e-01],       [2.63922988e-01, 2.36101525e-01],       [2.57083070e-01, 2.30236268e-01],       [2.86518827e-01, 2.31326023e-01],       [3.87191929e-01, 9.97196521e-01],       [8.91403545e-01, 3.90817188e-02],       [8.69594083e-01, 3.07419611e-02],       [1.00000000e+00, 5.55111512e-17],       [3.08544646e-02, 5.11881699e-01],       [8.68508954e-01, 5.56976327e-02],       [7.95742530e-01, 4.03819015e-02],       [8.69441402e-01, 1.48910399e-02],       [8.74559774e-01, 2.52957588e-01],       [8.59823857e-01, 5.55111512e-17],       [8.59228399e-01, 5.55111512e-17],       [8.61230543e-01, 5.55111512e-17],       [2.79434133e-01, 6.80881894e-01],       [3.87905625e-01, 2.60387848e-01],       [3.62723020e-01, 3.48975958e-01],       [3.46876366e-01, 2.87668815e-01],       [6.99631039e-01, 9.17872598e-01],       [0.00000000e+00, 8.72101400e-01],       [1.31826960e-01, 8.55046185e-01],       [2.03240171e-01, 7.61239454e-01],       [2.99887146e-01, 2.98065257e-02],       [3.13960754e-01, 6.56467439e-01],       [3.51820955e-01, 6.33323841e-01],       [3.33507266e-01, 6.24055488e-01],       [2.28936275e-01, 8.03166590e-02],       [2.70269269e-01, 6.83724375e-01],       [8.96392626e-01, 2.90539621e-03],       [2.74529941e-01, 7.23528866e-01],       [8.52211271e-01, 8.31387476e-01],       [1.60612984e-01, 2.28750483e-01],       [8.58559793e-01, 1.64407320e-02],       [7.07650989e-01, 1.03882872e-01],       [9.35327288e-01, 9.13602647e-01],       [6.97578667e-01, 5.80261938e-02],       [6.74713448e-01, 9.80258845e-02],       [6.93513853e-01, 8.39153452e-02],       [9.18238636e-01, 4.17568922e-01],       [7.09080326e-01, 1.53579428e-01],       [8.66974231e-01, 1.26345690e-03],       [3.13096528e-01, 2.46499395e-01],       [1.50809600e-01, 7.79886506e-01],       [7.36402247e-01, 6.85858415e-02],       [8.68745309e-01, 1.06971652e-02],       [8.61646345e-01, 2.24148940e-02],       [2.34720663e-01, 4.19064726e-01],       [8.59053757e-01, 2.36565852e-02],       [8.75844106e-01, 1.66503041e-03],       [8.70205177e-01, 8.93347513e-03],       [7.99002512e-01, 6.42485638e-01],       [3.10641256e-01, 2.48770650e-01],       [7.01475715e-01, 1.11635942e-01],       [7.05432136e-01, 1.11223794e-01],       [4.09603628e-01, 8.99644252e-01],       [1.00000000e+00, 4.79135090e-01],       [8.75564479e-01, 5.55111512e-17],       [9.55100340e-01, 3.77505069e-01],       [5.94849890e-01, 2.16588951e-01],       [8.38921761e-01, 8.73227313e-01],       [1.21887551e-01, 7.30885685e-01],       [8.70449587e-01, 3.74881167e-03],       [9.53110729e-01, 2.13098459e-01],       [8.22119021e-01, 6.29724634e-02],       [2.35436445e-01, 6.40852169e-01],       [8.70661406e-01, 1.55618226e-02],       [5.58854855e-03, 4.60456031e-01],       [8.68716023e-01, 4.37665398e-01],       [8.71952623e-01, 1.79259096e-02],       [8.66970005e-01, 2.14776529e-02],       [9.99616285e-01, 7.94021950e-01],       [6.98284032e-01, 2.65993351e-01],       [8.70064180e-01, 2.33563634e-02],       [8.86966392e-01, 1.65490317e-02],       [1.12513933e-01, 9.20001704e-01],       [6.37801439e-01, 1.48973135e-01],       [8.66392343e-01, 2.11092582e-02],       [4.72244585e-01, 6.10919446e-01],       [8.61685323e-01, 3.77502343e-01],       [4.32346783e-01, 6.37869317e-01],       [1.55104468e-01, 1.00000000e+00],       [8.75798249e-01, 1.31756366e-02],       [4.91311453e-01, 8.45643098e-01],       [8.75266042e-01, 1.04790774e-02],       [8.73769355e-01, 1.52091477e-02],       [8.71245858e-01, 1.24335597e-02],       [7.75874769e-01, 4.80515438e-01],       [5.38663607e-01, 8.26086978e-01],       [5.20263806e-01, 8.64702105e-01],       [2.09210756e-01, 6.62915827e-01],       [8.34653538e-01, 5.30085583e-01],       [8.69930675e-01, 1.16748256e-02],       [7.64109243e-01, 4.77634443e-01],       [7.80236628e-01, 4.91166221e-01],       [1.46052193e-01, 1.28404780e-01],       [5.48848780e-01, 8.34552796e-01],       [4.78507066e-01, 8.17143546e-01],       [1.23473396e-01, 5.59588680e-01],       [7.17108347e-01, 5.00138103e-01],       [1.38772844e-01, 1.27550207e-01],       [1.41513513e-01, 1.29636637e-01],       [4.51257660e-01, 5.92649813e-01],       [6.26413841e-01, 9.43183239e-01],       [8.48589474e-01, 4.40292813e-02],       [5.03894124e-01, 6.84176224e-01],       [1.17714413e-01, 1.45402877e-01],       [4.32346651e-01, 2.69462558e-01],       [7.80605748e-01, 4.41757932e-01]])
all_costs=array([-1.38738739, -1.44132469, -1.45177665, -1.30593607, -1.41284404,       -1.43102216, -1.39512195, -1.44967415, -1.43307087, -1.44132469,       -1.39902166, -1.4168436 , -1.35913103, -1.43102216, -1.40294324,       -1.44967415, -1.44757773, -1.36097893, -1.41085271, -1.38738739,       -1.43307087, -1.5109434 , -1.35728814, -1.38355218, -1.37405628,       -1.4289793 , -1.48406227, -1.4168436 , -1.408867  , -1.42694227,       -1.43925234, -1.37217272, -1.38738739, -1.4289793 , -1.33555704,       -1.41284404, -1.42491103, -1.38738739, -1.37029432, -1.41885188,       -1.39318024, -1.32846715, -1.456     , -1.4289793 , -1.47531319,       -1.5109434 , -1.33734135, -1.40688686, -1.40688686, -1.45177665,       -1.44548736, -1.39512195, -1.4796748 , -1.46024799, -1.4623813 ,       -1.33913043, -1.54118553, -1.456     , -1.39706909, -1.39512195,       -1.48626578, -1.39512195, -1.37973811, -1.43307087, -1.38931298,       -1.39706909, -1.37783895, -1.35178933, -1.41484099, -1.37973811,       -1.37594502, -1.42694227, -1.41885188, -1.40688686, -1.3665529 ,       -1.4289793 , -1.456     , -1.50639579, -1.35728814, -1.42694227,       -1.45177665, -1.50413223, -1.32495036, -1.40688686, -1.37217272,       -1.456     , -1.44132469, -1.42491103, -1.51551855, -1.4581209 ,       -1.40097971, -1.43925234, -1.38164251, -1.5109434 , -1.51322751,       -1.47097722, -1.44340303, -1.50639579, -1.51781653, -1.4581209 ,       -1.408867  , -1.37217272, -1.37217272, -1.4581209 , -1.41484099,       -1.4289793 , -1.55073586, -1.40294324, -1.40097971, -1.42491103,       -1.38164251, -1.47531319, -1.41284404, -1.40097971, -1.38931298,       -1.37783895, -1.39124392, -1.408867  , -1.43718593, -1.43925234])
all_uncers=array([1.e-08, 1.e-08, 1.e-08, 1.e-08, 1.e-08, 1.e-08, 1.e-08, 1.e-08,       1.e-08, 1.e-08, 1.e-08, 1.e-08, 1.e-08, 1.e-08, 1.e-08, 1.e-08,       1.e-08, 1.e-08, 1.e-08, 1.e-08, 1.e-08, 1.e-08, 1.e-08, 1.e-08,       1.e-08, 1.e-08, 1.e-08, 1.e-08, 1.e-08, 1.e-08, 1.e-08, 1.e-08,       1.e-08, 1.e-08, 1.e-08, 1.e-08, 1.e-08, 1.e-08, 1.e-08, 1.e-08,       1.e-08, 1.e-08, 1.e-08, 1.e-08, 1.e-08, 1.e-08, 1.e-08, 1.e-08,       1.e-08, 1.e-08, 1.e-08, 1.e-08, 1.e-08, 1.e-08, 1.e-08, 1.e-08,       1.e-08, 1.e-08, 1.e-08, 1.e-08, 1.e-08, 1.e-08, 1.e-08, 1.e-08,       1.e-08, 1.e-08, 1.e-08, 1.e-08, 1.e-08, 1.e-08, 1.e-08, 1.e-08,       1.e-08, 1.e-08, 1.e-08, 1.e-08, 1.e-08, 1.e-08, 1.e-08, 1.e-08,       1.e-08, 1.e-08, 1.e-08, 1.e-08, 1.e-08, 1.e-08, 1.e-08, 1.e-08,       1.e-08, 1.e-08, 1.e-08, 1.e-08, 1.e-08, 1.e-08, 1.e-08, 1.e-08,       1.e-08, 1.e-08, 1.e-08, 1.e-08, 1.e-08, 1.e-08, 1.e-08, 1.e-08,       1.e-08, 1.e-08, 1.e-08, 1.e-08, 1.e-08, 1.e-08, 1.e-08, 1.e-08,       1.e-08, 1.e-08, 1.e-08, 1.e-08, 1.e-08, 1.e-08, 1.e-08, 1.e-08])
bad_run_indexs=[]
best_cost=-1.5507358636715725
best_params=array([0.14605219, 0.12840478])
best_index=106
worst_cost=-1.3059360730593608
worst_index=3
cost_range=0.2447997906122117
costs_count=120
params_count=90
cost_scaler_init_index=3
net_0={'last_hyperfit': 0, 'last_net_reg': 1e-08, 'regularization_history': [1e-08], 'losses_list': [0.39989212, 0.0051716673, 0.0039829337, 0.0013541746, 0.00042892635, 0.00016087655, 3.405991e-05, 2.4527953e-05, 2.5251362e-05, 1.316784e-05, 5.6972785e-06, 1.465974e-06, 6.5580656e-07, 6.8174734e-07, 6.34779e-07, 5.571345e-07, 5.489152e-07, 5.4826967e-07, 5.447635e-07, 5.449155e-07, 5.446418e-07, 5.4459065e-07, 5.445831e-07, 5.4456586e-07, 5.445642e-07, 5.445641e-07, 5.4456416e-07, 5.4456405e-07, 5.445639e-07, 5.445639e-07, 3.856824, 0.119800694, 0.07606563, 0.04243884, 0.012317672, 0.0029455693, 0.0005037437, 0.00018716896, 0.00015062482, 2.1751654e-05, 1.8855624e-05, 4.4533163e-06, 1.6909337e-06, 1.0854626e-06, 7.830174e-07, 6.191732e-07, 0.36854202, 0.08730087, 0.026222672, 0.014393641, 0.007910707, 0.0036901883, 0.0022718445, 0.0017161077, 0.0014453357, 0.0012679972, 0.0011200844, 0.0009924639, 0.0008771768, 0.00077166664, 0.00067628315, 0.00058997713, 0.0005117943, 0.00044127807, 0.00037802823, 0.00032168804, 0.00027190175, 0.00022824555, 0.00019029833, 0.00015758228, 0.00012961947, 0.00010591315, 8.599133e-05, 6.937639e-05, 5.5639804e-05, 4.436573e-05, 3.518711e-05, 2.776901e-05, 2.1815536e-05, 1.7071126e-05, 1.3316531e-05, 1.0362847e-05, 8.054382e-06, 6.261197e-06, 4.8755974e-06, 3.811473e-06, 2.9981945e-06, 2.379705e-06, 1.911805e-06, 1.5594267e-06, 1.2953144e-06, 1.0983738e-06, 9.5213124e-07, 8.4388745e-07, 7.640985e-07, 7.0557417e-07, 0.9695149, 0.6301697, 0.54043746, 0.5118577, 0.703985, 0.624918, 0.7044694, 0.46005756, 0.4133706, 0.4171208, 0.8004096, 0.72556484, 1.1621706, 0.9517683, 0.9300614, 0.9163871, 0.9811691, 0.7906761, 0.7378916, 0.68312925, 1.0519285, 1.0137632, 0.9211372, 0.79390395, 1.2530819, 0.826186, 0.6959303, 0.6461328, 1.1323028, 0.938349, 0.88259387, 0.8507436, 1.0888298, 0.8791409, 0.78520745, 0.7100687, 1.390489, 1.3910449, 1.1948135, 1.1935263, 1.4503715, 1.1998513, 1.1072272, 1.0565059, 1.5269243, 1.314934, 1.2295867, 1.2344073, 1.1669071, 1.0499244, 1.127098, 1.5246539, 1.5799063, 1.1547971, 1.0145139, 0.9298488, 0.9116137, 0.8061087, 0.8921723, 0.8172933, 0.75282466, 1.1290735, 1.7646321, 0.96851987, 1.0899472, 0.93950003, 0.8936819, 1.0101924, 0.8721966, 0.81692344, 0.9028975, 1.1016582, 1.1954299, 0.9551121, 0.8825617, 0.80358076, 0.9528617, 0.8821637, 1.412562, 0.98861885, 0.90862066, 0.92514855, 0.98197776, 1.2155397, 1.1302321, 1.0176402, 1.0194398, 0.91824186, 1.0489384, 0.8449206], 'scaler_samples': (array([[0.82688225, 0.77513673],       [0.80461117, 0.05858534],       [0.21447956, 0.21542631]]), array([-1.38738739, -1.44132469, -1.45177665])), 'net': {'saver_path': './M-LOOP_archives/./neural_net_archive_2022-10-23_01-36_U_-2ZtKS.ckpt'}}
net_1={'last_hyperfit': 0, 'last_net_reg': 1e-08, 'regularization_history': [1e-08], 'losses_list': [0.3201934, 0.25381386, 0.045542102, 0.00789952, 0.0049431557, 0.003416724, 0.0009802534, 0.00013122566, 0.0001551788, 2.6417749e-05, 1.3297049e-05, 2.0154744e-06, 2.6255254e-06, 8.3739803e-07, 8.652213e-07, 5.875822e-07, 5.431804e-07, 5.526598e-07, 5.4063753e-07, 5.373836e-07, 5.372829e-07, 5.371318e-07, 5.37054e-07, 5.370103e-07, 5.37005e-07, 5.370026e-07, 5.370017e-07, 5.370016e-07, 5.370016e-07, 5.370015e-07, 1.9938594, 0.42591894, 0.07331647, 0.043882664, 0.007052642, 0.0026437151, 0.0020602716, 0.00032555737, 6.9477865e-05, 7.9232916e-05, 4.393766e-06, 9.7172315e-06, 1.3494447e-06, 1.824257e-06, 7.041183e-07, 6.927527e-07, 5.433183e-07, 5.5641965e-07, 0.50190914, 0.11171617, 0.044536754, 0.016875116, 0.013674327, 0.008491597, 0.0062209815, 0.00465288, 0.0035761436, 0.0028628756, 0.002404822, 0.0020999354, 0.0018851386, 0.0017267312, 0.9875892, 0.6897572, 0.6213593, 0.57601446, 0.72948843, 0.5005701, 1.0184096, 0.8038228, 0.7287837, 0.6968597, 0.61420816, 0.5659214, 1.5555841, 0.9464534, 0.8725287, 0.82029986, 0.88278604, 0.66056347, 0.63659036, 0.50073814, 0.73253, 0.9861128, 1.0068352, 1.0112885, 1.2266402, 0.7612989, 0.68490475, 0.6440713, 0.5454602, 0.49872476, 0.43670315, 0.39844075, 1.1673998, 0.7590181, 0.7994115, 0.604364, 0.48609468, 0.41142583, 0.31458017, 0.3712558, 0.2841703, 0.22459345, 0.21985391, 0.16289677, 0.14533688, 0.22623023, 0.40692, 0.20276475, 0.16543445, 0.127612, 0.15553916, 0.12774357, 0.0962834, 0.09403612, 0.87831914, 1.0409399, 0.8197107, 0.83687204, 0.9840315, 0.5575297, 1.6376961, 0.5929873, 0.43552765, 0.37937975, 0.6846268, 0.5522537, 0.5594988, 0.46469277, 0.7729187, 0.6526341, 1.226423, 1.4805365, 1.1053593, 0.8739419, 0.8047232, 0.7282401, 0.82307845, 0.72618014, 0.69656557, 0.6076574, 0.5602817, 0.5420843, 0.7071493, 1.2710785, 0.9621596, 0.70814294, 1.0076226, 0.68406504, 0.6732082, 0.6666228, 0.7481472, 0.6545358, 0.6191997, 0.57746935, 0.7440161, 0.7997978, 1.1816939, 0.76464885, 0.74487835, 0.6448594, 0.7051323, 0.64575744, 0.639105, 0.68624187, 1.0787165, 0.7086995, 0.73133725, 0.57568526, 0.5238541, 0.5085539, 0.78422, 1.3386979, 1.0959941, 0.8722894, 0.7878402, 1.1622516], 'scaler_samples': (array([[0.82688225, 0.77513673],       [0.80461117, 0.05858534],       [0.21447956, 0.21542631]]), array([-1.38738739, -1.44132469, -1.45177665])), 'net': {'saver_path': './M-LOOP_archives/./neural_net_archive_2022-10-23_01-36_EHHX47ll.ckpt'}}
net_2={'last_hyperfit': 0, 'last_net_reg': 1e-08, 'regularization_history': [1e-08], 'losses_list': [0.06338444, 0.012629212, 0.006171504, 0.0017398518, 0.0013734936, 0.00014434448, 0.00014636395, 4.081857e-05, 1.1727887e-05, 7.7346995e-06, 2.2853774e-06, 1.0948743e-06, 6.1694766e-07, 5.4955785e-07, 5.527509e-07, 5.382716e-07, 5.33746e-07, 5.329233e-07, 5.320206e-07, 5.319217e-07, 5.319243e-07, 5.3186943e-07, 5.318519e-07, 5.318459e-07, 5.318439e-07, 5.318437e-07, 5.3184306e-07, 5.3184294e-07, 5.318426e-07, 5.3184243e-07, 2.141647, 0.07171563, 0.043910425, 0.017694062, 0.0063689104, 0.00024868996, 0.00039445146, 0.00026459756, 5.3977892e-05, 2.529753e-05, 6.774058e-06, 2.7729411e-06, 1.9423537e-06, 7.1286274e-07, 6.955344e-07, 5.7071094e-07, 0.5892823, 0.1202209, 0.04997062, 0.01961825, 0.011762309, 0.006214742, 0.0032376265, 0.0018614164, 0.0011510618, 0.00076975324, 0.0005658968, 0.0004469603, 0.00036776168, 0.000308793, 0.00026095627, 0.00022035223, 0.00018518361, 0.00015466733, 0.0001283211, 0.000105759565, 8.660574e-05, 7.048126e-05, 5.7021723e-05, 4.587457e-05, 3.671407e-05, 2.923819e-05, 2.3186092e-05, 1.8313069e-05, 1.4415711e-05, 1.1321052e-05, 8.875263e-06, 6.954866e-06, 5.4550314e-06, 4.2880006e-06, 3.3870347e-06, 2.6928662e-06, 2.161271e-06, 1.7562254e-06, 1.4485422e-06, 1.2160319e-06, 1.0414049e-06, 9.102462e-07, 8.1235964e-07, 7.395681e-07, 1.0205188, 0.65693235, 0.5615291, 0.53253317, 0.9012354, 0.69506824, 0.6683277, 0.7145836, 0.57309014, 0.42225707, 0.4138882, 0.4304393, 0.8531989, 0.7501449, 1.1781644, 1.0305494, 0.9403388, 0.92093766, 1.0749037, 0.81459117, 0.7860761, 0.7616775, 0.89876354, 1.0344931, 0.8816179, 0.69886845, 0.6575961, 0.663307, 1.1249565, 0.7380452, 0.6497147, 0.5905836, 1.0744267, 0.85265595, 0.8310816, 0.7489454, 0.7841161, 0.6821649, 0.62000614, 0.50418365, 0.40128344, 0.40504983, 1.0809647, 1.1660839, 0.6356177, 0.87617016, 1.2365049, 0.84636, 0.73764855, 0.6216437, 1.153265, 0.8922623, 0.8298199, 0.7739502, 1.167886, 0.92661875, 1.1587522, 1.478006, 1.2908413, 1.1287804, 1.0401188, 0.98673683, 0.9325124, 0.9336468, 0.93449295, 0.81185055, 0.7079981, 0.70282274, 0.69310826, 0.83258325, 1.1569669, 0.7967809, 0.78570557, 0.7049898, 0.8161759, 0.7956415, 0.6719355, 0.65366477, 0.88292927, 0.64074206, 0.6221792, 0.6188912, 0.7437977, 1.3470076, 1.4381443, 1.0163608, 0.9110878, 0.93724036, 0.97201335, 0.83564526, 0.7778188, 0.77561337, 1.1197513, 1.0016533, 1.0529817, 1.0011141], 'scaler_samples': (array([[0.82688225, 0.77513673],       [0.80461117, 0.05858534],       [0.21447956, 0.21542631]]), array([-1.38738739, -1.44132469, -1.45177665])), 'net': {'saver_path': './M-LOOP_archives/./neural_net_archive_2022-10-23_01-36_JZlfeatl.ckpt'}}
