mloop_version='3.3.1'
archive_type='neural_net_learner'
num_params=2
min_boundary=array([0., 0.])
max_boundary=array([1., 1.])
start_datetime='2022-10-23_11-27'
param_names=['', '']
search_precision=1e-06
parameter_searches=10
bad_uncer_frac=0.1
trust_region=nan
has_trust_region=False
predict_global_minima_at_end=True
generation_num=3
update_hyperparameters=False
predicted_best_parameters=array([0.26903655, 0.51590928])
predicted_best_scaled_cost=-1.5428293
predicted_best_cost=-3.496475405731082
all_params=array([[0.43518625, 0.56428316],       [0.27936394, 0.57555273],       [0.881927  , 0.41442443],       [1.        , 0.        ],       [1.        , 1.        ],       [1.        , 0.49967667],       [0.29157874, 0.51723051],       [0.86618062, 0.39424999],       [1.        , 0.39658936],       [0.87623579, 0.35769357],       [0.45165857, 0.85449325],       [0.        , 0.        ],       [0.39946559, 0.48912968],       [0.80660553, 0.45246872],       [0.49079722, 0.10502206],       [0.27511959, 0.4947537 ],       [0.15654355, 0.50871262],       [0.        , 0.50067651],       [0.05784857, 0.49719496],       [0.28170506, 0.52227999],       [0.22281894, 0.53038842],       [0.32308993, 0.52451728],       [0.33757667, 0.69702862],       [0.29857502, 0.51497056],       [0.42432114, 0.        ],       [0.31183749, 0.51122345],       [0.28802803, 0.90592463],       [0.28633373, 0.51596031],       [0.        , 0.51789711],       [0.8787421 , 0.41784979],       [0.90919088, 0.13945692],       [0.27517667, 0.51595359],       [0.54499946, 0.20778352],       [0.27014524, 0.51417862],       [0.93072712, 0.29993053],       [0.28979774, 0.51565189],       [0.28488905, 0.51228515],       [0.27682323, 0.51559957],       [0.31235781, 0.41031671],       [0.28073293, 0.51705863],       [0.29395484, 0.5148999 ],       [0.29819032, 0.51428937],       [0.42564612, 0.30017147],       [0.26801658, 0.51682595],       [0.26993104, 0.51596932],       [0.2681225 , 0.51601475],       [0.1263377 , 0.6670717 ],       [0.27284117, 0.5173906 ],       [0.2638193 , 0.51619174],       [0.26596   , 0.51602406],       [0.1499216 , 0.10007588],       [0.25335572, 0.51798117],       [0.        , 0.75099023],       [0.2739351 , 0.5167652 ],       [0.0071093 , 0.70651398],       [0.27349581, 0.51562735],       [0.27148742, 0.51576119],       [0.27470756, 0.51503253],       [0.07314514, 0.67864559],       [0.27297968, 0.51574113],       [0.89909069, 0.40417544],       [0.27147554, 0.51526331],       [0.78376889, 0.97490816],       [0.27253438, 0.51534755],       [0.26025393, 0.51535626],       [0.26280322, 0.51488459],       [0.65248132, 0.43731938],       [0.28955463, 0.51730651],       [0.26595695, 0.51430864],       [0.26662578, 0.5151554 ],       [0.8207183 , 0.47723936],       [0.27148913, 0.51483128],       [0.26890772, 0.51489055],       [0.2607761 , 0.51533989],       [0.04185077, 0.96301663],       [0.27250285, 0.51560881],       [0.2613495 , 0.51480768],       [0.26487961, 0.51476795],       [0.7937741 , 0.92417407],       [0.27019121, 0.51557106],       [0.27182169, 0.19583416],       [0.26739155, 0.51502714],       [0.01420792, 0.38841528],       [0.28274755, 0.21510155],       [0.26759217, 0.2003684 ],       [0.97163176, 0.42045834],       [0.85321942, 0.52836657],       [0.24302889, 0.29123179],       [0.26183302, 0.51470057],       [0.26991017, 0.51398093],       [0.41292005, 0.21169004],       [0.27416267, 0.51557115],       [0.14049657, 0.34098839],       [0.27146461, 0.51522496],       [0.99271756, 0.55639969],       [0.27581685, 0.51591298],       [0.26531904, 0.51484698],       [0.27139077, 0.51530825],       [0.36931062, 0.31362696],       [0.27634166, 0.51689346],       [0.2642983 , 0.51531939],       [0.27158972, 0.51542332],       [0.71122591, 0.47618609],       [0.26457043, 0.51504435],       [0.26812471, 0.51494193],       [0.26776296, 0.51491728],       [0.27238427, 0.85669498],       [0.25331725, 0.51898263],       [0.26707084, 0.51520535],       [0.26530137, 0.51501854],       [0.07211413, 0.61651527],       [0.27093784, 0.51594982],       [0.68542357, 0.49445028],       [0.69959841, 0.48822911],       [0.73468334, 0.69872262],       [0.69524283, 0.46846984],       [0.27078709, 0.5153256 ],       [0.26786869, 0.51583436],       [0.37224332, 0.51386916],       [0.2696575 , 0.51548859]])
all_costs=array([-2.80785414, -2.66577896, -3.44578313, -2.32520325, -2.46248462,       -2.47466007, -3.54336283, -2.75378267, -2.48079306, -2.93979442,       -2.65165563, -2.39187575, -2.56338028, -2.61699346, -3.36470588,       -2.62385321, -3.01960784, -3.06584992, -2.47466007, -2.79218968,       -2.55683269, -2.64464993, -2.58322581, -3.22383253, -2.40336134,       -3.34223706, -2.49937578, -3.4938918 , -3.08474576, -3.07526882,       -3.13302034, -3.63339383, -2.6728972 , -3.01052632, -2.98360656,       -3.51845343, -3.58139535, -3.43396226, -3.19298246, -3.65996344,       -3.26590538, -3.11353033, -2.66577896, -3.34223706, -3.25528455,       -3.84261036, -3.15275591, -3.19298246, -3.45768566, -3.55595027,       -3.26590538, -3.16271722, -3.06584992, -3.04718417, -2.54383736,       -3.72811918, -3.65996344, -3.42222222, -2.66577896, -3.85741811,       -2.46855734, -3.64663024, -2.40336134, -3.2032    , -3.28735632,       -3.42222222, -2.59662776, -3.02874433, -3.22383253, -3.41056218,       -3.10387597, -3.72811918, -3.75609756, -3.56862745, -2.69448183,       -3.59425494, -3.51845343, -3.39898132, -2.55683269, -3.24473258,       -3.65996344, -3.38747885, -3.04718417, -3.34223706, -2.48695652,       -2.63074901, -2.78442281, -3.42222222, -3.29818781, -3.28735632,       -3.4938918 , -3.55595027, -3.29818781, -3.38747885, -2.43256379,       -3.65996344, -3.63339383, -3.2032    , -3.28735632, -3.08474576,       -3.51845343, -3.37605396, -3.41056218, -3.56862745, -3.65996344,       -3.4938918 , -2.61016949, -3.0942813 , -3.44578313, -3.58139535,       -3.25528455, -3.68692449, -2.71641791, -2.51823899, -2.68724832,       -2.71641791, -3.19298246, -3.70055453, -3.37605396, -3.04718417])
all_uncers=array([1.e-08, 1.e-08, 1.e-08, 1.e-08, 1.e-08, 1.e-08, 1.e-08, 1.e-08,       1.e-08, 1.e-08, 1.e-08, 1.e-08, 1.e-08, 1.e-08, 1.e-08, 1.e-08,       1.e-08, 1.e-08, 1.e-08, 1.e-08, 1.e-08, 1.e-08, 1.e-08, 1.e-08,       1.e-08, 1.e-08, 1.e-08, 1.e-08, 1.e-08, 1.e-08, 1.e-08, 1.e-08,       1.e-08, 1.e-08, 1.e-08, 1.e-08, 1.e-08, 1.e-08, 1.e-08, 1.e-08,       1.e-08, 1.e-08, 1.e-08, 1.e-08, 1.e-08, 1.e-08, 1.e-08, 1.e-08,       1.e-08, 1.e-08, 1.e-08, 1.e-08, 1.e-08, 1.e-08, 1.e-08, 1.e-08,       1.e-08, 1.e-08, 1.e-08, 1.e-08, 1.e-08, 1.e-08, 1.e-08, 1.e-08,       1.e-08, 1.e-08, 1.e-08, 1.e-08, 1.e-08, 1.e-08, 1.e-08, 1.e-08,       1.e-08, 1.e-08, 1.e-08, 1.e-08, 1.e-08, 1.e-08, 1.e-08, 1.e-08,       1.e-08, 1.e-08, 1.e-08, 1.e-08, 1.e-08, 1.e-08, 1.e-08, 1.e-08,       1.e-08, 1.e-08, 1.e-08, 1.e-08, 1.e-08, 1.e-08, 1.e-08, 1.e-08,       1.e-08, 1.e-08, 1.e-08, 1.e-08, 1.e-08, 1.e-08, 1.e-08, 1.e-08,       1.e-08, 1.e-08, 1.e-08, 1.e-08, 1.e-08, 1.e-08, 1.e-08, 1.e-08,       1.e-08, 1.e-08, 1.e-08, 1.e-08, 1.e-08, 1.e-08, 1.e-08, 1.e-08])
bad_run_indexs=[]
best_cost=-3.857418111753373
best_params=array([0.27297968, 0.51574113])
best_index=59
worst_cost=-2.3252032520325203
worst_index=3
cost_range=1.5322148597208525
costs_count=120
params_count=91
cost_scaler_init_index=3
net_0={'last_hyperfit': 0, 'last_net_reg': 1e-08, 'regularization_history': [1e-08], 'losses_list': [0.35783285, 0.010509282, 0.0175205, 0.0064613624, 0.0007842895, 0.00070902787, 0.0003696834, 0.00011796026, 4.0684867e-05, 1.7255017e-05, 5.6694244e-06, 2.6628675e-06, 8.777567e-07, 6.15725e-07, 5.971058e-07, 5.648654e-07, 5.402041e-07, 5.4179367e-07, 5.381923e-07, 5.379279e-07, 5.375862e-07, 5.375701e-07, 5.3754303e-07, 5.375367e-07, 5.375333e-07, 5.3753394e-07, 5.3753325e-07, 5.375331e-07, 5.37533e-07, 5.3753297e-07, 0.37554628, 0.093593135, 0.0356665, 0.006413427, 0.0028253726, 0.00093065406, 0.00027103338, 0.0001544802, 1.3143689e-05, 1.7575027e-05, 4.1272856e-06, 2.5844188e-06, 1.2167748e-06, 7.278178e-07, 6.008553e-07, 5.7141875e-07, 1.4222192, 0.34928176, 0.2590761, 0.18924227, 0.1608198, 0.1379214, 0.11916393, 0.09903293, 0.076674685, 0.052098628, 0.028664278, 0.011184859, 0.0021679737, 2.6627042e-05, 0.0001599033, 0.00015692845, 3.8904134e-05, 1.4488128e-06, 2.7186961e-06, 3.6349265e-06, 1.4875454, 0.2793769, 0.11367863, 0.053561643, 0.02249835, 0.009736563, 0.0037141794, 0.001433251, 0.0005742064, 0.00019554024, 6.4775755e-05, 1.9555651e-05, 5.0447725e-06, 1.6992103e-06, 7.2501615e-07, 6.0258503e-07, 5.902218e-07, 5.7706956e-07, 0.79442483, 1.4129288, 0.7002239, 0.4522005, 0.27252817, 0.19771497, 0.06890925, 0.05007351, 0.063361175, 0.2755712, 0.74858516, 0.25266597, 0.14878102, 0.12196215, 0.11968512, 0.09197764, 0.063816026, 0.05687289, 0.030232757, 0.016930792, 0.013319973, 0.0043702754, 0.0013888028, 0.0005174147, 0.0004263071, 0.00016108263, 4.4176475e-05, 2.2804652e-05, 1.4803752e-05, 1.0598008e-05, 7.117869e-06, 5.49689e-06, 4.467495e-06, 3.2183825e-06, 2.5104466e-06, 2.0683613e-06, 1.6436206e-06, 1.3028174e-06, 1.0713443e-06, 9.478863e-07, 8.3285875e-07, 7.6500515e-07, 0.3358441, 0.14320466, 0.13371307, 0.13418217, 0.1771342, 0.124395005, 0.11241261, 0.104598664, 0.26183292, 0.40414074, 0.65669537, 0.26947165, 0.2586351, 0.23397413, 0.31191182, 0.22071397, 0.20227093, 0.1904663, 0.22232977, 0.21980168, 0.21566287, 0.31182986, 0.3568899, 0.2843018, 0.26519826, 0.26755622, 0.34346297, 0.24401942, 0.21597357, 0.23720786, 0.2669739, 0.22241463, 0.19928968, 0.20262763, 0.23585866, 0.41642895, 0.32130033, 0.30360663, 0.2633466, 0.27239472, 0.2840762, 0.27370062, 0.23245922, 0.22347283, 0.21301714, 0.23908947, 0.21505187, 0.21062565, 0.36736038, 0.40852898, 0.31782347, 0.29822677, 0.2861, 0.27902907, 0.26410544, 0.2612153, 0.26213408, 0.32771677, 0.28584296, 0.26056013, 0.29112843, 0.23817463, 0.28883865, 0.2720792, 0.22806756, 0.22289434, 0.2579491, 0.27166656, 0.3330705, 0.2660068, 0.23412813, 0.21485732, 0.2771928, 0.23144552], 'scaler_samples': (array([[0.43518625, 0.56428316],       [0.27936394, 0.57555273],       [0.881927  , 0.41442443]]), array([-2.80785414, -2.66577896, -3.44578313])), 'net': {'saver_path': './M-LOOP_archives/./neural_net_archive_2022-10-23_11-27_xdXIgvE_.ckpt'}}
net_1={'last_hyperfit': 0, 'last_net_reg': 1e-08, 'regularization_history': [1e-08], 'losses_list': [1.6370974, 0.22069521, 0.09673194, 0.03949243, 0.010062476, 0.00058283383, 0.00035097543, 0.0006563053, 9.962e-05, 2.4609755e-05, 2.8945615e-05, 1.2257001e-06, 4.396411e-06, 7.0592483e-07, 9.275757e-07, 6.496666e-07, 5.545188e-07, 5.6999414e-07, 5.5126685e-07, 5.4756777e-07, 5.482013e-07, 5.4773045e-07, 5.474249e-07, 5.4744874e-07, 5.4741514e-07, 5.4741605e-07, 5.4741537e-07, 5.4741486e-07, 5.474148e-07, 5.474146e-07, 0.6003442, 0.39591515, 0.020391809, 0.0013290897, 0.00034703413, 0.00023313405, 0.00012166717, 7.006603e-05, 4.6840883e-05, 2.5384727e-05, 1.4685942e-05, 7.5598487e-06, 3.6866884e-06, 1.5990265e-06, 7.9301105e-07, 5.7442526e-07, 5.4942836e-07, 5.531464e-07, 1.5064788, 0.42479053, 0.29434368, 0.22704703, 0.15478352, 0.10784383, 0.06585097, 0.028078562, 0.0043546413, 0.00042896572, 0.0012454655, 0.00016618797, 7.085244e-05, 3.40849e-05, 3.806057e-06, 6.513424e-06, 1.240968e-06, 1.0230928e-06, 7.5748017e-07, 5.850019e-07, 1.7189468, 0.43763497, 0.13455336, 0.056001615, 0.013956055, 0.004089973, 0.00089731877, 0.00035212145, 0.00025620335, 6.843149e-05, 8.986989e-06, 7.1422287e-06, 4.5163333e-06, 1.4055538e-06, 7.6090214e-07, 6.8518636e-07, 6.083752e-07, 5.7900274e-07, 0.34180918, 0.41592354, 0.5475329, 0.3382199, 1.3764834, 0.539446, 0.3713984, 0.34415558, 0.27620238, 0.25395933, 0.4834564, 0.29714504, 0.22501318, 0.12756701, 0.105893545, 0.10822384, 0.11449889, 0.106648244, 0.0878801, 0.06790397, 0.15528226, 0.06781502, 0.053303458, 0.04600381, 0.40135953, 0.20843157, 0.6280147, 0.29190102, 0.22399063, 0.24170323, 0.19388966, 0.19129787, 0.23657884, 0.17743209, 0.16838446, 0.15445128, 0.17483361, 0.16530575, 0.21487208, 0.34685636, 0.4547614, 0.2948831, 0.2827027, 0.26035503, 0.29957825, 0.28687003, 0.42809692, 0.33113596, 0.29795346, 0.2755244, 0.29549995, 0.38158014, 0.37568912, 0.28100497, 0.25543696, 0.28241196, 0.2886435, 0.2903253, 0.24076399, 0.21851827, 0.21102887, 0.43368605, 0.3531538, 0.305621, 0.2837009, 0.2761392, 0.297503, 0.2638663, 0.2611829, 0.42670843, 0.27313513, 0.2546679, 0.32709807, 0.29512218, 0.30926204, 0.26407388, 0.2527962, 0.25938815, 0.38177907, 0.70278555, 0.369717, 0.35327342, 0.31746688, 0.25735486], 'scaler_samples': (array([[0.43518625, 0.56428316],       [0.27936394, 0.57555273],       [0.881927  , 0.41442443]]), array([-2.80785414, -2.66577896, -3.44578313])), 'net': {'saver_path': './M-LOOP_archives/./neural_net_archive_2022-10-23_11-27_6YbehWVB.ckpt'}}
net_2={'last_hyperfit': 0, 'last_net_reg': 1e-08, 'regularization_history': [1e-08], 'losses_list': [6.5668125, 0.23857333, 0.006270612, 0.019344732, 0.018049583, 0.008490973, 0.0014885857, 0.00019677637, 1.926518e-05, 3.565125e-05, 1.9736195e-05, 1.0970767e-05, 4.217642e-06, 2.005383e-06, 9.410269e-07, 6.637185e-07, 5.5765133e-07, 5.326269e-07, 5.291766e-07, 5.2879926e-07, 5.290808e-07, 5.2868234e-07, 5.283942e-07, 5.282812e-07, 5.2823736e-07, 5.282233e-07, 5.282188e-07, 5.2821855e-07, 5.282183e-07, 5.2821827e-07, 3.1605504, 0.19308643, 0.03005876, 0.028360678, 0.0020981662, 0.0018574113, 0.0006540674, 0.00013065113, 0.00012974723, 1.7218345e-05, 1.2295501e-05, 4.3671607e-06, 2.0325338e-06, 9.920275e-07, 7.340566e-07, 5.993758e-07, 1.3447541, 0.49771306, 0.32845867, 0.18860118, 0.10366769, 0.029551372, 0.0019451255, 0.0010745846, 0.0009859445, 7.897138e-05, 6.722042e-05, 3.6365054e-05, 4.3917103e-06, 4.094974e-06, 1.8178258e-06, 6.387242e-07, 7.14217e-07, 5.7179557e-07, 5.4175223e-07, 5.43076e-07, 1.8797188, 0.51729935, 0.3466434, 0.20961046, 0.14882785, 0.08140942, 0.025283022, 0.002364571, 0.00028138087, 0.000700481, 1.1413387, 2.9931748, 0.6167801, 0.54314256, 0.39199227, 0.6983668, 0.839684, 0.52873963, 0.4000829, 0.31204984, 0.23057157, 0.19507754, 0.13237256, 0.11548843, 0.07214504, 0.05598834, 0.04236081, 0.023304446, 0.015775431, 0.008891968, 0.0043330924, 0.0037659719, 0.34668496, 0.15730943, 0.12816198, 0.10720421, 0.13771558, 0.11252476, 0.1054915, 0.10004241, 0.2906707, 0.5026016, 0.35465705, 0.23312683, 0.20623806, 0.21061455, 0.3475174, 0.2181765, 0.20622608, 0.20102835, 0.23021185, 0.20904614, 0.22709544, 0.2622526, 0.50949305, 0.3366174, 0.32057586, 0.3228841, 0.35297608, 0.33133966, 0.46904656, 0.37216592, 0.3492227, 0.34848878, 0.3258319, 0.5117445, 0.8238121, 0.40375808, 0.45399764, 0.39844072, 0.4155814, 0.3401487, 0.33513814, 0.31976426, 0.3009198, 0.30055264, 0.32965645, 0.41491747, 0.5194743, 0.37150013, 0.36150128, 0.34649602, 0.42405835, 0.33640698, 0.34359354, 0.31605524, 0.3243158, 0.34972084, 0.3080947, 0.40676337, 0.32418662, 0.3071899, 0.39281988, 0.29628316, 0.28005704, 0.2818801, 0.35413116, 0.2910704, 0.3115927, 0.3313852, 0.39585838, 0.30414096, 0.30783284, 0.30475724], 'scaler_samples': (array([[0.43518625, 0.56428316],       [0.27936394, 0.57555273],       [0.881927  , 0.41442443]]), array([-2.80785414, -2.66577896, -3.44578313])), 'net': {'saver_path': './M-LOOP_archives/./neural_net_archive_2022-10-23_11-27_bI66hTDd.ckpt'}}
