mloop_version='3.3.1'
archive_type='neural_net_learner'
num_params=2
min_boundary=array([0., 0.])
max_boundary=array([1., 1.])
start_datetime='2022-10-23_09-07'
param_names=['', '']
search_precision=1e-06
parameter_searches=10
bad_uncer_frac=0.1
trust_region=nan
has_trust_region=False
predict_global_minima_at_end=True
generation_num=3
update_hyperparameters=False
predicted_best_parameters=array([0.39688141, 0.15281699])
predicted_best_scaled_cost=-4.690165
predicted_best_cost=-2.722941865877143
all_params=array([[0.6935054 , 0.46994366],       [0.44915741, 0.40827496],       [0.76688468, 0.17195603],       [1.        , 0.20366277],       [1.        , 0.04859293],       [0.        , 0.        ],       [0.62355961, 0.09072861],       [0.74303815, 0.15551722],       [0.61231986, 0.12092323],       [0.74668946, 0.18279931],       [0.55234502, 0.01098767],       [0.59258641, 0.19170294],       [0.54085463, 0.13836844],       [0.7063567 , 0.19206404],       [0.11785194, 0.53854856],       [0.75537536, 0.21152619],       [0.74543278, 0.1984003 ],       [0.73836333, 0.18190114],       [0.34576127, 0.40201405],       [0.        , 0.73231362],       [0.        , 1.        ],       [0.        , 0.81604864],       [0.51075816, 0.17470328],       [0.6225364 , 0.12674651],       [0.60634739, 0.1294212 ],       [0.74988928, 0.18842677],       [0.45405708, 0.35293484],       [0.        , 0.55484373],       [0.7444291 , 0.18168914],       [0.74322251, 0.18647716],       [0.83935689, 0.91768983],       [0.7163979 , 0.1632494 ],       [0.58939945, 0.10922053],       [0.57187026, 0.11285003],       [0.42243304, 0.13176714],       [0.98792741, 1.        ],       [1.        , 1.        ],       [0.9360506 , 1.        ],       [0.6802325 , 0.36499625],       [0.81627775, 1.        ],       [0.82743265, 1.        ],       [0.80734368, 1.        ],       [0.00646953, 0.55962173],       [0.51347543, 0.09664613],       [0.15853033, 0.54252971],       [0.16372612, 0.55235695],       [0.03033447, 0.22769145],       [0.82623854, 0.87373165],       [0.74372559, 0.19713684],       [0.7438207 , 0.19823222],       [0.70123005, 0.84424342],       [0.60645581, 0.10558957],       [0.        , 0.83929605],       [0.43978415, 0.12503578],       [0.15339273, 0.93950762],       [0.54285626, 0.11168158],       [0.55310197, 0.12044236],       [0.58189971, 0.12220059],       [0.49290896, 0.60172209],       [0.60776327, 0.11954042],       [0.61827655, 0.77339256],       [0.5994846 , 0.11823073],       [0.59482578, 0.20656967],       [0.59519027, 0.12106213],       [0.59338132, 0.12079941],       [0.5989978 , 0.12062889],       [0.45532226, 0.57153016],       [0.62397511, 0.1073972 ],       [0.        , 0.92957383],       [0.58934777, 0.12845609],       [0.18257286, 0.44660661],       [0.7467828 , 0.18262115],       [0.58254798, 0.12640174],       [0.7464752 , 0.17871055],       [0.51430259, 0.37446245],       [0.38415267, 0.14849611],       [0.58242445, 0.12463325],       [0.12581229, 0.53006731],       [0.32619927, 0.9613426 ],       [0.37718514, 0.13969774],       [0.36683111, 0.16255764],       [0.38784825, 0.1896791 ],       [0.07852997, 0.07225078],       [0.57317654, 0.13762065],       [0.42589606, 0.16745341],       [0.67992683, 0.7651031 ],       [0.44637464, 0.31597961],       [0.60191689, 0.11427793],       [0.86728513, 1.        ],       [0.87800142, 1.        ],       [0.30138714, 0.44001705],       [0.58522111, 0.12236276],       [0.39539011, 0.13040751],       [0.22354961, 0.56867314],       [0.04595109, 0.53851966],       [0.59748875, 0.11772696],       [0.52218167, 0.1254295 ],       [0.59259229, 0.12420929],       [0.7337056 , 0.78181531],       [0.73102806, 0.05089992],       [0.38911914, 0.16413672],       [0.26560236, 0.38826337],       [0.95042282, 0.81619771],       [0.6110352 , 0.12228808],       [0.67905505, 1.        ],       [0.58590501, 0.12449024],       [0.69376429, 0.53517228],       [0.38800733, 0.16467735],       [0.40266235, 0.16209177],       [0.71522567, 0.08628396],       [0.95891662, 0.28845662],       [0.38884177, 0.17166469],       [0.39303515, 0.16321541],       [0.39283689, 0.17488963],       [0.5725789 , 0.01400802],       [0.72836661, 0.0807074 ],       [0.29147947, 0.0743687 ],       [0.58305976, 0.12274539],       [0.10305765, 0.65712686],       [0.39546525, 0.14839857]])
all_costs=array([-2.288     , -2.37485172, -2.46855734, -2.2269188 , -2.10073452,       -2.18797814, -2.52459016, -2.59662776, -2.78442281, -2.80785414,       -2.46855734, -2.34701055, -2.63074901, -2.34152047, -2.70175439,       -2.39187575, -2.73124147, -2.68724832, -2.2418813 , -2.13660619,       -2.288     , -2.56996149, -2.45644172, -2.4504284 , -2.5373891 ,       -2.65869854, -2.23687151, -2.3198146 , -2.58990944, -2.64464993,       -2.81575246, -2.46248462, -2.66577896, -2.62385321, -2.68724832,       -2.40336134, -2.17845484, -2.11851852, -2.26727067, -2.61016949,       -2.37485172, -2.2932417 , -2.17845484, -2.61699346, -2.330617  ,       -2.49937578, -2.34701055, -2.39760479, -2.40914561, -2.61699346,       -2.60338101, -2.5373891 , -2.18320611, -2.42666667, -2.55683269,       -2.48079306, -2.35252644, -2.73124147, -2.23188406, -2.56996149,       -2.4504284 , -2.88888889, -2.29850746, -2.52459016, -2.63074901,       -2.64464993, -2.2121547 , -2.58322581, -2.18797814, -2.76137931,       -2.57657658, -2.61016949, -2.74622771, -2.19277108, -2.45644172,       -2.90566038, -2.63074901, -2.30911188, -2.42079807, -2.40336134,       -2.33605601, -2.63768116, -2.10073452, -2.45644172, -2.330617  ,       -2.46855734, -2.39187575, -2.52459016, -2.2519685 , -2.26727067,       -2.50563204, -2.57657658, -2.34701055, -2.19277108, -2.27241771,       -2.66577896, -2.48079306, -2.49315068, -2.37485172, -2.63074901,       -2.76137931, -2.42666667, -2.63074901, -2.39760479, -2.13660619,       -2.59662776, -2.19758507, -2.8723099 , -2.59662776, -2.65165563,       -2.42079807, -2.56996149, -2.4504284 , -2.49937578, -2.39760479,       -2.80785414, -2.34701055, -2.62385321, -2.50563204, -2.84779516])
all_uncers=array([1.e-08, 1.e-08, 1.e-08, 1.e-08, 1.e-08, 1.e-08, 1.e-08, 1.e-08,       1.e-08, 1.e-08, 1.e-08, 1.e-08, 1.e-08, 1.e-08, 1.e-08, 1.e-08,       1.e-08, 1.e-08, 1.e-08, 1.e-08, 1.e-08, 1.e-08, 1.e-08, 1.e-08,       1.e-08, 1.e-08, 1.e-08, 1.e-08, 1.e-08, 1.e-08, 1.e-08, 1.e-08,       1.e-08, 1.e-08, 1.e-08, 1.e-08, 1.e-08, 1.e-08, 1.e-08, 1.e-08,       1.e-08, 1.e-08, 1.e-08, 1.e-08, 1.e-08, 1.e-08, 1.e-08, 1.e-08,       1.e-08, 1.e-08, 1.e-08, 1.e-08, 1.e-08, 1.e-08, 1.e-08, 1.e-08,       1.e-08, 1.e-08, 1.e-08, 1.e-08, 1.e-08, 1.e-08, 1.e-08, 1.e-08,       1.e-08, 1.e-08, 1.e-08, 1.e-08, 1.e-08, 1.e-08, 1.e-08, 1.e-08,       1.e-08, 1.e-08, 1.e-08, 1.e-08, 1.e-08, 1.e-08, 1.e-08, 1.e-08,       1.e-08, 1.e-08, 1.e-08, 1.e-08, 1.e-08, 1.e-08, 1.e-08, 1.e-08,       1.e-08, 1.e-08, 1.e-08, 1.e-08, 1.e-08, 1.e-08, 1.e-08, 1.e-08,       1.e-08, 1.e-08, 1.e-08, 1.e-08, 1.e-08, 1.e-08, 1.e-08, 1.e-08,       1.e-08, 1.e-08, 1.e-08, 1.e-08, 1.e-08, 1.e-08, 1.e-08, 1.e-08,       1.e-08, 1.e-08, 1.e-08, 1.e-08, 1.e-08, 1.e-08, 1.e-08, 1.e-08])
bad_run_indexs=[]
best_cost=-2.905660377358491
best_params=array([0.38415267, 0.14849611])
best_index=75
worst_cost=-2.100734522560336
worst_index=4
cost_range=0.8049258547981548
costs_count=120
params_count=91
cost_scaler_init_index=3
net_0={'last_hyperfit': 0, 'last_net_reg': 1e-08, 'regularization_history': [1e-08], 'losses_list': [0.91939145, 0.034933146, 0.025912883, 0.010615666, 0.004672642, 0.00168043, 0.0007055466, 0.00014508587, 8.1041035e-05, 2.3751818e-05, 1.1065514e-05, 3.6219237e-06, 1.790094e-06, 9.864253e-07, 6.038379e-07, 5.304991e-07, 5.328851e-07, 5.331865e-07, 5.291818e-07, 5.2686437e-07, 5.264649e-07, 5.264381e-07, 5.263829e-07, 5.2635755e-07, 5.263517e-07, 5.263504e-07, 5.263499e-07, 5.2634954e-07, 5.263494e-07, 5.263494e-07, 4.3482924, 0.42540053, 0.07412686, 0.015711287, 0.0024963208, 0.0017695435, 0.00097244163, 0.00020007834, 1.8123757e-05, 1.589321e-05, 1.2063287e-05, 5.1641528e-06, 1.6906959e-06, 6.9244476e-07, 6.0516294e-07, 5.7835234e-07, 5.5380167e-07, 5.3906075e-07, 3.6699927, 1.9098347, 1.4695429, 1.2064745, 0.8465998, 0.35248697, 0.3391696, 0.0852625, 0.03079768, 0.009966529, 0.0039209486, 0.0012711624, 0.00047547754, 0.00015846324, 5.6332283e-05, 1.7202452e-05, 3.386427e-06, 8.3617147e-07, 7.910477e-07, 8.509147e-07, 6.225151e-07, 5.467997e-07, 8.892831, 2.0069647, 1.2006578, 0.53177, 0.30039123, 0.16600908, 0.09178687, 0.046629265, 0.021877596, 0.0091515845, 0.0033400948, 0.0010120983, 0.00025031017, 4.8325324e-05, 7.88605e-06, 1.8059006e-06, 1.6041662e-06, 1.5387837e-06, 1.120656e-06, 7.9603706e-07, 6.2936294e-07, 5.745828e-07, 3.0885522, 2.41345, 1.9461316, 0.9594142, 4.249254, 1.5715009, 1.0839589, 1.156797, 1.7797523, 1.056605, 0.8312049, 0.7226294, 1.6222343, 1.0815942, 0.9795903, 0.9452206, 4.1934924, 1.4048609, 1.160521, 2.5729284, 2.8116167, 2.0061517, 1.6947497, 1.4552289, 1.3566968, 1.3220365, 0.9750642, 1.3167325, 1.5355814, 1.1343251, 1.035743, 0.88642, 1.7235224, 1.1149668, 1.0331817, 1.0886492, 1.697183, 2.117794, 2.4916675, 2.1386008, 1.6492058, 1.5984387, 1.8254727, 1.6209092, 1.5651718, 1.4834235, 1.8689321, 1.5431782, 1.372411, 1.3122385, 1.3863419, 2.2809577, 2.4675188, 1.8267766, 1.7365272, 1.6864496, 2.7070787, 1.9649887, 1.8439358, 1.7450094, 1.8218012, 1.6964831, 2.4671338, 2.440891, 2.261936, 2.1139824, 2.737783, 2.1659362, 2.13418, 1.9654737, 2.3226402, 2.1768358, 2.086231, 1.9303707, 2.834709, 2.0138588, 1.8583511, 1.9677093, 2.4292657, 1.8132371, 2.609127, 1.9896404, 2.0413413, 1.7983593, 1.7779063, 1.6788931, 2.0677772, 2.7129877, 2.753629, 2.0928645, 2.0043845, 1.8890176], 'scaler_samples': (array([[0.6935054 , 0.46994366],       [0.44915741, 0.40827496],       [0.76688468, 0.17195603]]), array([-2.288     , -2.37485172, -2.46855734])), 'net': {'saver_path': './M-LOOP_archives/./neural_net_archive_2022-10-23_09-07_VOcwxTcE.ckpt'}}
net_1={'last_hyperfit': 0, 'last_net_reg': 1e-08, 'regularization_history': [1e-08], 'losses_list': [0.57549316, 0.10201672, 0.050478186, 0.019654345, 0.0054578707, 0.0015248399, 0.0004749774, 0.00012471527, 1.5001219e-05, 6.7642486e-06, 8.473671e-06, 2.6567454e-06, 5.8804756e-07, 9.4916334e-07, 6.861227e-07, 6.1100565e-07, 5.7546504e-07, 5.453141e-07, 5.42752e-07, 5.410937e-07, 5.4128026e-07, 5.408709e-07, 5.407823e-07, 5.407602e-07, 5.407604e-07, 5.407579e-07, 5.407573e-07, 5.407569e-07, 5.407569e-07, 5.407569e-07, 3.6673977, 0.5431108, 0.13045634, 0.034775715, 0.0063787065, 0.0009692213, 2.6879816, 1.6405907, 1.3122506, 0.9233291, 0.6332099, 0.44401675, 0.33114904, 0.21055174, 0.14027677, 0.06239294, 0.043506637, 0.014048753, 0.004466974, 0.004533734, 9.437721, 3.2391882, 2.2470624, 1.6369739, 0.99487096, 0.57455134, 0.35556966, 0.19747916, 0.09014115, 0.026666163, 0.003318867, 0.00020443955, 0.00058951176, 0.00030775415, 5.501831e-05, 2.2350632e-05, 1.4971857e-05, 3.2602438e-06, 6.005834e-07, 9.50561e-07, 4.7021923, 4.447874, 1.5365674, 1.758967, 0.6340839, 0.63315266, 0.54590493, 1.8327978, 4.829076, 1.7271923, 1.1608759, 0.82108146, 0.5973202, 0.60871816, 0.24176985, 0.19319265, 0.057086635, 0.0151207475, 0.07764769, 0.017859317, 1.0228229, 0.47108987, 0.34287295, 0.30405962, 1.4265331, 0.85113895, 0.69364405, 0.72039, 1.185742, 1.1486555, 1.2162197, 1.2303957, 0.9394289, 0.9308695, 2.8668385, 2.0274277, 1.5479879, 1.2759161, 1.1418202, 1.577268, 1.8130835, 1.343826, 1.2455522, 1.1846788, 1.8559589, 1.345705, 1.2550033, 1.1707125, 1.6904773, 2.648078, 2.8596895, 2.1076844, 1.9024665, 1.8146375, 2.1274738, 1.756118, 1.6893048, 1.5953711, 1.9005158, 1.6193796, 1.4800285, 1.4295207, 1.5010424, 2.339077, 2.7842052, 1.5355268, 1.4046315, 1.683697, 1.9162667, 1.6892042, 1.9018701, 1.7830049, 2.437355, 2.2502408, 2.5914679, 2.2327583, 2.3186107, 2.3117328, 2.0610323, 1.9731514, 2.3271146, 2.0597084, 2.0284534, 2.5997767, 2.4526129, 2.0959368, 2.0143692, 2.230696, 2.8395424, 2.0515716, 2.1335204, 1.8826756, 1.9994088, 1.7931767, 2.2689543, 2.5651584, 2.9528377, 2.4098346, 2.1702137, 2.0349245], 'scaler_samples': (array([[0.6935054 , 0.46994366],       [0.44915741, 0.40827496],       [0.76688468, 0.17195603]]), array([-2.288     , -2.37485172, -2.46855734])), 'net': {'saver_path': './M-LOOP_archives/./neural_net_archive_2022-10-23_09-07_rOIeMrNB.ckpt'}}
net_2={'last_hyperfit': 0, 'last_net_reg': 1e-08, 'regularization_history': [1e-08], 'losses_list': [0.19950514, 0.07521782, 0.019141193, 0.0065074437, 0.0017313324, 0.0007371555, 0.0004240347, 7.5830576e-05, 3.5065517e-05, 3.0194815e-05, 4.9098535e-06, 4.59107e-06, 1.1117747e-06, 1.0491386e-06, 5.98653e-07, 5.7608185e-07, 5.414701e-07, 5.2762687e-07, 5.2816375e-07, 5.272695e-07, 5.268105e-07, 5.267803e-07, 5.2675404e-07, 5.267231e-07, 5.267201e-07, 5.2671777e-07, 5.26717e-07, 5.267167e-07, 5.267165e-07, 5.267163e-07, 9.520008, 0.6828485, 0.14579356, 0.02835954, 0.014044297, 0.011039788, 0.0013072597, 0.0005348348, 0.00050835183, 6.008248e-05, 2.1435313e-05, 2.1278658e-05, 4.2245674e-06, 7.701702e-07, 5.571761, 2.0454373, 1.5783695, 1.2861056, 0.95049703, 0.6543863, 0.38798812, 0.19815993, 0.09216818, 0.1706515, 0.06453805, 0.018410118, 0.00097612134, 0.003071462, 1.2102728e-05, 0.0003733664, 4.8154663e-05, 1.3212628e-05, 1.6955559e-05, 5.9852423e-06, 7.9914794, 2.987078, 2.261125, 1.4658976, 0.79456615, 0.2831493, 0.10864447, 0.036914274, 0.010944822, 0.0035981282, 0.0014725941, 0.000535745, 0.00014270142, 1.9674135e-05, 3.9211036e-06, 5.5059413e-06, 2.3882263, 6.644768, 1.7734727, 2.3985448, 0.80849636, 1.8091164, 3.467471, 1.852513, 1.4583085, 1.2555394, 0.9375314, 0.91717875, 0.64435893, 0.65180707, 0.42131767, 0.25333422, 0.16472855, 0.12973256, 0.0977406, 0.08061324, 0.06653208, 0.065010816, 0.04035502, 0.03184496, 0.028682534, 0.02038159, 0.016474472, 0.014796422, 0.011086275, 0.008784566, 0.0075516254, 0.0069953846, 0.0058285166, 0.004126352, 0.00350014, 0.007689202, 0.002040428, 0.0017560503, 0.0012785752, 0.0013769852, 0.0008347441, 0.00070680486, 1.0372666, 0.47930303, 0.4365857, 0.42573377, 1.2888979, 0.8692026, 0.7291626, 0.6541222, 1.2987809, 1.7340888, 1.3046417, 1.2853304, 2.9426816, 2.2996268, 1.7643467, 1.6136818, 1.3411473, 1.1163949, 1.8796691, 1.3273748, 1.1476775, 1.12465, 1.5904204, 1.2038716, 1.2663122, 1.0439388, 1.6955979, 1.9150448, 2.3431277, 1.9416176, 1.8160641, 1.7757987, 2.135764, 1.7789258, 1.6677362, 1.5590823, 1.77111, 1.5801826, 1.5679328, 1.8221774, 1.8931228, 1.5610589, 1.470881, 1.728622, 2.147202, 1.8409078, 1.6893383, 1.6675041, 2.0557666, 1.8198742, 2.7765594, 3.1659575, 2.5408993, 2.704894, 2.4324818, 2.451521, 2.7810996, 2.3041022, 2.209174, 2.1375751, 2.101816, 2.3739636, 2.2211964, 2.0991018, 2.4709508, 2.3388965, 1.9182754, 1.8531326, 2.2809606, 2.374852, 2.3192308, 2.0002902], 'scaler_samples': (array([[0.6935054 , 0.46994366],       [0.44915741, 0.40827496],       [0.76688468, 0.17195603]]), array([-2.288     , -2.37485172, -2.46855734])), 'net': {'saver_path': './M-LOOP_archives/./neural_net_archive_2022-10-23_09-07_XstpIZFp.ckpt'}}
