mloop_version='3.3.1'
archive_type='neural_net_learner'
num_params=6
min_boundary=array([0., 0., 0., 0., 0., 0.])
max_boundary=array([1., 1., 1., 1., 1., 1.])
start_datetime='2022-10-23_18-22'
param_names=['', '', '', '', '', '']
search_precision=1e-06
parameter_searches=10
bad_uncer_frac=0.1
trust_region=nan
has_trust_region=False
predict_global_minima_at_end=True
generation_num=3
update_hyperparameters=False
predicted_best_parameters=array([0.20579983, 0.75537418, 0.12126643, 0.4362315 , 0.76469068,       0.56705075])
predicted_best_scaled_cost=-6.483093
predicted_best_cost=-2.152656173912776
all_params=array([[3.13476127e-01, 1.32938637e-01, 8.10387384e-01, 5.54336463e-01,        6.60456511e-01, 4.95397689e-01],       [4.31782237e-01, 8.04429399e-01, 3.75704756e-01, 1.54750877e-02,        5.48184583e-01, 7.69389317e-02],       [7.73460529e-02, 6.44530770e-01, 3.04359092e-01, 9.77699077e-02,        9.12038364e-01, 8.91525803e-01],       [7.51455723e-01, 3.97527348e-01, 5.55111512e-17, 2.56568605e-02,        1.00000000e+00, 0.00000000e+00],       [6.52416087e-01, 0.00000000e+00, 5.55111512e-17, 3.26839933e-02,        0.00000000e+00, 1.00000000e+00],       [9.86516773e-01, 1.00000000e+00, 1.08204884e-01, 0.00000000e+00,        0.00000000e+00, 0.00000000e+00],       [2.22059805e-01, 5.41522616e-01, 7.35479908e-01, 1.48398561e-01,        8.41772548e-02, 5.07250549e-01],       [4.55439986e-01, 8.54014525e-01, 5.84437655e-01, 0.00000000e+00,        4.58688373e-01, 0.00000000e+00],       [6.57503039e-01, 5.47055704e-01, 3.87411172e-02, 3.22277646e-01,        4.80041205e-01, 4.94027038e-02],       [4.10111554e-01, 7.69384920e-01, 3.54042296e-01, 0.00000000e+00,        6.24257395e-01, 0.00000000e+00],       [6.06591514e-01, 6.62150210e-01, 4.00113352e-01, 7.14797817e-01,        1.45689342e-01, 3.25920247e-01],       [2.55737482e-01, 1.00000000e+00, 1.25794498e-01, 0.00000000e+00,        3.75517841e-01, 0.00000000e+00],       [4.69061613e-01, 1.00000000e+00, 2.60549104e-01, 0.00000000e+00,        3.62581864e-01, 0.00000000e+00],       [4.61733836e-01, 1.00000000e+00, 8.10622947e-02, 0.00000000e+00,        1.64632198e-01, 1.24518453e-01],       [6.17207085e-01, 2.91599759e-01, 5.48420337e-02, 3.92553731e-01,        2.95692341e-01, 6.38013727e-01],       [2.36673708e-01, 1.00000000e+00, 5.55111512e-17, 6.23621844e-01,        0.00000000e+00, 4.32370755e-01],       [9.38370678e-01, 1.00000000e+00, 2.20324331e-01, 7.59900704e-01,        0.00000000e+00, 8.34576281e-01],       [2.77697979e-02, 6.16033387e-01, 5.55111512e-17, 1.00000000e+00,        0.00000000e+00, 0.00000000e+00],       [9.10741563e-01, 4.71282665e-01, 1.66117308e-01, 5.70548792e-01,        6.50325621e-01, 9.33345957e-01],       [8.28158554e-01, 1.00000000e+00, 4.32420303e-01, 1.00000000e+00,        0.00000000e+00, 2.17224714e-01],       [7.53068478e-01, 1.00000000e+00, 5.94812043e-01, 9.35223651e-01,        0.00000000e+00, 1.35495272e-01],       [5.03356321e-01, 8.00634354e-01, 4.46902790e-01, 7.06230136e-03,        5.56438984e-01, 1.34847971e-01],       [5.06537966e-01, 3.66606542e-01, 8.18705939e-01, 6.63534560e-02,        8.89174013e-01, 3.54356967e-01],       [6.15479830e-01, 6.38561479e-01, 4.00032562e-01, 6.84536638e-01,        8.54874711e-02, 3.50514813e-01],       [6.08130597e-01, 6.70093878e-01, 3.98566994e-01, 6.37859242e-01,        0.00000000e+00, 1.32654644e-01],       [4.50045347e-01, 6.50553824e-01, 5.42979517e-01, 7.47587699e-01,        2.34696411e-01, 3.67506882e-01],       [1.86598450e-01, 8.35251308e-01, 8.05142461e-02, 5.59686847e-01,        7.58509601e-01, 6.64564306e-01],       [5.50300545e-01, 7.56408286e-01, 8.79082195e-01, 9.86729236e-01,        0.00000000e+00, 5.93078773e-01],       [5.91319375e-01, 8.40475105e-01, 3.42604129e-01, 6.66124402e-01,        0.00000000e+00, 0.00000000e+00],       [6.12634905e-01, 6.63208490e-01, 3.72373355e-01, 5.71398222e-01,        1.19576457e-01, 0.00000000e+00],       [5.69019984e-01, 2.80760220e-02, 8.31781818e-01, 7.99991169e-01,        7.19836631e-01, 6.56747030e-01],       [1.17092334e-01, 1.00000000e+00, 1.88726010e-02, 6.46227080e-01,        9.27923101e-01, 2.88554825e-01],       [6.62356394e-01, 5.76228408e-01, 5.64608282e-01, 6.63006989e-01,        2.64087040e-02, 0.00000000e+00],       [6.53632363e-01, 5.64561012e-01, 4.50006354e-01, 7.13360922e-01,        1.46705926e-01, 1.69714625e-01],       [8.17586884e-01, 5.31422623e-01, 3.55027962e-01, 1.13039694e-01,        8.75539788e-01, 4.18580736e-01],       [1.81745244e-01, 1.00000000e+00, 1.64243861e-01, 6.94987737e-01,        6.86599431e-01, 9.86323799e-01],       [6.00883244e-01, 5.52826925e-01, 3.19027504e-01, 6.45643290e-01,        1.42433731e-01, 1.86357397e-01],       [1.88141895e-01, 9.06974007e-01, 1.25214891e-02, 6.22206282e-01,        7.83731291e-01, 8.52405888e-01],       [9.42761665e-01, 5.50909015e-01, 2.23325660e-01, 4.69553506e-01,        3.56347531e-01, 1.46660727e-02],       [1.43791723e-01, 8.43988791e-01, 4.42122060e-02, 5.25422390e-01,        7.42120768e-01, 5.55618784e-01],       [6.10200961e-01, 7.19999037e-01, 4.69748125e-01, 6.87206676e-01,        1.46135641e-01, 2.87314776e-01],       [1.50690433e-01, 8.28387129e-01, 5.55111512e-17, 5.25188496e-01,        7.73499816e-01, 6.34626964e-01],       [6.14224601e-01, 4.43806336e-01, 5.41399539e-01, 6.66456350e-01,        3.58000263e-01, 3.05888618e-01],       [1.00000000e+00, 1.88862909e-01, 1.00000000e+00, 0.00000000e+00,        8.58200852e-01, 4.30175884e-01],       [1.46078760e-01, 7.79518216e-01, 5.55111512e-17, 5.26427726e-01,        7.96169334e-01, 6.76381875e-01],       [2.06239201e-01, 7.82919621e-01, 5.55111512e-17, 5.55884744e-01,        7.97774561e-01, 6.92140014e-01],       [9.94235542e-01, 8.58217455e-02, 4.63112860e-01, 8.30532854e-02,        5.37569878e-01, 3.00873385e-01],       [1.31613366e-01, 7.93537611e-01, 5.55111512e-17, 4.93636452e-01,        7.67890903e-01, 6.74138262e-01],       [1.77662958e-01, 8.84316883e-01, 5.55111512e-17, 6.01615658e-01,        7.41434236e-01, 6.58925449e-01],       [1.46232056e-01, 7.94626967e-01, 1.30491069e-02, 5.49498862e-01,        7.67426708e-01, 6.45391525e-01],       [3.50681503e-01, 6.30119775e-01, 8.32369866e-01, 4.89240575e-01,        9.63438684e-01, 7.49571179e-01],       [1.54453673e-01, 8.08259014e-01, 5.22720159e-02, 6.00246066e-01,        7.70084588e-01, 6.50677859e-01],       [4.42958610e-01, 8.59590049e-01, 3.18896829e-01, 9.57639060e-02,        5.85135268e-01, 2.79157387e-01],       [1.40682174e-01, 8.10477810e-01, 2.48073274e-02, 5.84641268e-01,        8.50262393e-01, 6.46859343e-01],       [7.92276317e-01, 6.99261318e-01, 7.38386187e-01, 2.24767367e-01,        1.79809226e-01, 1.29386155e-02],       [1.98662566e-01, 8.34154774e-01, 8.48477943e-02, 4.95710987e-01,        7.47624808e-01, 6.72202063e-01],       [1.81871756e-01, 7.96758780e-01, 1.09064701e-01, 4.94833507e-01,        7.67851144e-01, 6.47417624e-01],       [1.77289319e-01, 7.93612981e-01, 8.99725274e-02, 5.06321962e-01,        7.44199520e-01, 6.21690177e-01],       [9.18942557e-01, 6.72648189e-01, 7.14836666e-01, 2.98213291e-01,        7.32932014e-01, 7.87477911e-01],       [1.61082130e-01, 7.62146041e-01, 1.16446157e-01, 4.99751055e-01,        8.05887957e-01, 6.45170483e-01],       [1.75853301e-01, 8.16218062e-01, 1.17580656e-01, 4.68202403e-01,        7.94748773e-01, 6.65973712e-01],       [1.81137609e-01, 8.95082101e-01, 6.18604473e-02, 5.62900643e-01,        8.14382070e-01, 7.19160506e-01],       [3.65741644e-01, 9.46185597e-01, 2.29604648e-01, 3.98722607e-01,        8.91159596e-02, 9.06175879e-01],       [1.72629841e-01, 7.99273644e-01, 6.51837605e-02, 5.62095969e-01,        7.19027601e-01, 6.54948229e-01],       [1.84323017e-01, 7.70780138e-01, 1.12149000e-01, 4.77545772e-01,        7.66394908e-01, 6.24685574e-01],       [1.75679623e-01, 7.72888528e-01, 9.82269007e-02, 5.55006606e-01,        7.81194334e-01, 6.78486780e-01],       [7.75162725e-01, 1.65964867e-01, 5.70795926e-01, 2.23738683e-01,        4.66103005e-01, 2.74750308e-01],       [1.95564670e-01, 7.16223118e-01, 1.44275107e-01, 4.26584018e-01,        7.65952070e-01, 5.77987987e-01],       [1.83674042e-01, 7.58513011e-01, 1.15400292e-01, 4.84626660e-01,        7.58415951e-01, 6.23140789e-01],       [1.75183132e-01, 7.59544129e-01, 9.58250776e-02, 4.99372459e-01,        7.73862298e-01, 6.19694945e-01],       [1.84199317e-01, 6.00664021e-01, 1.04393768e-01, 4.97749999e-02,        5.98095770e-01, 5.83500781e-01],       [1.89868691e-01, 6.57310944e-01, 1.66046052e-01, 4.03820731e-01,        7.43782550e-01, 5.44602857e-01],       [1.98932344e-01, 6.93304064e-01, 1.97331125e-01, 4.60261736e-01,        7.39152552e-01, 6.16724333e-01],       [2.02457363e-01, 6.80609871e-01, 1.97259214e-01, 4.15137548e-01,        7.48498647e-01, 5.81075985e-01],       [7.23890439e-01, 6.33614690e-01, 5.95334433e-01, 4.29846786e-01,        8.98765212e-01, 6.00469114e-01],       [1.71713740e-01, 7.24976458e-01, 7.98525972e-02, 4.36571846e-01,        7.54928328e-01, 5.70411747e-01],       [1.89861412e-01, 7.41261653e-01, 8.86581602e-02, 4.55661385e-01,        7.56761859e-01, 5.84965768e-01],       [1.81695414e-01, 7.32222569e-01, 1.05943666e-01, 4.75461740e-01,        7.59569301e-01, 6.15972320e-01],       [6.33801017e-01, 8.25042857e-01, 3.29141013e-01, 5.85292372e-01,        6.16353514e-01, 5.83283342e-02],       [2.17043791e-01, 7.58875394e-01, 1.60850329e-01, 4.60520963e-01,        7.63827752e-01, 6.35239318e-01],       [1.92819102e-01, 7.54590861e-01, 1.45935924e-01, 4.65369776e-01,        7.56096434e-01, 6.15234431e-01],       [1.97685086e-01, 7.70662923e-01, 1.57860719e-01, 4.65185261e-01,        7.54291018e-01, 6.22199235e-01],       [6.54220528e-02, 6.99099475e-01, 7.43558542e-01, 9.27817830e-01,        7.78343109e-01, 2.20074996e-01],       [7.44167142e-01, 1.00000000e+00, 2.30190471e-01, 7.21511078e-01,        6.27270851e-01, 0.00000000e+00],       [7.14621265e-01, 9.39043878e-01, 1.48489369e-01, 8.72768719e-01,        6.36211613e-01, 0.00000000e+00],       [6.37334718e-01, 8.08146872e-01, 3.28682255e-01, 5.27611874e-01,        6.19575533e-01, 3.95833310e-03],       [6.26735805e-01, 6.31039413e-01, 9.30578994e-01, 2.18011671e-01,        7.45581571e-01, 6.46178720e-01],       [1.79970780e-01, 7.41108739e-01, 1.18495499e-01, 4.65028921e-01,        7.50506069e-01, 5.64492817e-01],       [2.03072067e-01, 7.57155711e-01, 1.09412120e-01, 4.33599507e-01,        7.63509216e-01, 5.72339817e-01],       [1.75413232e-01, 7.34137319e-01, 1.40161431e-01, 4.73768063e-01,        7.56073013e-01, 6.06891553e-01],       [8.95480952e-01, 7.63759023e-01, 6.70408751e-02, 2.66232020e-01,        1.80319149e-01, 4.43455828e-01],       [2.06590500e-01, 7.52895607e-01, 1.02226690e-01, 4.13939144e-01,        7.59639238e-01, 5.37787247e-01],       [2.15521268e-01, 7.54756036e-01, 9.32970024e-02, 4.11886561e-01,        7.61226755e-01, 5.15684801e-01],       [2.06436296e-01, 7.47826670e-01, 1.12642742e-01, 3.98962107e-01,        7.61607765e-01, 5.41177202e-01],       [1.25332526e-01, 3.32455543e-01, 6.21251603e-01, 4.30313983e-01,        1.60260663e-01, 3.26306188e-01],       [2.02070527e-01, 7.61536710e-01, 1.08846759e-01, 4.53851384e-01,        7.62156712e-01, 5.87414836e-01],       [1.99054498e-01, 7.58808449e-01, 1.06709141e-01, 4.44987973e-01,        7.62862082e-01, 5.85650294e-01],       [1.96659328e-01, 7.51690589e-01, 1.11813724e-01, 4.36686875e-01,        7.60336010e-01, 5.83761875e-01],       [3.65854297e-01, 5.61471077e-01, 7.28055736e-01, 8.72196466e-01,        2.80088034e-01, 4.40153578e-01],       [1.94359010e-01, 7.55313280e-01, 1.25807410e-01, 4.77115113e-01,        7.56043209e-01, 5.99092562e-01],       [6.04787121e-01, 8.90157356e-01, 3.36068159e-01, 7.16730278e-01,        5.64751596e-01, 0.00000000e+00],       [5.99462042e-01, 7.82569808e-01, 3.69734849e-01, 5.60937542e-01,        6.22495840e-01, 1.16568788e-01],       [5.26061748e-01, 2.28046860e-01, 4.63318559e-01, 3.43370051e-01,        2.13222417e-01, 9.84773508e-01],       [2.21532835e-01, 7.29136063e-01, 1.49404150e-01, 4.09692190e-01,        7.79183389e-01, 5.38968750e-01],       [2.17671838e-01, 7.41205752e-01, 1.25559827e-01, 4.31718880e-01,        7.68673119e-01, 5.52635166e-01],       [2.09622480e-01, 7.40943372e-01, 1.31794593e-01, 4.12447812e-01,        7.67702211e-01, 5.59472059e-01],       [3.07583917e-01, 8.01844630e-01, 2.91699389e-02, 6.67321796e-01,        8.42973488e-01, 4.53981877e-01],       [2.05316622e-01, 7.84243143e-01, 8.84611080e-02, 4.32205091e-01,        7.65302162e-01, 5.54318185e-01],       [2.08303892e-01, 7.79227965e-01, 8.58252136e-02, 4.31612674e-01,        7.66588431e-01, 5.68048745e-01],       [2.03529680e-01, 7.66705433e-01, 9.82214832e-02, 4.25863482e-01,        7.62186949e-01, 5.64126501e-01],       [3.36587115e-01, 3.32466905e-01, 2.38484124e-01, 4.51417482e-01,        5.50071576e-01, 4.97802225e-01],       [2.01287448e-01, 7.50257728e-01, 1.32969658e-01, 4.72947201e-01,        7.56305390e-01, 5.61477157e-01],       [1.46135159e-01, 5.23138157e-01, 5.55111512e-17, 1.45914917e-01,        9.00135622e-01, 5.20895043e-01],       [1.99512277e-01, 7.55857573e-01, 1.13568124e-01, 4.29852946e-01,        7.60233409e-01, 5.77254015e-01],       [2.85950303e-01, 3.77834994e-01, 9.58221205e-01, 2.89838793e-01,        1.04090525e-02, 5.67177174e-01],       [2.17759430e-01, 7.63848998e-01, 1.00567245e-01, 4.20858617e-01,        7.70748891e-01, 6.08562695e-01],       [1.73513293e-01, 7.23253831e-01, 1.57416861e-01, 3.65866029e-01,        7.63365345e-01, 5.80302951e-01],       [2.00084137e-01, 7.50052593e-01, 1.18527694e-01, 4.26521299e-01,        7.61059813e-01, 5.70140375e-01],       [8.28913572e-01, 4.67759395e-01, 4.29398361e-01, 4.86652368e-01,        4.19538021e-02, 5.80674598e-01],       [2.02620316e-01, 7.35142475e-01, 1.15831298e-01, 4.17807565e-01,        7.63499432e-01, 5.76099227e-01]])
all_costs=array([-1.87628866, -1.96082272, -1.93429952, -1.84176633, -1.71550985,       -1.91946309, -1.92315082, -1.82497721, -1.74847162, -1.87981221,       -1.96467125, -1.90848427, -1.80522994, -1.89763033, -1.81176471,       -1.8904627 , -1.91578947, -1.8019802 , -1.81834696, -1.85886722,       -1.91212989, -1.96082272, -1.93056895, -1.83501375, -1.93804453,       -1.94936709, -1.976308  , -1.84856879, -1.77955556, -1.93429952,       -1.84856879, -1.79230081, -1.8283105 , -1.96082272, -1.94557823,       -1.76387665, -1.90123457, -1.90848427, -1.89403974, -1.89403974,       -1.93429952, -1.98021761, -1.85886722, -1.74542284, -1.93804453,       -1.73935708, -1.79230081, -1.87628866, -1.91212989, -1.976308  ,       -1.85542169, -1.94936709, -1.86232558, -1.88334901, -1.8283105 ,       -1.92315082, -2.        , -1.95317073, -1.88689915, -1.91946309,       -1.86928105, -1.90485252, -1.88689915, -1.93804453, -2.04494382,       -1.96082272, -1.91578947, -2.0746114 , -2.13660619, -1.97241379,       -2.00802407, -1.89403974, -1.78909741, -1.88334901, -1.86232558,       -1.98808342, -2.00802407, -1.95698925, -2.09195402, -1.91212989,       -2.0120603 , -1.88689915, -1.8904627 , -1.86579683, -1.88334901,       -1.77955556, -1.86928105, -1.99601196, -2.21705426, -1.94936709,       -1.96082272, -1.90848427, -1.94936709, -1.96082272, -1.98414272,       -2.08324662, -1.94180407, -2.05333333, -1.75153106, -2.11851852,       -1.69804919, -1.91212989, -1.82497721, -1.91212989, -1.91212989,       -1.98021761, -1.87981221, -1.90123457, -1.92315082, -2.00802407,       -1.80522994, -1.94557823, -1.81504986, -2.08759124, -1.82165605,       -1.976308  , -1.86579683, -2.10958904, -1.83165599, -2.07032058])
all_uncers=array([1.e-08, 1.e-08, 1.e-08, 1.e-08, 1.e-08, 1.e-08, 1.e-08, 1.e-08,       1.e-08, 1.e-08, 1.e-08, 1.e-08, 1.e-08, 1.e-08, 1.e-08, 1.e-08,       1.e-08, 1.e-08, 1.e-08, 1.e-08, 1.e-08, 1.e-08, 1.e-08, 1.e-08,       1.e-08, 1.e-08, 1.e-08, 1.e-08, 1.e-08, 1.e-08, 1.e-08, 1.e-08,       1.e-08, 1.e-08, 1.e-08, 1.e-08, 1.e-08, 1.e-08, 1.e-08, 1.e-08,       1.e-08, 1.e-08, 1.e-08, 1.e-08, 1.e-08, 1.e-08, 1.e-08, 1.e-08,       1.e-08, 1.e-08, 1.e-08, 1.e-08, 1.e-08, 1.e-08, 1.e-08, 1.e-08,       1.e-08, 1.e-08, 1.e-08, 1.e-08, 1.e-08, 1.e-08, 1.e-08, 1.e-08,       1.e-08, 1.e-08, 1.e-08, 1.e-08, 1.e-08, 1.e-08, 1.e-08, 1.e-08,       1.e-08, 1.e-08, 1.e-08, 1.e-08, 1.e-08, 1.e-08, 1.e-08, 1.e-08,       1.e-08, 1.e-08, 1.e-08, 1.e-08, 1.e-08, 1.e-08, 1.e-08, 1.e-08,       1.e-08, 1.e-08, 1.e-08, 1.e-08, 1.e-08, 1.e-08, 1.e-08, 1.e-08,       1.e-08, 1.e-08, 1.e-08, 1.e-08, 1.e-08, 1.e-08, 1.e-08, 1.e-08,       1.e-08, 1.e-08, 1.e-08, 1.e-08, 1.e-08, 1.e-08, 1.e-08, 1.e-08,       1.e-08, 1.e-08, 1.e-08, 1.e-08, 1.e-08, 1.e-08, 1.e-08, 1.e-08])
bad_run_indexs=[]
best_cost=-2.2170542635658914
best_params=array([0.20307207, 0.75715571, 0.10941212, 0.43359951, 0.76350922,       0.57233982])
best_index=88
worst_cost=-1.6980491942324003
worst_index=100
cost_range=0.5190050693334911
costs_count=120
params_count=90
cost_scaler_init_index=3
net_0={'last_hyperfit': 0, 'last_net_reg': 1e-08, 'regularization_history': [1e-08], 'losses_list': [1.4673774, 0.07369462, 0.026602516, 0.020863317, 0.013051479, 0.0045036734, 0.0011823656, 0.00031728315, 0.00011998491, 5.4561704e-05, 1.9262994e-05, 8.542315e-06, 3.6179458e-06, 1.6587848e-06, 8.13026e-07, 5.738279e-07, 5.245794e-07, 5.321347e-07, 5.3049746e-07, 5.261301e-07, 5.246635e-07, 5.2462866e-07, 5.245978e-07, 5.245498e-07, 5.245257e-07, 5.245173e-07, 5.245149e-07, 5.245143e-07, 5.245135e-07, 5.24513e-07, 2.4363053, 0.4188702, 0.116874546, 0.029357027, 0.0043297303, 0.002903651, 0.0010378452, 0.0004904032, 0.0001347804, 3.4098564e-05, 6.498995e-06, 2.6402017e-06, 2.2956106e-06, 1.479676e-06, 8.674259e-07, 6.0958e-07, 5.433337e-07, 5.355731e-07, 3.5971634, 0.59685016, 0.30526206, 0.19507667, 0.13025826, 0.06940316, 0.024978615, 0.0035985229, 0.00022884639, 0.0008037618, 2.5236814, 0.74325824, 0.47325325, 0.2797649, 0.11770074, 0.027175283, 0.0025256407, 0.0012760746, 0.001148655, 0.00023045666, 2.1619533e-05, 3.5584162e-05, 1.6673555e-05, 2.3533585e-06, 1.2739536e-06, 1.2358603e-06, 6.9106056e-07, 5.4638076e-07, 5.616916e-07, 5.4691907e-07, 0.47789177, 0.11746707, 0.3471778, 0.21448244, 0.01794536, 0.023966212, 0.008616873, 0.0047146427, 0.0068929577, 0.00117544, 0.0006925294, 0.00051939045, 0.00014027537, 2.0955038e-05, 3.8414737e-06, 2.8001707e-06, 1.9139843e-06, 2.4436772e-06, 0.5899201, 0.120555654, 0.030513812, 0.0045856005, 0.0003849462, 0.00010693084, 1.31609e-05, 4.7693284e-06, 1.2096591e-06, 7.528861e-07, 5.91721e-07, 5.8661226e-07, 0.5434509, 0.30464754, 0.25197577, 0.2093153, 0.16194761, 0.12759908, 0.10278374, 0.02320329, 0.0058696694, 0.0010357159, 0.00020436809, 0.00014415738, 7.699566e-05, 7.806256e-06, 3.7256512e-05, 5.5112637e-06, 3.6657784e-06, 1.4414857e-06, 6.544053e-07, 6.585258e-07, 1.1756431, 0.20436607, 0.030272584, 0.056425773, 0.0046993718, 0.0008825047, 0.00019087203, 1.3253446e-05, 6.9707817e-06, 1.6522022e-06, 9.583025e-07, 6.0178286e-07, 5.6992536e-07, 5.566754e-07, 0.79843843, 0.29873446, 0.09667173, 0.038005907, 0.039481726, 0.055007704, 1.1692712, 0.17023402, 0.03407591, 0.009332063, 0.0035808068, 0.0014268863, 0.00066524395, 0.00016108394, 3.205491e-05, 2.04095e-05, 2.8700867e-06, 1.4488522e-06, 9.3752595e-07, 6.673187e-07, 5.8967754e-07, 5.745681e-07, 0.21819943, 0.06060925, 0.022036357, 0.01482192, 0.0012357148, 0.00056463695, 5.5592856e-05, 2.842859e-05, 7.3429583e-06, 2.7905753e-06, 1.7891261e-06, 4.470612e-06, 1.8397575e-06, 2.38086e-06, 8.01151e-07, 9.877555e-07, 1.2527628, 0.26724836, 0.009164118, 0.0035670763, 0.003643544, 0.00038278528, 9.490708e-05, 1.1745481e-05, 1.8791236e-05, 3.0451269e-05, 6.3548196e-06, 1.459413e-06, 0.21931452, 0.2818735, 0.24503347, 0.14586516, 0.09361964, 0.09056042, 0.080390915, 0.33100927, 0.21799152, 0.020928122, 0.012111924, 0.009212332, 0.07144824, 0.06294953, 0.04982025, 0.041958008, 0.035887785, 0.030789912, 0.20791596, 0.102853045, 0.047397893, 0.031691603, 0.14997707, 0.19350511, 0.069002576, 0.04874687, 0.027712982, 0.06393159, 0.49925095, 0.26843297, 0.1324471, 0.116534375, 1.8316364, 0.41807535, 0.16582209, 0.43598187, 0.13626796, 0.057410903, 0.04861394, 0.052392222, 0.01996168, 0.044480294, 0.02481475, 0.010043686, 0.021600263, 0.026585931, 0.4884653, 0.17786562, 0.12019109, 0.10867963, 0.050004635, 0.045747254, 0.03732818, 0.036228415, 1.1649927, 0.3271176, 0.18616882, 0.16313256, 0.14785658, 0.8621941, 1.1304386, 0.5047296, 0.50523925, 0.417546, 0.82335126, 0.3198992, 0.27577227, 0.101124994, 0.040970262, 0.008279539, 0.006394857, 0.0027938348, 0.001341741, 0.0298081, 1.3261418, 0.45215097, 0.20853393, 0.23153964, 0.16293499, 0.09885284, 0.17390947, 0.055359814, 0.06684146, 0.020310737, 0.01010859, 0.00787836, 0.0045659486, 0.008797915, 0.84661156, 0.5574015, 0.3957459, 0.35317585, 0.92601097, 0.4309239, 0.42616266, 0.33061433, 0.30986446, 0.31683213, 0.89973474, 0.36646482, 0.34170616, 0.26466605, 0.7963665, 0.40100676, 0.4347399, 0.2784498, 0.5280429, 0.32677704, 0.6220365, 0.55115294, 0.24793682, 0.15487143, 0.25544772, 0.15939033, 0.14391394, 0.12314285], 'scaler_samples': (array([[0.31347613, 0.13293864, 0.81038738, 0.55433646, 0.66045651,        0.49539769],       [0.43178224, 0.8044294 , 0.37570476, 0.01547509, 0.54818458,        0.07693893],       [0.07734605, 0.64453077, 0.30435909, 0.09776991, 0.91203836,        0.8915258 ]]), array([-1.87628866, -1.96082272, -1.93429952])), 'net': {'saver_path': './M-LOOP_archives/./neural_net_archive_2022-10-23_18-22_CTqcN63t.ckpt'}}
net_1={'last_hyperfit': 0, 'last_net_reg': 1e-08, 'regularization_history': [1e-08], 'losses_list': [7.299667, 0.39630437, 0.1305534, 0.03742008, 0.008622939, 0.0020717676, 0.00060689467, 0.000223949, 9.6735675e-05, 4.9321337e-05, 2.671085e-05, 1.3438483e-05, 5.534877e-06, 1.7793102e-06, 6.538963e-07, 5.6151515e-07, 5.9255143e-07, 5.6558207e-07, 5.439057e-07, 5.4223113e-07, 5.4223125e-07, 5.4126014e-07, 5.411031e-07, 5.411256e-07, 5.411043e-07, 5.410954e-07, 5.410921e-07, 5.410918e-07, 5.4109165e-07, 5.410915e-07, 11.284713, 0.25240546, 0.11055016, 0.03374572, 0.0051198537, 0.0005298674, 0.0007256707, 0.00026310683, 0.00013150829, 3.8770708e-05, 2.582579e-06, 3.584571e-06, 3.078286e-06, 1.225045e-06, 6.625385e-07, 6.5240374e-07, 5.908775e-07, 5.48373e-07, 5.8363447, 0.6973179, 0.25077394, 0.07365961, 0.0068111457, 0.004115633, 0.0017947013, 0.00033253166, 0.00025501242, 5.748044e-05, 4.2489406e-05, 6.383667e-06, 5.1399898e-06, 1.6124175e-06, 9.403471e-07, 6.849729e-07, 5.8350435e-07, 5.6858437e-07, 3.465149, 0.7420702, 0.40412968, 0.15979232, 0.041881684, 0.0045600315, 0.0010740171, 0.0011068328, 0.00019778105, 5.003048e-05, 5.274171e-05, 9.828092e-06, 2.2556167e-06, 2.8043887e-06, 1.0500241e-06, 6.3023816e-07, 6.355979e-07, 5.699614e-07, 0.8369131, 0.34539083, 0.10343384, 0.10282721, 0.037322287, 0.02670417, 0.012797303, 0.009876882, 0.0032850145, 0.0019717417, 0.5385887, 0.16986354, 0.04255339, 0.015985835, 0.01801405, 0.0033722061, 0.0018419723, 0.0027721617, 0.0006107217, 0.00019947712, 0.000113890805, 2.6706204e-05, 0.00037475422, 0.00023269972, 0.8038281, 0.32085806, 0.24309665, 0.24926353, 0.1787174, 0.14377196, 1.4391173, 0.5677411, 0.33750135, 0.16734064, 0.08279871, 0.025364589, 0.012690879, 0.0028440522, 0.0076240064, 0.003893105, 0.77555615, 0.7261853, 0.554631, 0.5167075, 0.43107393, 0.30650952, 0.11366582, 0.0612486, 0.06188602, 0.009585421, 0.80761224, 0.08848925, 0.04018551, 0.019148896, 0.0027468223, 0.0005382125, 0.00016464267, 0.00013682005, 8.6478e-06, 4.3029213e-06, 3.5951225e-06, 6.1268054e-07, 0.28364983, 0.04908517, 0.023120316, 0.011990764, 0.007721808, 0.004999955, 0.0031900764, 0.0022442364, 0.0011670359, 0.0006662455, 0.0003853768, 0.00018807159, 9.638511e-05, 6.760166e-05, 4.005831e-05, 1.5153004e-05, 5.098458e-06, 5.1105626e-06, 0.938113, 0.3220365, 0.09951876, 0.06217158, 0.0074504884, 0.0013194351, 0.00019815959, 0.00021119209, 3.4482317e-05, 6.665725e-06, 1.5974148e-06, 8.2562053e-07, 6.5303925e-07, 6.1119744e-07, 0.23965074, 0.15757658, 0.127958, 0.19694422, 0.4299938, 0.17356369, 0.07665328, 0.025135243, 0.013943759, 0.0050147767, 0.006393117, 0.0016061115, 0.000988601, 0.00057391863, 0.00036515578, 0.00026364392, 0.00022970822, 0.00014749683, 0.00016036682, 6.9516514e-05, 3.493179e-05, 6.0459708e-05, 1.5680818e-05, 4.87327e-06, 3.2312646e-06, 2.7943956e-06, 1.2690081e-06, 8.745726e-07, 1.2702586e-05, 0.00029646215, 0.04884134, 0.011952158, 0.007551101, 0.025198746, 0.005405468, 0.0018261462, 0.001559806, 0.001162563, 0.27718282, 0.10442319, 0.054355256, 0.028811779, 0.015298976, 0.007121018, 0.0013100127, 0.00025916903, 9.723993e-05, 7.1867325e-05, 1.575083e-05, 0.0001009868, 0.05229823, 0.110338286, 0.3124123, 0.13401014, 0.06472865, 0.11830891, 0.020972729, 0.011661643, 1.1472924, 0.11461218, 0.028319545, 0.02198806, 0.9111283, 0.1451133, 0.0754283, 0.04526653, 0.02922797, 0.027293988, 0.55704635, 0.721945, 0.36108115, 0.1927779, 0.14328074, 0.26502556, 0.68139946, 0.4714465, 0.43048602, 0.4659053, 0.5535986, 0.29130742, 0.3871541, 0.06255221, 0.12176531, 0.032787688, 0.050049897, 0.016458904, 0.005269597, 0.010890326, 0.00092409755, 0.00040500288, 0.00096860534, 0.0004825229, 1.3973438, 0.27253422, 0.12154002, 0.049587995, 0.027622867, 0.027050573, 0.020621357, 0.047147997, 0.73537534, 0.6271769, 0.50920254, 0.7175273, 0.34506965, 0.31783545, 1.3981388, 0.39220408, 0.30937544, 0.26983157, 0.22471479, 0.50328624, 0.6341629, 0.28873777, 0.77318794, 0.20332009, 0.17416488, 0.1792249, 0.12825093, 0.10125083, 1.4489975, 0.5507688, 0.4628114, 0.35842174, 0.3298236, 0.3719191, 0.24525097, 0.20149288, 0.6910458, 0.23779401, 0.17462642, 0.9272167, 0.8715102, 0.26716334, 0.2637047, 0.1639375, 0.12454999, 0.11099009, 0.1320706, 0.08944352], 'scaler_samples': (array([[0.31347613, 0.13293864, 0.81038738, 0.55433646, 0.66045651,        0.49539769],       [0.43178224, 0.8044294 , 0.37570476, 0.01547509, 0.54818458,        0.07693893],       [0.07734605, 0.64453077, 0.30435909, 0.09776991, 0.91203836,        0.8915258 ]]), array([-1.87628866, -1.96082272, -1.93429952])), 'net': {'saver_path': './M-LOOP_archives/./neural_net_archive_2022-10-23_18-22_8CucO5xu.ckpt'}}
net_2={'last_hyperfit': 0, 'last_net_reg': 1e-08, 'regularization_history': [1e-08], 'losses_list': [0.19778243, 0.025645675, 0.006362032, 0.0054205074, 0.0026459156, 0.00030430013, 0.00012795234, 1.8670156e-05, 1.09288085e-05, 1.1051886e-05, 4.2626407e-06, 1.4924899e-06, 8.221261e-07, 6.309586e-07, 5.674162e-07, 5.468391e-07, 5.418354e-07, 5.411555e-07, 5.4099604e-07, 5.4075736e-07, 5.405458e-07, 5.404451e-07, 5.4040873e-07, 5.404036e-07, 5.4040413e-07, 5.404038e-07, 5.404035e-07, 5.4040333e-07, 5.4040333e-07, 5.404032e-07, 5.4941106, 0.78069085, 0.10170554, 0.013011146, 0.0153157255, 0.0066216337, 0.0019782388, 0.00063126977, 0.00010196503, 1.4614076e-05, 1.7510505e-05, 5.929064e-06, 3.650178e-06, 2.22254e-06, 9.986247e-07, 7.507192e-07, 6.036354e-07, 5.660846e-07, 3.7402623, 0.74695754, 0.2672871, 0.07221253, 0.0063755116, 0.008617975, 0.0007120699, 0.00094462, 7.247938e-05, 0.00012985026, 1.7119224e-05, 1.5839614e-05, 2.1557814e-06, 2.6902067e-06, 8.1055305e-07, 8.438772e-07, 5.837249e-07, 5.8182076e-07, 3.0081546, 0.35576215, 0.14759365, 0.018061355, 0.0065625086, 0.0020032, 0.0007073986, 0.00021599396, 9.735462e-05, 3.0685656e-05, 1.4752324e-05, 7.0626647e-06, 2.6346397e-06, 1.1704742e-06, 7.823316e-07, 5.857484e-07, 5.7993805e-07, 5.584978e-07, 1.8811853, 0.15626281, 0.070261784, 0.12407596, 0.25042236, 0.06728774, 0.03658496, 0.044412248, 0.017580282, 0.011317371, 0.0034204293, 0.0012707481, 0.00044200057, 0.0001408477, 6.0927992e-05, 2.9067864e-05, 1.7160328e-05, 2.3243801e-05, 1.0866515e-06, 1.1755046e-06, 6.219527e-07, 5.985986e-07, 0.51568645, 0.29130924, 0.25656137, 0.22805785, 0.1978169, 0.15225121, 0.110124975, 0.09357551, 0.028417367, 0.008966565, 1.1211103, 0.26700526, 0.050334156, 0.0058965483, 0.0010077605, 0.00010779366, 1.877874e-05, 3.4416265e-05, 3.63219e-05, 1.3376436e-05, 1.4469344e-06, 1.6438189e-06, 1.6302192e-06, 8.291923e-06, 0.69040656, 0.29085883, 0.455531, 0.61190146, 0.26377195, 0.05172016, 0.09375758, 0.041334853, 0.83056307, 0.03853242, 0.006015123, 0.0008493178, 8.7126136e-05, 1.4902762e-05, 3.722072e-06, 1.763977e-06, 1.0473759e-06, 7.6410237e-07, 6.5668166e-07, 6.167282e-07, 0.3970891, 0.04828557, 0.011379453, 0.001941403, 0.00036414078, 0.00042166095, 0.00038872083, 0.0001322625, 4.235044e-06, 5.7749976e-06, 1.5504642e-06, 7.823607e-07, 6.1123575e-07, 5.920134e-07, 1.5216527, 0.40483698, 0.03466005, 0.0053080306, 0.0012518336, 0.00026014168, 0.00013640888, 7.738177e-05, 4.3482454e-05, 2.5195697e-05, 2.2277885e-05, 7.579358e-06, 6.6085245e-06, 2.4464791e-06, 1.5415484e-06, 1.0573955e-06, 8.2348134e-07, 7.093891e-07, 6.5141364e-07, 6.2238587e-07, 0.17991868, 0.5410515, 0.15109196, 0.10307168, 0.059537917, 0.0661491, 0.003993117, 0.0055969004, 0.0006755905, 0.00060423044, 0.00073074835, 0.00011490781, 2.47502e-05, 0.00010169938, 0.30152097, 0.020621732, 0.0026251965, 0.00091995444, 0.00032583124, 0.00011363458, 3.5960744e-05, 1.8390409e-05, 5.4716106e-06, 2.5012178e-06, 1.0925432e-06, 8.553336e-07, 8.6651346e-07, 6.7287056e-07, 0.08015653, 0.026276186, 0.019018233, 0.020439224, 0.011995751, 0.01265619, 0.0057992, 0.004555162, 0.0022872163, 0.0009413438, 0.24193273, 0.09619339, 0.033046972, 0.004826037, 0.0018369942, 0.000499077, 0.00063470437, 0.0011053738, 0.10282965, 0.26473248, 0.50167805, 0.20748554, 0.19141716, 0.08584241, 0.10681665, 0.16462204, 1.413397, 0.15679336, 0.05173674, 0.03704956, 0.016154256, 0.009686345, 0.011021162, 0.006127416, 0.00097618793, 0.0016253319, 0.33959576, 0.13140759, 0.11209249, 0.054945216, 0.051750697, 0.03033812, 0.058211338, 0.0638205, 0.0073525743, 0.002794123, 0.90888953, 1.8926173, 0.48527607, 0.40456662, 0.36256042, 0.48727584, 1.3116388, 0.6013643, 0.51358426, 0.3004632, 0.11484705, 0.35484973, 0.05699716, 0.020534128, 0.009301769, 0.00612372, 0.0061084838, 0.0042820657, 0.0031876892, 0.00085375755, 0.0004208645, 0.008537143, 0.58134353, 0.09739747, 0.051629752, 0.077701166, 0.011228169, 0.007009018, 0.877558, 0.22673759, 0.100551024, 0.05586458, 0.7216325, 0.8054871, 0.50648, 0.50936025, 0.42938933, 0.5187332, 0.32927823, 0.48716533, 0.92878103, 0.39156303, 0.37532887, 0.2796698, 0.85844076, 0.32763687, 0.26972935, 0.25093916, 0.256355, 0.14954926, 0.49890417, 0.1993514, 0.1630374, 0.09321301, 0.08673099, 0.095396675, 0.455069, 1.1629796], 'scaler_samples': (array([[0.31347613, 0.13293864, 0.81038738, 0.55433646, 0.66045651,        0.49539769],       [0.43178224, 0.8044294 , 0.37570476, 0.01547509, 0.54818458,        0.07693893],       [0.07734605, 0.64453077, 0.30435909, 0.09776991, 0.91203836,        0.8915258 ]]), array([-1.87628866, -1.96082272, -1.93429952])), 'net': {'saver_path': './M-LOOP_archives/./neural_net_archive_2022-10-23_18-22_FyAZEso6.ckpt'}}
