mloop_version='3.3.1'
archive_type='neural_net_learner'
num_params=2
min_boundary=array([0., 0.])
max_boundary=array([1., 1.])
start_datetime='2022-10-23_00-34'
param_names=['', '']
search_precision=1e-06
parameter_searches=10
bad_uncer_frac=0.1
trust_region=nan
has_trust_region=False
predict_global_minima_at_end=True
generation_num=3
update_hyperparameters=False
predicted_best_parameters=array([0.85244888, 0.11281906])
predicted_best_scaled_cost=-6.419763
predicted_best_cost=-1.3858303111436518
all_params=array([[0.8730373 , 0.49388394],       [0.02966075, 0.21670324],       [0.28007838, 0.18324774],       [0.37593777, 0.        ],       [1.        , 1.        ],       [1.        , 1.        ],       [0.99022964, 0.60009175],       [1.        , 0.57593083],       [1.        , 0.43982268],       [0.8578874 , 0.44187729],       [0.44388469, 0.31994311],       [0.79840853, 0.4573618 ],       [0.93115196, 0.50212405],       [0.81284629, 0.47846312],       [0.22338297, 0.6402653 ],       [0.29873898, 0.15079348],       [0.09593677, 0.01429926],       [0.27854131, 0.11935048],       [0.82669817, 0.41461054],       [0.18742202, 0.        ],       [0.0036459 , 0.        ],       [0.0928013 , 0.        ],       [0.83404288, 0.11749108],       [0.7999625 , 0.39528789],       [0.79036622, 0.4023064 ],       [0.78927172, 0.38188109],       [0.0105721 , 0.9141262 ],       [0.87336419, 0.1327058 ],       [1.        , 0.04500226],       [0.86715453, 0.1062734 ],       [0.85070212, 0.99328652],       [0.84419175, 0.08825012],       [0.78532289, 0.07926034],       [0.82311503, 0.06252832],       [0.99916839, 0.65094082],       [0.85271871, 0.12861576],       [0.9106567 , 0.13666714],       [0.85208682, 0.13632787],       [0.00314486, 0.68557056],       [0.85479399, 0.12504681],       [0.8524066 , 0.14081282],       [0.87287491, 0.12349431],       [0.44511042, 0.0511907 ],       [0.87227414, 0.11299982],       [0.83653307, 0.12327333],       [0.87669741, 0.10301987],       [0.90651779, 0.29547751],       [0.87685208, 0.11370915],       [0.18321863, 0.0835602 ],       [0.87823325, 0.10953847],       [0.68470395, 0.52685735],       [0.8740191 , 0.10772628],       [0.77983034, 0.12792009],       [0.90359077, 0.10886183],       [0.14926117, 0.49710068],       [0.85888051, 0.12736941],       [0.78770554, 0.55827378],       [0.87158504, 0.11939559],       [0.92467204, 0.1012161 ],       [0.86595529, 0.13154712],       [0.5587928 , 0.9372075 ],       [0.86136985, 0.12982607],       [0.27684776, 0.14546734],       [0.86364406, 0.13694405],       [0.85806322, 0.15151256],       [0.82469587, 0.1958007 ],       [0.42212314, 0.1797229 ],       [0.82680264, 0.18949545],       [0.76241776, 0.22614087],       [0.79898143, 0.21433531],       [0.22847318, 0.36513575],       [0.46932536, 0.21536581],       [0.85320855, 0.15396058],       [0.4640118 , 0.19382061],       [0.69292342, 0.5326599 ],       [0.87160285, 0.12339685],       [0.64737689, 0.52738923],       [0.86538843, 0.12122016],       [0.01668735, 0.76134394],       [0.87324928, 0.12157673],       [0.86470024, 0.11178126],       [0.86718422, 0.11065558],       [0.60531849, 0.09298593],       [0.86142079, 0.11369229],       [0.86066133, 0.12113895],       [0.86518042, 0.11308744],       [0.84222842, 0.93199136],       [0.86646215, 0.11013575],       [0.86183574, 0.11885968],       [0.86529503, 0.08572061],       [0.03334677, 0.93573733],       [0.6067378 , 0.24072746],       [0.86845452, 0.10570657],       [0.86174046, 0.11628697],       [0.42720391, 0.59309266],       [0.86121457, 0.11635584],       [0.875685  , 0.10416275],       [0.85679487, 0.10853329],       [0.09926456, 0.04474162],       [0.86725194, 0.11650066],       [0.57444452, 0.25078595],       [0.87089471, 0.11496091],       [0.49096876, 0.94869315],       [0.86670398, 0.11428546],       [0.85115544, 0.11397146],       [0.85522727, 0.1162001 ],       [0.51928763, 0.62432965],       [0.86718813, 0.12085707],       [0.79139967, 0.16477981],       [0.86723941, 0.11282534],       [0.95596602, 0.01946659],       [0.86610075, 0.11183728],       [0.68469189, 0.21962744],       [0.86215917, 0.11739863],       [0.53039474, 0.60393689],       [0.85688666, 0.1190664 ],       [0.86642676, 0.10598123],       [0.8662717 , 0.11317617],       [0.89624993, 0.96169164],       [0.86795399, 0.11406571]])
all_costs=array([-1.29579288, -1.2583281 , -1.28911784, -1.28087012, -1.22147651,       -1.22897483, -1.2583281 , -1.27272727, -1.21113128, -1.27760051,       -1.24735202, -1.24116553, -1.27111111, -1.30935252, -1.27272727,       -1.24735202, -1.30593607, -1.30935252, -1.32145215, -1.2646873 ,       -1.2024024 , -1.19379845, -1.3463349 , -1.22897483, -1.22446483,       -1.23962848, -1.29579288, -1.31623932, -1.22746781, -1.38546713,       -1.27923323, -1.26789107, -1.2350401 , -1.31451083, -1.31106745,       -1.29411765, -1.30253741, -1.37594502, -1.30935252, -1.31106745,       -1.32670643, -1.3463349 , -1.21850274, -1.37973811, -1.25991189,       -1.30764206, -1.23809524, -1.33555704, -1.28087012, -1.36468984,       -1.33555704, -1.27597196, -1.28251121, -1.232     , -1.24735202,       -1.28251121, -1.24579963, -1.32670643, -1.27760051, -1.33734135,       -1.21850274, -1.41085271, -1.29244674, -1.37405628, -1.28251121,       -1.39318024, -1.33555704, -1.33023256, -1.28251121, -1.23351818,       -1.31970995, -1.31797235, -1.31106745, -1.27923323, -1.29579288,       -1.31278689, -1.25517241, -1.36097893, -1.30764206, -1.30253741,       -1.37783895, -1.40294324, -1.2489083 , -1.35178933, -1.41284404,       -1.40097971, -1.27434755, -1.38931298, -1.37783895, -1.32670643,       -1.24579963, -1.34452653, -1.33734135, -1.40097971, -1.23962848,       -1.48186528, -1.33913043, -1.29915639, -1.21406913, -1.35361731,       -1.25203252, -1.35728814, -1.28580604, -1.408867  , -1.31106745,       -1.35178933, -1.32495036, -1.43512545, -1.28745981, -1.38355218,       -1.31106745, -1.34092431, -1.33913043, -1.41085271, -1.29747246,       -1.31278689, -1.34814815, -1.39124392, -1.32145215, -1.3665529 ])
all_uncers=array([1.e-08, 1.e-08, 1.e-08, 1.e-08, 1.e-08, 1.e-08, 1.e-08, 1.e-08,       1.e-08, 1.e-08, 1.e-08, 1.e-08, 1.e-08, 1.e-08, 1.e-08, 1.e-08,       1.e-08, 1.e-08, 1.e-08, 1.e-08, 1.e-08, 1.e-08, 1.e-08, 1.e-08,       1.e-08, 1.e-08, 1.e-08, 1.e-08, 1.e-08, 1.e-08, 1.e-08, 1.e-08,       1.e-08, 1.e-08, 1.e-08, 1.e-08, 1.e-08, 1.e-08, 1.e-08, 1.e-08,       1.e-08, 1.e-08, 1.e-08, 1.e-08, 1.e-08, 1.e-08, 1.e-08, 1.e-08,       1.e-08, 1.e-08, 1.e-08, 1.e-08, 1.e-08, 1.e-08, 1.e-08, 1.e-08,       1.e-08, 1.e-08, 1.e-08, 1.e-08, 1.e-08, 1.e-08, 1.e-08, 1.e-08,       1.e-08, 1.e-08, 1.e-08, 1.e-08, 1.e-08, 1.e-08, 1.e-08, 1.e-08,       1.e-08, 1.e-08, 1.e-08, 1.e-08, 1.e-08, 1.e-08, 1.e-08, 1.e-08,       1.e-08, 1.e-08, 1.e-08, 1.e-08, 1.e-08, 1.e-08, 1.e-08, 1.e-08,       1.e-08, 1.e-08, 1.e-08, 1.e-08, 1.e-08, 1.e-08, 1.e-08, 1.e-08,       1.e-08, 1.e-08, 1.e-08, 1.e-08, 1.e-08, 1.e-08, 1.e-08, 1.e-08,       1.e-08, 1.e-08, 1.e-08, 1.e-08, 1.e-08, 1.e-08, 1.e-08, 1.e-08,       1.e-08, 1.e-08, 1.e-08, 1.e-08, 1.e-08, 1.e-08, 1.e-08, 1.e-08])
bad_run_indexs=[]
best_cost=-1.4818652849740934
best_params=array([0.86121457, 0.11635584])
best_index=95
worst_cost=-1.193798449612403
worst_index=21
cost_range=0.2880668353616904
costs_count=120
params_count=90
cost_scaler_init_index=3
net_0={'last_hyperfit': 0, 'last_net_reg': 1e-08, 'regularization_history': [1e-08], 'losses_list': [0.93874615, 0.027049659, 0.0042148805, 0.010818055, 0.004632919, 0.00055875984, 0.000118194854, 0.00014404385, 7.722783e-05, 2.6257321e-05, 8.328123e-06, 2.5135394e-06, 8.9223226e-07, 5.661961e-07, 5.6124406e-07, 5.4199523e-07, 5.322319e-07, 5.325737e-07, 5.31578e-07, 5.3114496e-07, 5.31132e-07, 5.30995e-07, 5.309557e-07, 5.309313e-07, 5.3092197e-07, 5.309195e-07, 5.3091907e-07, 5.3091907e-07, 5.309189e-07, 5.3091895e-07, 4.062535, 0.13874747, 0.07178752, 0.03192748, 0.023332318, 0.019777484, 0.018281287, 0.017718175, 2.4361944, 0.8572914, 0.13974537, 0.062327653, 0.021414878, 0.014462632, 0.0117228385, 0.010693008, 1.2641224, 0.8728931, 0.7373554, 0.6782324, 1.1367593, 1.3633235, 4.7827563, 2.8060055, 2.3266344, 2.2130404, 5.4362273, 2.4898722, 2.0299134, 1.9391671, 3.3817482, 2.2479022, 1.7945659, 1.5449533, 1.2988288, 1.0984402, 0.9478606, 0.87315446, 0.7244391, 0.7759487, 2.7160354, 3.3763113, 3.2575781, 3.7785025, 3.6357722, 3.1030948, 2.8697743, 2.6579227, 3.1418202, 2.8906589, 2.7363386, 3.8454783, 4.216563, 3.166629, 3.3508065, 3.0120173, 3.4265358, 2.9951696, 3.4061196, 4.3008003, 3.9622262, 3.3032172, 3.4870036, 3.0653098, 2.8963065, 2.8382776, 2.8054028, 2.5538208, 2.6539593, 3.1302693, 3.005698, 3.3318088, 2.7558093, 2.5412755, 2.577526, 3.3325415, 3.1634603, 3.4024312, 3.8502119, 2.9988673, 3.0589783, 2.7793312, 2.8911905, 2.844999, 3.064558, 2.8429594, 2.8354526, 5.4176497, 3.849665, 4.209184, 2.9916177, 2.7215154, 2.677753, 2.942457], 'scaler_samples': (array([[0.8730373 , 0.49388394],       [0.02966075, 0.21670324],       [0.28007838, 0.18324774]]), array([-1.29579288, -1.2583281 , -1.28911784])), 'net': {'saver_path': './M-LOOP_archives/./neural_net_archive_2022-10-23_00-34_Q4m_gFoL.ckpt'}}
net_1={'last_hyperfit': 0, 'last_net_reg': 1e-08, 'regularization_history': [1e-08], 'losses_list': [0.6738654, 0.074465156, 0.0018507259, 0.007917981, 0.0039496156, 0.00016766188, 0.00029233922, 0.00016776769, 5.050863e-05, 7.216453e-06, 2.3222008e-06, 2.2955164e-06, 1.6619263e-06, 9.838792e-07, 6.6759833e-07, 5.915386e-07, 5.637695e-07, 5.594581e-07, 5.5788036e-07, 5.5745545e-07, 5.574231e-07, 5.573811e-07, 5.573622e-07, 5.573574e-07, 5.5735813e-07, 5.573581e-07, 5.5735694e-07, 5.5735694e-07, 5.5735677e-07, 5.573568e-07, 2.5291758, 0.038498644, 0.039384592, 0.03873171, 0.023408404, 0.020523004, 3.2759545, 0.5162947, 0.15088047, 0.09510799, 0.03288456, 0.020562196, 0.012677511, 0.011100827, 1.2192045, 0.8067061, 0.7634657, 0.7353334, 1.1551207, 1.2783189, 4.0718465, 2.5260065, 2.306311, 2.2077584, 5.0972404, 2.6499968, 2.3499188, 2.287743, 4.3012714, 3.1766949, 2.5498285, 2.141211, 2.0061336, 1.899698, 3.5436084, 3.692272, 4.275192, 3.4252694, 2.893832, 2.5827816, 2.3683338, 2.224336, 2.7487397, 2.4949865, 2.2872005, 2.168451, 2.5081503, 4.0144863, 3.9129655, 3.157232, 2.8581455, 2.6535926, 3.534595, 2.679645, 2.6595907, 2.380916, 3.241639, 2.4960344, 2.3247943, 2.521876, 2.7496595, 3.269782, 4.85786, 3.2339242, 2.984836, 2.7655158, 3.1064897, 2.6600118, 2.5284345, 2.5773442, 2.6873348, 2.6591792, 3.0080335, 3.487996, 3.4298563, 3.0454674, 2.796915, 2.5364509, 3.989326, 3.1643465, 2.3918917, 2.366678, 4.1302714, 4.4530387, 4.2638135, 3.5512877, 3.8168147, 3.210135, 2.9997272, 2.8733923, 3.780241, 3.0559947, 3.0884316, 2.962375, 4.4341965, 3.6073332, 3.18938, 2.8038845, 2.9372735, 2.7041354], 'scaler_samples': (array([[0.8730373 , 0.49388394],       [0.02966075, 0.21670324],       [0.28007838, 0.18324774]]), array([-1.29579288, -1.2583281 , -1.28911784])), 'net': {'saver_path': './M-LOOP_archives/./neural_net_archive_2022-10-23_00-34_bIwI3rih.ckpt'}}
net_2={'last_hyperfit': 0, 'last_net_reg': 1e-08, 'regularization_history': [1e-08], 'losses_list': [0.26763538, 0.03821971, 0.012901601, 0.002934493, 0.00031792413, 0.00039264667, 0.00020359262, 8.120034e-05, 2.8538401e-05, 9.596641e-06, 2.8158347e-06, 1.1484308e-06, 9.1562e-07, 6.3401967e-07, 5.81648e-07, 5.467136e-07, 5.358375e-07, 5.2835935e-07, 5.2675136e-07, 5.2617224e-07, 5.2601615e-07, 5.2601007e-07, 5.2600774e-07, 5.2599785e-07, 5.259949e-07, 5.259943e-07, 5.259944e-07, 5.259943e-07, 5.259943e-07, 5.2599427e-07, 2.8585532, 0.4312343, 0.031450093, 0.020792583, 0.018270621, 0.018040894, 2.9311783, 1.2098292, 0.19252501, 0.092792034, 0.070147276, 0.038716834, 0.02355207, 0.016814608, 0.013998463, 0.012672345, 1.013042, 0.7325779, 0.688168, 0.6520694, 1.086773, 2.5481737, 5.8874097, 2.6759088, 2.6050658, 2.1422403, 5.489821, 2.364129, 2.180827, 2.025404, 3.4832273, 2.5634367, 1.9557059, 1.6099735, 1.3528737, 1.13473, 0.9864481, 0.86677164, 2.9401083, 3.5149062, 2.9430664, 2.3422856, 1.8788952, 3.3651516, 2.909905, 2.62331, 2.5452058, 2.1239452, 1.9390785, 1.8179702, 2.2942688, 2.0027733, 2.0248356, 2.8255289, 3.4982421, 3.2040904, 2.6263988, 2.5449762, 2.9538498, 2.408834, 3.4751132, 2.6067126, 2.457042, 2.384068, 2.5524528, 3.5366464, 4.4465218, 3.0805693, 2.9814548, 2.6727512, 2.6595879, 2.7449706, 2.7741632, 2.4832845, 3.071919, 3.0877252, 2.8803527, 2.996115, 3.32867, 2.5195377, 2.4774344, 2.3506312, 2.589643, 2.2043333, 2.846036, 4.854238, 3.6958952, 3.358506, 2.8708155, 2.7433882, 3.6598368, 3.1591568, 2.8002257, 2.5751593, 2.9409175, 2.6304345, 2.5684521, 4.9068956], 'scaler_samples': (array([[0.8730373 , 0.49388394],       [0.02966075, 0.21670324],       [0.28007838, 0.18324774]]), array([-1.29579288, -1.2583281 , -1.28911784])), 'net': {'saver_path': './M-LOOP_archives/./neural_net_archive_2022-10-23_00-34_8DoAHoF1.ckpt'}}
