mloop_version='3.3.1'
archive_type='neural_net_learner'
num_params=2
min_boundary=array([0., 0.])
max_boundary=array([1., 1.])
start_datetime='2022-10-23_12-31'
param_names=['', '']
search_precision=1e-06
parameter_searches=10
bad_uncer_frac=0.1
trust_region=nan
has_trust_region=False
predict_global_minima_at_end=True
generation_num=3
update_hyperparameters=False
predicted_best_parameters=array([0.88804423, 0.16448117])
predicted_best_scaled_cost=-3.309962
predicted_best_cost=-4.122960843446708
all_params=array([[0.25799282, 0.6758984 ],       [0.46028619, 0.94574338],       [0.88364275, 0.13457005],       [0.08283817, 0.        ],       [0.        , 0.22342075],       [0.        , 0.87602394],       [0.67351377, 0.5658943 ],       [0.30234578, 0.65694653],       [0.32925123, 0.68384041],       [0.29126997, 0.73149188],       [0.96370551, 0.48415958],       [0.90307175, 0.        ],       [0.92905623, 0.        ],       [1.        , 0.00912978],       [0.84744985, 0.58359405],       [0.88670636, 0.25335576],       [0.        , 0.67653658],       [0.85390044, 0.25974906],       [0.47445739, 0.65593649],       [0.24837686, 0.70166055],       [0.83790876, 0.13863565],       [0.28898591, 0.65574599],       [0.54509864, 0.29455555],       [0.2368816 , 0.6527115 ],       [0.27478033, 0.67777029],       [0.28273552, 0.63468256],       [0.73464879, 0.2491838 ],       [1.        , 0.18935236],       [0.89269043, 0.1455391 ],       [1.        , 0.45533668],       [0.85727639, 0.37366052],       [0.89660293, 0.1467356 ],       [0.8971325 , 0.15583997],       [0.90653535, 0.15502455],       [0.75048876, 0.65266594],       [0.90111981, 0.1289392 ],       [0.85549622, 0.18382237],       [0.3749036 , 0.69079662],       [0.00210419, 0.61929176],       [0.42219131, 0.72567958],       [0.38986745, 0.69391832],       [0.39189445, 0.70152895],       [0.53391795, 0.76289   ],       [0.89401067, 0.17935413],       [0.34872427, 0.67168681],       [0.88949395, 0.16796547],       [0.70580206, 0.71364715],       [0.8949148 , 0.17890304],       [0.88265712, 0.16825558],       [0.89344002, 0.16415123],       [0.85200009, 0.67982064],       [0.87339053, 0.16388578],       [0.88254571, 0.17943497],       [1.        , 1.        ],       [0.59061203, 0.22376474],       [0.88095981, 0.6800227 ],       [0.89214647, 0.69731966],       [0.87028749, 0.67804036],       [0.82060387, 0.96954582],       [0.87248526, 0.15808164],       [0.87446419, 0.65882056],       [0.68341641, 0.76404241],       [0.39581168, 0.97319552],       [0.78124062, 0.71330499],       [0.88433712, 0.1648459 ],       [0.83035377, 0.69932273],       [0.88390748, 0.8850755 ],       [0.72600595, 0.98873642],       [0.79546782, 0.99092503],       [0.79390928, 1.        ],       [0.90143913, 0.23433807],       [0.88264921, 0.15400262],       [0.88199889, 0.16654421],       [0.73898497, 0.70054117],       [0.07992802, 0.78364781],       [0.88409023, 0.15372705],       [0.76253145, 0.83072984],       [0.87718896, 0.16914609],       [0.83780601, 0.47921782],       [0.77862551, 0.84275448],       [0.76179583, 0.8349084 ],       [0.77418245, 0.85232338],       [0.34070302, 0.02139218],       [0.87242465, 0.20411068],       [0.88006025, 0.17314409],       [0.88814048, 0.67884911],       [0.60488322, 0.88303516],       [0.89168269, 0.15393393],       [0.34529505, 0.70195565],       [0.81837519, 0.72675245],       [0.03632478, 0.14142846],       [0.88025749, 0.16147992],       [0.88928026, 0.16141632],       [0.88259939, 0.16814368],       [0.15461818, 0.87156085],       [0.88162227, 0.16035391],       [0.7469907 , 0.80110793],       [0.6140831 , 0.94989185],       [0.10106977, 0.93997979],       [0.91694633, 0.17393569],       [0.89096028, 0.16066576],       [0.        , 0.05273575],       [0.56179852, 0.03307558],       [0.89324157, 0.16579678],       [0.89161129, 0.16345399],       [0.38204283, 0.63937243],       [0.18624444, 0.86040384],       [0.        , 0.1142701 ],       [0.89045784, 0.16340327],       [0.88423993, 0.16268879],       [0.33236663, 0.61551376],       [0.88160084, 0.1733396 ],       [0.89210992, 0.16075685],       [0.88674126, 0.15843513],       [0.79678932, 0.32827577],       [0.87396856, 0.16251136],       [0.88881614, 0.16508102],       [0.969244  , 0.11940795],       [0.19150292, 0.73946224],       [0.88463943, 0.16672786]])
all_costs=array([-3.79886148, -3.46967071, -3.71428571, -3.34223706, -3.22383253,       -3.44578313, -3.23424879, -3.41056218, -3.74205607, -3.44578313,       -3.63339383, -3.02874433, -3.18282989, -2.90566038, -3.45768566,       -3.45768566, -3.13302034, -3.48173913, -3.41056218, -3.48173913,       -3.4938918 , -3.77024482, -3.03793627, -3.19298246, -3.25528455,       -3.5061296 , -3.51845343, -3.4938918 , -4.16216216, -3.19298246,       -3.28735632, -3.4938918 , -4.30537634, -3.19298246, -3.26590538,       -3.18282989, -3.33111481, -3.90253411, -3.55595027, -3.51845343,       -3.44578313, -3.2032    , -3.43396226, -3.58139535, -3.35343384,       -4.30537634, -3.87234043, -3.38747885, -4.82409639, -3.88737864,       -4.12783505, -3.88737864, -3.26590538, -2.81575246, -3.48173913,       -4.12783505, -3.33111481, -3.96435644, -3.91780822, -3.59425494,       -3.44578313, -3.55595027, -3.13302034, -3.82791587, -3.99600798,       -3.51845343, -3.45768566, -3.71428571, -3.35343384, -3.00149925,       -3.58139535, -3.56862745, -3.78449905, -3.55595027, -3.01052632,       -3.79886148, -4.41942605, -4.11088296, -3.36470588, -3.28735632,       -3.59425494, -3.15275591, -3.46967071, -3.27659574, -3.5308642 ,       -3.32006633, -3.79886148, -3.48173913, -3.12324493, -3.62025316,       -4.07739308, -4.4       , -4.2869379 , -4.06085193, -3.56862745,       -3.85741811, -3.43396226, -3.74205607, -3.44578313, -3.35343384,       -4.60229885, -3.38747885, -3.16271722, -4.19706499, -4.06085193,       -3.54336283, -3.62025316, -3.58139535, -3.87234043, -4.12783505,       -3.82791587, -3.85741811, -4.09406953, -3.77024482, -3.35343384,       -4.34273319, -4.26865672, -4.21473684, -3.18282989, -3.88737864])
all_uncers=array([1.e-08, 1.e-08, 1.e-08, 1.e-08, 1.e-08, 1.e-08, 1.e-08, 1.e-08,       1.e-08, 1.e-08, 1.e-08, 1.e-08, 1.e-08, 1.e-08, 1.e-08, 1.e-08,       1.e-08, 1.e-08, 1.e-08, 1.e-08, 1.e-08, 1.e-08, 1.e-08, 1.e-08,       1.e-08, 1.e-08, 1.e-08, 1.e-08, 1.e-08, 1.e-08, 1.e-08, 1.e-08,       1.e-08, 1.e-08, 1.e-08, 1.e-08, 1.e-08, 1.e-08, 1.e-08, 1.e-08,       1.e-08, 1.e-08, 1.e-08, 1.e-08, 1.e-08, 1.e-08, 1.e-08, 1.e-08,       1.e-08, 1.e-08, 1.e-08, 1.e-08, 1.e-08, 1.e-08, 1.e-08, 1.e-08,       1.e-08, 1.e-08, 1.e-08, 1.e-08, 1.e-08, 1.e-08, 1.e-08, 1.e-08,       1.e-08, 1.e-08, 1.e-08, 1.e-08, 1.e-08, 1.e-08, 1.e-08, 1.e-08,       1.e-08, 1.e-08, 1.e-08, 1.e-08, 1.e-08, 1.e-08, 1.e-08, 1.e-08,       1.e-08, 1.e-08, 1.e-08, 1.e-08, 1.e-08, 1.e-08, 1.e-08, 1.e-08,       1.e-08, 1.e-08, 1.e-08, 1.e-08, 1.e-08, 1.e-08, 1.e-08, 1.e-08,       1.e-08, 1.e-08, 1.e-08, 1.e-08, 1.e-08, 1.e-08, 1.e-08, 1.e-08,       1.e-08, 1.e-08, 1.e-08, 1.e-08, 1.e-08, 1.e-08, 1.e-08, 1.e-08,       1.e-08, 1.e-08, 1.e-08, 1.e-08, 1.e-08, 1.e-08, 1.e-08, 1.e-08])
bad_run_indexs=[]
best_cost=-4.824096385542171
best_params=array([0.88265712, 0.16825558])
best_index=48
worst_cost=-2.8157524613220812
worst_index=53
cost_range=2.0083439242200893
costs_count=120
params_count=90
cost_scaler_init_index=3
net_0={'last_hyperfit': 0, 'last_net_reg': 1e-08, 'regularization_history': [1e-08], 'losses_list': [0.53465, 0.0052141165, 0.002477221, 0.0024685983, 0.0014513726, 0.00079239026, 0.00028296394, 7.7184144e-05, 1.5206192e-05, 1.0340642e-06, 1.1794069e-06, 1.966902e-06, 1.4690283e-06, 7.876567e-07, 5.5404075e-07, 5.539767e-07, 5.485892e-07, 5.3526855e-07, 5.3410395e-07, 5.339917e-07, 5.333924e-07, 5.3340835e-07, 5.3336464e-07, 5.333435e-07, 5.3334344e-07, 5.3334304e-07, 5.333431e-07, 5.3334304e-07, 5.333429e-07, 5.333428e-07, 3.5355492, 0.26641753, 0.06689325, 0.009804214, 0.006269562, 0.0030051083, 0.00044473234, 0.000319007, 7.638466e-05, 4.4646073e-05, 1.9164283e-05, 2.9685384e-06, 2.9358928e-06, 1.5337464e-06, 6.4159826e-07, 6.251622e-07, 2.1041052, 0.7136517, 0.6461586, 0.6079255, 4.9191146, 1.722249, 1.1037669, 0.7332076, 0.51045907, 0.49385262, 1.897207, 1.0551482, 0.91423345, 0.76034665, 0.5965551, 0.500791, 0.50531995, 0.4328414, 0.57465464, 0.45777258, 0.40097168, 0.38844323, 1.2419643, 0.8411097, 0.74130714, 0.70937496, 1.5966558, 1.190198, 1.1006302, 1.0378802, 1.9623015, 2.8534138, 2.47125, 2.1812174, 2.138017, 2.0730631, 3.0269222, 2.268024, 2.1672168, 2.20426, 2.3087463, 2.1809392, 4.0510273, 3.6302378, 4.177177, 3.3591847, 3.3104281, 3.5776184, 4.0015426, 3.3228662, 3.2664645, 2.7948492, 2.9753714, 3.9964626, 3.4140205, 2.989075, 3.2220469, 3.2410321, 3.2603297, 2.7942126, 3.303707, 2.7435577, 3.422211, 3.447837, 3.9252765, 3.3087382, 3.0053842, 2.995115, 2.939932, 2.8275747, 3.0477896, 2.9302475, 3.1689157, 3.7927172, 3.9458134, 2.9026155, 2.8298867, 2.566584, 2.6864383, 2.387536, 2.153511, 2.1748838, 3.2183385, 3.2777514, 3.3662908, 2.5602968, 2.6278234, 2.333626, 2.2930272, 3.039507], 'scaler_samples': (array([[0.25799282, 0.6758984 ],       [0.46028619, 0.94574338],       [0.88364275, 0.13457005]]), array([-3.79886148, -3.46967071, -3.71428571])), 'net': {'saver_path': './M-LOOP_archives/./neural_net_archive_2022-10-23_12-31_jdAE81wp.ckpt'}}
net_1={'last_hyperfit': 0, 'last_net_reg': 1e-08, 'regularization_history': [1e-08], 'losses_list': [1.0863664, 0.08603759, 0.04341969, 0.008891389, 0.0040101474, 0.0005273078, 0.00017050949, 4.6776237e-05, 3.0514891e-05, 1.1035293e-06, 4.8731804e-06, 1.9283293e-06, 7.557514e-07, 7.455001e-07, 6.9167675e-07, 6.0004845e-07, 5.4875034e-07, 5.332393e-07, 5.3106316e-07, 5.30613e-07, 5.299972e-07, 5.2973706e-07, 5.296995e-07, 5.296889e-07, 5.296852e-07, 5.2968204e-07, 5.2968176e-07, 5.296848e-07, 5.2968096e-07, 5.296816e-07, 3.9669476, 0.18169463, 0.07024986, 0.022747327, 0.008061336, 0.002073742, 0.0007141761, 0.0002010223, 7.265429e-05, 3.057796e-05, 1.0097565e-05, 4.894e-06, 1.918152e-06, 1.1971842e-06, 7.841695e-07, 6.476247e-07, 1.5206506, 0.7497891, 0.6149941, 0.5732122, 4.685686, 1.8630158, 1.3253708, 0.8559445, 0.5308022, 0.44051105, 0.42012987, 0.38573396, 2.3010864, 1.6554449, 0.78253347, 0.51508033, 0.49315655, 0.42295107, 0.37090245, 0.44460046, 0.5238874, 0.37446275, 0.32143378, 0.30623576, 1.0780264, 0.6941894, 0.6666284, 0.6139772, 1.2401403, 0.8852404, 0.75575835, 0.6723677, 2.0435486, 2.2869115, 2.6114578, 2.250747, 3.0233624, 2.3263967, 2.2570171, 2.2036436, 2.561689, 2.398318, 3.652681, 3.904759, 4.541068, 3.5832207, 3.3452504, 3.1104038, 3.597667, 2.8402677, 2.706444, 2.3688743, 2.9668372, 2.2187238, 2.013584, 1.8701872, 1.6844238, 1.4937665, 1.9622408, 4.1591268, 3.6828716, 3.0292356, 3.411064, 2.8870428, 2.5174406, 2.2097023, 2.2945123, 2.0769684, 1.8708076, 2.0359685, 3.2764957, 2.6379855, 2.6064816, 2.956405, 3.0181694, 2.531074, 2.3458471, 2.1437478, 2.5726173, 2.153002, 1.929156, 1.864483, 2.184621, 2.040758, 2.3223186, 2.4804592, 2.1418612, 2.2124352, 2.301296, 1.9485648, 1.8809253, 1.7589372, 1.6414336, 1.5804139, 1.7543217, 2.9743927, 2.6048458, 1.6220156, 2.3491356, 1.6210284], 'scaler_samples': (array([[0.25799282, 0.6758984 ],       [0.46028619, 0.94574338],       [0.88364275, 0.13457005]]), array([-3.79886148, -3.46967071, -3.71428571])), 'net': {'saver_path': './M-LOOP_archives/./neural_net_archive_2022-10-23_12-31_aC2u_YLM.ckpt'}}
net_2={'last_hyperfit': 0, 'last_net_reg': 1e-08, 'regularization_history': [1e-08], 'losses_list': [2.2130384, 0.07808237, 0.025336094, 0.016974661, 0.0021556767, 0.0019815147, 0.00059229654, 0.0003096349, 0.00018469756, 4.5652378e-05, 1.2786995e-05, 5.187648e-06, 1.4489394e-06, 1.1509055e-06, 8.340862e-07, 5.87779e-07, 5.801154e-07, 5.5098417e-07, 5.437503e-07, 5.4419104e-07, 5.4300716e-07, 5.4278615e-07, 5.4265297e-07, 5.4259493e-07, 5.4259755e-07, 5.4259414e-07, 5.425914e-07, 5.425913e-07, 5.4259084e-07, 5.425906e-07, 3.1589642, 0.53170824, 0.056899223, 0.01116162, 0.0067508295, 0.003992654, 0.00027117765, 0.00034332665, 0.00014791096, 3.0444513e-05, 1.7800647e-05, 4.6952396e-06, 1.2325995e-06, 1.3859474e-06, 9.194186e-07, 6.04572e-07, 5.6539875e-07, 5.5959504e-07, 1.661678, 0.81433314, 0.66993403, 0.6111941, 4.5343137, 1.7753956, 1.3006811, 0.95176667, 0.62785536, 0.49492833, 0.47170985, 0.4439263, 2.1557333, 2.8034818, 1.6402105, 1.0710394, 0.78147614, 0.6589936, 1.3014392, 0.5476094, 0.47819412, 0.4399927, 1.5032619, 0.8679277, 0.78386927, 0.74029547, 1.5360811, 1.1690637, 1.0702639, 0.9864403, 1.9828299, 2.1497507, 2.8675659, 2.2634084, 2.2302399, 2.1920815, 3.035554, 2.4293768, 2.3452551, 2.316841, 2.6072636, 2.4967728, 3.784929, 3.9550188, 4.721542, 3.7175367, 4.1232843, 3.4366355, 4.1880245, 3.4425635, 4.097793, 3.3520908, 3.1614966, 3.0416992, 2.9768357, 3.6763725, 3.9022582, 3.2062714, 3.0730014, 3.3236701, 2.8122025, 2.7368076, 3.037834, 2.4152179, 1.9799292, 1.8104777, 1.5825037, 1.6607605, 4.33904, 4.2635264, 3.8304107, 3.476087, 3.640434, 3.4491751, 3.1622052, 3.007958, 2.9463813, 2.6876485, 3.7665105, 3.112891, 2.7709656, 3.9093049, 3.636508, 3.8124795, 3.3380203, 3.1229527, 2.8772643, 2.7058663, 2.5277898, 4.0578995], 'scaler_samples': (array([[0.25799282, 0.6758984 ],       [0.46028619, 0.94574338],       [0.88364275, 0.13457005]]), array([-3.79886148, -3.46967071, -3.71428571])), 'net': {'saver_path': './M-LOOP_archives/./neural_net_archive_2022-10-23_12-31_eY8rMvZR.ckpt'}}
