mloop_version='3.3.1'
archive_type='neural_net_learner'
num_params=2
min_boundary=array([0., 0.])
max_boundary=array([1., 1.])
start_datetime='2022-10-23_04-37'
param_names=['', '']
search_precision=1e-06
parameter_searches=10
bad_uncer_frac=0.1
trust_region=nan
has_trust_region=False
predict_global_minima_at_end=True
generation_num=3
update_hyperparameters=False
predicted_best_parameters=array([0.33184849, 0.8391824 ])
predicted_best_scaled_cost=0.20020962
predicted_best_cost=-1.9983715400138933
all_params=array([[0.86154935, 0.25568818],       [0.28804409, 0.32081536],       [0.84074398, 0.58580513],       [0.60424335, 1.        ],       [1.        , 0.78932304],       [0.51080134, 1.        ],       [0.57647949, 0.80605571],       [0.74401862, 0.52310216],       [0.77416091, 0.52011065],       [0.8061414 , 0.53630822],       [0.83135152, 0.19060526],       [0.87763737, 0.59295735],       [0.90251868, 0.56675971],       [0.79565979, 0.61299609],       [0.49770163, 0.87215652],       [0.81739714, 0.57779488],       [0.83672957, 0.58683063],       [0.83220847, 0.59362144],       [0.2331532 , 0.44730568],       [0.32869316, 0.27056299],       [0.15650575, 0.28067835],       [0.25422784, 0.3388684 ],       [0.33403627, 0.38991449],       [0.01481018, 0.26534496],       [0.19704605, 0.28998745],       [0.99170212, 0.44146712],       [0.68034783, 0.5275903 ],       [0.92909748, 0.32923767],       [0.32027572, 0.32408133],       [0.90419948, 0.40058081],       [0.46206282, 0.65388664],       [0.73780707, 0.61836061],       [0.77879699, 0.62088831],       [0.10265864, 0.28049065],       [0.26412448, 0.07017303],       [0.72268952, 0.59946526],       [0.78356062, 0.62088608],       [0.16923788, 0.30037879],       [0.16901036, 0.73181504],       [0.79914626, 0.68766044],       [0.77950417, 0.63102947],       [0.79080739, 0.64875908],       [0.68810692, 0.83645766],       [0.18941494, 0.31642522],       [0.59268771, 0.47412468],       [0.17982604, 0.3046422 ],       [0.36468407, 0.78144479],       [0.22566503, 0.32146763],       [0.77394177, 0.6082784 ],       [0.20930268, 0.31538574],       [0.74419148, 0.27685145],       [0.21323862, 0.3248146 ],       [0.20888429, 0.31080749],       [0.22309601, 0.3210788 ],       [0.47675034, 0.04475772],       [0.21840589, 0.84353724],       [0.13412209, 0.97831378],       [0.22631547, 0.87393464],       [0.4311086 , 0.59886629],       [0.27569086, 0.31792853],       [0.26675569, 0.32038359],       [0.25617891, 0.32286252],       [0.36697459, 0.43481803],       [0.29201827, 0.31697233],       [0.73077124, 0.63420189],       [0.24324277, 0.32100351],       [0.66059876, 0.03353572],       [0.15801849, 0.78312304],       [0.71633965, 0.64063638],       [0.1258428 , 0.30802909],       [0.80664476, 0.1634626 ],       [0.79694569, 0.        ],       [0.25956322, 0.31785782],       [0.71634571, 0.64259954],       [0.78764145, 0.22522228],       [0.74656418, 0.62757862],       [0.26478463, 0.32223061],       [0.37074773, 0.76560387],       [0.77487739, 0.18842382],       [0.22218414, 0.31652168],       [0.72081873, 0.62932163],       [0.73279206, 0.63252746],       [0.24049168, 0.57763891],       [0.73957805, 0.61918169],       [0.27139266, 0.32031164],       [0.38843208, 0.74628491],       [0.34092124, 0.35481839],       [0.        , 0.31182711],       [0.7833308 , 0.62410112],       [0.19838382, 0.31800839],       [0.0119805 , 0.81842023],       [0.22440902, 0.31685372],       [0.7459046 , 0.63257143],       [0.72192437, 0.63369139],       [0.82279039, 0.55926514],       [1.        , 0.18384194],       [0.        , 0.79820746],       [0.18420736, 0.31666953],       [0.33542927, 0.12810409],       [0.9321051 , 0.25926568],       [0.79974301, 0.61450671],       [0.25639772, 0.30866979],       [0.78679588, 0.10663396],       [0.79901237, 0.61506726],       [0.79905237, 0.60946465],       [0.79798873, 0.61098376],       [0.54572495, 0.38575586],       [0.36117495, 0.16199442],       [0.3510369 , 0.1564593 ],       [0.3374018 , 0.13759066],       [0.56918798, 0.05401695],       [0.38273598, 0.18761509],       [0.28521142, 0.31974278],       [0.37624116, 0.16994141],       [0.94774596, 0.3012571 ],       [0.288454  , 0.29540267],       [0.37327689, 0.16416393],       [0.13864766, 0.30450496],       [0.55225137, 0.76419663],       [0.34076648, 0.15808597]])
all_costs=array([-1.91946309, -2.04494382, -2.07032058, -1.79230081, -1.70964987,       -1.84516129, -1.83501375, -1.78909741, -1.74542284, -1.86232558,       -1.91212989, -1.76699029, -1.7955157 , -1.98021761, -1.73333333,       -1.84516129, -1.71845494, -1.83838384, -1.81504986, -1.83838384,       -1.976308  , -1.77955556, -1.77325066, -1.95698925, -1.91946309,       -1.90848427, -1.90485252, -1.8019802 , -1.77325066, -1.83501375,       -1.80849142, -2.0120603 , -1.96853491, -1.93429952, -1.85886722,       -1.83501375, -2.09195402, -2.0120603 , -1.94936709, -1.86928105,       -1.99601196, -1.87981221, -1.83501375, -2.06604747, -1.71550985,       -1.95698925, -2.00802407, -2.12301166, -1.82165605, -1.91212989,       -1.82165605, -1.8904627 , -2.004004  , -1.96853491, -1.73935708,       -1.91212989, -1.86579683, -1.90123457, -1.78272484, -2.14117647,       -1.86579683, -1.96082272, -1.86579683, -1.85886722, -2.09195402,       -1.96853491, -1.94557823, -1.91578947, -2.11404435, -1.98021761,       -1.91212989, -1.71845494, -2.0120603 , -1.87628866, -1.74238468,       -2.01611279, -1.94180407, -1.95317073, -1.86232558, -1.88689915,       -1.94557823, -1.88689915, -1.81504986, -1.87628866, -1.80522994,       -1.91946309, -1.80849142, -1.82497721, -1.86928105, -1.99601196,       -2.05333333, -1.93429952, -1.83501375, -1.92685274, -1.78909741,       -1.91578947, -1.73333333, -1.96082272, -1.9920398 , -1.76077397,       -2.06604747, -1.81834696, -1.92315082, -1.8727783 , -1.73935708,       -2.04912999, -1.85542169, -2.04912999, -2.10515247, -1.92685274,       -1.76077397, -1.98414272, -1.77325066, -2.04912999, -1.88689915,       -1.7955157 , -1.82497721, -1.93056895, -1.82165605, -1.93056895])
all_uncers=array([1.e-08, 1.e-08, 1.e-08, 1.e-08, 1.e-08, 1.e-08, 1.e-08, 1.e-08,       1.e-08, 1.e-08, 1.e-08, 1.e-08, 1.e-08, 1.e-08, 1.e-08, 1.e-08,       1.e-08, 1.e-08, 1.e-08, 1.e-08, 1.e-08, 1.e-08, 1.e-08, 1.e-08,       1.e-08, 1.e-08, 1.e-08, 1.e-08, 1.e-08, 1.e-08, 1.e-08, 1.e-08,       1.e-08, 1.e-08, 1.e-08, 1.e-08, 1.e-08, 1.e-08, 1.e-08, 1.e-08,       1.e-08, 1.e-08, 1.e-08, 1.e-08, 1.e-08, 1.e-08, 1.e-08, 1.e-08,       1.e-08, 1.e-08, 1.e-08, 1.e-08, 1.e-08, 1.e-08, 1.e-08, 1.e-08,       1.e-08, 1.e-08, 1.e-08, 1.e-08, 1.e-08, 1.e-08, 1.e-08, 1.e-08,       1.e-08, 1.e-08, 1.e-08, 1.e-08, 1.e-08, 1.e-08, 1.e-08, 1.e-08,       1.e-08, 1.e-08, 1.e-08, 1.e-08, 1.e-08, 1.e-08, 1.e-08, 1.e-08,       1.e-08, 1.e-08, 1.e-08, 1.e-08, 1.e-08, 1.e-08, 1.e-08, 1.e-08,       1.e-08, 1.e-08, 1.e-08, 1.e-08, 1.e-08, 1.e-08, 1.e-08, 1.e-08,       1.e-08, 1.e-08, 1.e-08, 1.e-08, 1.e-08, 1.e-08, 1.e-08, 1.e-08,       1.e-08, 1.e-08, 1.e-08, 1.e-08, 1.e-08, 1.e-08, 1.e-08, 1.e-08,       1.e-08, 1.e-08, 1.e-08, 1.e-08, 1.e-08, 1.e-08, 1.e-08, 1.e-08])
bad_run_indexs=[]
best_cost=-2.1411764705882352
best_params=array([0.27569086, 0.31792853])
best_index=59
worst_cost=-1.7096498719043556
worst_index=4
cost_range=0.43152659868387966
costs_count=120
params_count=91
cost_scaler_init_index=3
net_0={'last_hyperfit': 0, 'last_net_reg': 1e-08, 'regularization_history': [1e-08], 'losses_list': [0.27188528, 0.025383728, 0.01721218, 0.0067324014, 0.0029924784, 0.0010631596, 0.0003788574, 6.794844e-05, 7.820721e-06, 1.5426986e-05, 6.5590234e-06, 8.4635326e-07, 1.324539e-06, 6.06543e-07, 5.877125e-07, 5.4190076e-07, 5.323732e-07, 5.269563e-07, 5.2635306e-07, 5.2468596e-07, 5.247743e-07, 5.246086e-07, 5.2459677e-07, 5.2457824e-07, 5.245787e-07, 5.24578e-07, 5.245774e-07, 5.2457733e-07, 5.245773e-07, 5.2457733e-07, 3.3531132, 0.59804684, 0.07005764, 0.083191805, 0.02160809, 0.0059658033, 0.004170873, 0.00018353223, 0.00046535066, 5.4760607e-05, 4.6614565e-05, 1.8592184e-05, 1.5414473e-06, 3.1871741e-06, 1.030253e-06, 6.254853e-07, 6.4564614e-07, 5.4766e-07, 6.4487743, 1.8509221, 1.1093185, 0.32317466, 0.13949934, 0.045944367, 0.028358256, 0.020068675, 0.015421489, 0.011572256, 0.008595555, 0.006329183, 0.0044532353, 0.002956796, 0.0018426527, 0.0010681442, 0.00057339575, 0.00028409145, 0.00012987443, 5.4725737e-05, 2.1322416e-05, 7.78503e-06, 2.807348e-06, 1.1629022e-06, 6.852759e-07, 5.682667e-07, 5.466363e-07, 5.447128e-07, 1.6451607, 0.98560977, 0.7087738, 0.5642753, 0.4846096, 0.4282786, 0.38589466, 0.34633493, 0.30598134, 0.2615562, 0.21178085, 0.1577264, 0.10346773, 0.05589936, 0.02217845, 0.005219922, 0.0004425033, 0.0001250488, 0.00019011789, 9.2582e-05, 2.3556873e-05, 4.9907735e-06, 2.1059905e-06, 1.3340218e-06, 9.103917e-07, 6.957988e-07, 5.979337e-07, 5.667124e-07, 1.9596123, 1.556272, 1.6231247, 1.2200533, 2.013245, 1.3335749, 1.23678, 1.2275778, 1.0005867, 0.9299757, 1.324406, 0.9482702, 0.89013606, 0.8431896, 0.72105145, 1.3013841, 1.4375215, 1.0421947, 0.9214871, 0.8894012, 1.078085, 0.8529762, 0.77247554, 0.74598974, 0.80761343, 0.6439301, 0.5909723, 0.5533228, 0.8465071, 0.9617268, 1.0724843, 0.8090306, 0.714445, 0.6843946, 0.7444148, 0.63681245, 0.59289795, 0.560835, 0.6635924, 0.62152445, 0.72731614, 0.9106525, 1.0546352, 0.7704852, 0.75940937, 0.636255, 0.8483291, 0.7446906, 0.7314203, 0.65756315, 0.738766, 0.65658027, 0.6229219, 0.6156449, 0.68913573, 0.8781725, 1.0492815, 0.85139835, 0.8024998, 0.8037892, 0.8738098, 0.793494, 0.904186, 0.8281354, 0.92442465, 1.1636994, 1.2562292, 0.95342356, 0.91852796, 0.90907466, 1.0156791, 1.007043, 0.9827959, 0.96266234, 0.98389864, 1.3477322, 1.2720178, 1.2130173, 1.1136154, 1.0528421], 'scaler_samples': (array([[0.86154935, 0.25568818],       [0.28804409, 0.32081536],       [0.84074398, 0.58580513]]), array([-1.91946309, -2.04494382, -2.07032058])), 'net': {'saver_path': './M-LOOP_archives/./neural_net_archive_2022-10-23_04-37_QUS0GXEn.ckpt'}}
net_1={'last_hyperfit': 0, 'last_net_reg': 1e-08, 'regularization_history': [1e-08], 'losses_list': [0.24071027, 0.040141154, 0.01693969, 0.005461152, 0.0014098547, 0.00049588043, 0.00020666096, 0.000101326375, 4.5560773e-05, 1.5364203e-05, 2.9314053e-06, 5.312712e-07, 8.5506286e-07, 7.950795e-07, 5.628949e-07, 5.3130844e-07, 5.3913135e-07, 5.285364e-07, 5.2787385e-07, 5.27763e-07, 5.273174e-07, 5.2736675e-07, 5.2731633e-07, 5.273126e-07, 5.273125e-07, 5.2731144e-07, 5.2731133e-07, 5.273114e-07, 5.2731133e-07, 5.273113e-07, 3.3835492, 0.28399754, 0.0919493, 0.03681099, 0.004171813, 0.00045927093, 5.4055405, 1.5268911, 0.69218045, 0.31438312, 0.14123866, 0.06993451, 0.04484962, 0.03332313, 0.026408821, 0.021526385, 0.017171305, 0.013201394, 0.009484095, 0.0061622364, 0.0034871285, 0.0016395845, 0.0005990897, 0.00015064291, 1.9568572e-05, 6.0133857e-07, 2.2711743e-06, 2.6265234e-06, 2.2885509, 0.8353137, 0.60835356, 0.4038956, 0.30997604, 0.24219073, 0.1876807, 0.14080918, 0.10068145, 0.06511268, 0.03404893, 0.011814461, 0.0017277906, 6.012289e-06, 0.00025154592, 0.0001771361, 3.5355537e-05, 9.924929e-07, 3.4425598e-06, 3.1004406e-06, 1.1679995e-06, 5.7776714e-07, 5.946702e-07, 5.9465617e-07, 2.1319745, 1.6514924, 1.4618233, 1.1150612, 1.8209585, 1.1932012, 1.0699053, 0.970025, 0.8606122, 0.81027734, 0.6911304, 0.6512769, 1.253066, 0.7949994, 0.73619235, 0.7008087, 0.60580844, 0.88864636, 1.078682, 0.8650808, 0.76381475, 0.7306617, 0.8911985, 0.6590195, 0.6059705, 0.57172626, 0.93194085, 0.53307545, 0.47440797, 0.44765383, 0.8811416, 1.0640901, 0.9579949, 0.6944373, 0.6676587, 0.6640661, 0.75933343, 0.56298673, 0.5365861, 0.5251497, 0.6329325, 0.58025545, 0.6479781, 0.7091882, 1.1097689, 0.73976535, 0.8075789, 0.6002822, 0.77515095, 0.665063, 0.6245839, 0.6052517, 0.7175454, 0.5973856, 0.58585906, 0.5718982, 0.7608665, 0.75449693, 0.9096532, 0.7975972, 0.7581193, 0.75213367, 0.8201201, 0.7722779, 0.8602895, 0.80186576, 0.9404128, 0.9752552, 0.9574775, 0.94882166, 1.0969721, 0.93890196, 0.9802516, 1.0578302, 0.9270467, 1.0796009, 1.0734396, 1.0537057], 'scaler_samples': (array([[0.86154935, 0.25568818],       [0.28804409, 0.32081536],       [0.84074398, 0.58580513]]), array([-1.91946309, -2.04494382, -2.07032058])), 'net': {'saver_path': './M-LOOP_archives/./neural_net_archive_2022-10-23_04-37_qho3jAwR.ckpt'}}
net_2={'last_hyperfit': 0, 'last_net_reg': 1e-08, 'regularization_history': [1e-08], 'losses_list': [5.3087783, 0.09178957, 0.018521007, 0.012673371, 0.012359153, 0.006324331, 0.0021262732, 0.0005409982, 0.00011260864, 3.6032372e-05, 1.7433522e-05, 5.602193e-06, 2.84749e-06, 1.8988414e-06, 1.0304634e-06, 7.7444224e-07, 6.0436815e-07, 5.641184e-07, 5.519245e-07, 5.5315166e-07, 5.526666e-07, 5.522024e-07, 5.518433e-07, 5.518043e-07, 5.5180055e-07, 5.517983e-07, 5.5179777e-07, 5.517974e-07, 5.5179726e-07, 5.5179714e-07, 3.5403976, 0.5673352, 0.01717948, 0.05007521, 0.013547789, 0.0029091497, 0.00022815166, 0.00014425733, 0.0001465102, 8.7175955e-05, 2.597659e-05, 3.616132e-06, 2.036903e-06, 1.7409594e-06, 9.627322e-07, 5.9138193e-07, 5.9293774e-07, 5.721133e-07, 6.209392, 1.5706389, 0.903433, 0.32428396, 0.13407812, 0.06679579, 0.037090648, 0.028703263, 0.023393942, 0.018425083, 0.0147888195, 0.011624922, 0.008849429, 0.0064848503, 0.0045301816, 0.002998008, 0.0018616407, 0.0010785048, 0.0005798891, 0.00029906532, 1.3051119, 0.83784336, 0.50824165, 0.44153965, 0.38901773, 0.34554654, 0.2999945, 0.25015917, 0.19574128, 0.14099036, 0.09045834, 0.04843442, 0.018992923, 0.003881237, 5.9927257e-05, 0.0002646183, 2.4115458, 1.7538157, 2.9025166, 1.3431662, 2.1006155, 1.4796541, 1.3205649, 1.2915007, 1.3080301, 1.0509474, 0.98109376, 0.9002333, 1.2860621, 0.9538315, 0.9069925, 0.8733575, 0.82210255, 0.9614143, 1.1208961, 0.88287723, 1.0422696, 0.84687364, 0.79886335, 0.7557088, 0.9973782, 0.7254426, 0.6607214, 0.62174535, 0.8834808, 0.8462864, 0.83651793, 0.7244101, 0.76512384, 0.64167774, 0.61134315, 0.5827236, 0.71360034, 0.6976507, 0.7391022, 1.0160711, 1.3581861, 0.83479744, 0.714916, 0.7137822, 0.805486, 0.70585865, 0.6700556, 0.6592667, 0.77678895, 0.62862843, 0.67447776, 0.89008796, 0.9171667, 0.7615977, 0.73939365, 0.7548729, 0.75302005, 0.7036992, 0.8019847, 0.74760514, 0.8664876, 0.9568133, 1.0073423, 0.8495344, 1.1033932, 1.0182638, 1.0036072, 0.9674917, 1.0015225, 1.0968227, 1.1201944, 1.0489382], 'scaler_samples': (array([[0.86154935, 0.25568818],       [0.28804409, 0.32081536],       [0.84074398, 0.58580513]]), array([-1.91946309, -2.04494382, -2.07032058])), 'net': {'saver_path': './M-LOOP_archives/./neural_net_archive_2022-10-23_04-37_196r7Pgj.ckpt'}}
