mloop_version='3.3.1'
archive_type='neural_net_learner'
num_params=2
min_boundary=array([0., 0.])
max_boundary=array([1., 1.])
start_datetime='2022-10-22_22-56'
param_names=['', '']
search_precision=1e-06
parameter_searches=10
bad_uncer_frac=0.1
trust_region=nan
has_trust_region=False
predict_global_minima_at_end=True
generation_num=3
update_hyperparameters=False
predicted_best_parameters=array([0.51641715, 0.13453639])
predicted_best_scaled_cost=-5.1817474
predicted_best_cost=-1.1341976736170247
all_params=array([[5.34301679e-01, 1.48493283e-01],       [6.09879426e-01, 4.35290269e-01],       [8.32055638e-01, 5.36225724e-01],       [5.16569163e-01, 1.50934828e-01],       [2.91346908e-01, 5.55111512e-17],       [0.00000000e+00, 7.09373892e-02],       [7.85560949e-01, 7.41291564e-01],       [4.19898787e-01, 5.55111512e-17],       [4.11414969e-01, 5.55111512e-17],       [4.44882396e-01, 7.88712914e-02],       [4.37762442e-02, 1.04873441e-01],       [5.32596280e-01, 1.87714167e-01],       [2.39628863e-01, 5.55111512e-17],       [5.49203183e-01, 2.05412634e-01],       [1.19002383e-01, 2.55539719e-01],       [0.00000000e+00, 1.00000000e+00],       [1.00000000e+00, 1.00000000e+00],       [5.24486587e-01, 1.67122553e-01],       [3.12303190e-01, 8.76646638e-01],       [0.00000000e+00, 3.37736255e-01],       [0.00000000e+00, 3.50427244e-01],       [0.00000000e+00, 2.30274929e-01],       [8.86166185e-02, 2.19951830e-01],       [7.84152616e-01, 5.55111512e-17],       [5.22847258e-01, 1.72285240e-01],       [2.63721128e-01, 2.71944818e-01],       [6.51782688e-01, 8.66939661e-01],       [7.90218434e-01, 8.96567822e-01],       [5.24409073e-01, 1.75905470e-01],       [3.30321664e-01, 5.55111512e-17],       [6.72524175e-01, 1.13544667e-02],       [7.80229409e-01, 7.00837000e-01],       [5.20531231e-01, 1.63081686e-01],       [1.36942189e-01, 2.67091919e-01],       [3.48812559e-02, 1.24691764e-01],       [5.07008706e-01, 1.16286360e-01],       [5.20767542e-01, 1.46474465e-01],       [6.19070752e-01, 5.55111512e-17],       [1.15705460e-01, 8.29649985e-01],       [5.16306655e-01, 1.24932450e-01]])
all_costs=array([-1.09578544, -1.08863513, -1.07345845, -1.12031337, -1.11906093,       -1.08041015, -1.09939594, -1.0609433 , -1.0969863 , -1.04      ,       -1.08863513, -1.11532033, -1.05646438, -1.0586991 , -1.14074074,       -1.05091864, -1.05758056, -1.10668878, -1.08863513, -1.06432749,       -1.06319703, -1.06206897, -1.06659563, -1.04434011, -1.11160466,       -1.08391987, -1.05646438, -1.04652378, -1.11407902, -1.04434011,       -1.12408759, -1.10060473, -1.16870987, -1.1266179 , -1.10060473,       -1.12408759, -1.15389049, -1.08509485, -1.1103716 , -1.12535132])
all_uncers=array([1.e-08, 1.e-08, 1.e-08, 1.e-08, 1.e-08, 1.e-08, 1.e-08, 1.e-08,       1.e-08, 1.e-08, 1.e-08, 1.e-08, 1.e-08, 1.e-08, 1.e-08, 1.e-08,       1.e-08, 1.e-08, 1.e-08, 1.e-08, 1.e-08, 1.e-08, 1.e-08, 1.e-08,       1.e-08, 1.e-08, 1.e-08, 1.e-08, 1.e-08, 1.e-08, 1.e-08, 1.e-08,       1.e-08, 1.e-08, 1.e-08, 1.e-08, 1.e-08, 1.e-08, 1.e-08, 1.e-08])
bad_run_indexs=[]
best_cost=-1.168709865732633
best_params=array([0.52053123, 0.16308169])
best_index=32
worst_cost=-1.04
worst_index=9
cost_range=0.12870986573263288
costs_count=40
params_count=31
cost_scaler_init_index=3
net_0={'last_hyperfit': 0, 'last_net_reg': 1e-08, 'regularization_history': [1e-08], 'losses_list': [1.8108736, 0.11783056, 0.075366, 0.031407136, 0.008375766, 0.0016046624, 0.00042901034, 0.00018221034, 8.515559e-05, 3.7821195e-05, 1.6213173e-05, 6.6685475e-06, 2.538451e-06, 1.0192591e-06, 6.006313e-07, 5.661617e-07, 5.804892e-07, 5.7294636e-07, 5.601431e-07, 5.5540016e-07, 5.550694e-07, 5.55026e-07, 5.54886e-07, 5.5484713e-07, 5.548426e-07, 5.548379e-07, 5.548363e-07, 5.5483594e-07, 5.5483554e-07, 5.548355e-07, 1.9134241, 0.46895212, 0.3770406, 0.19584951, 0.024106674, 0.007912775, 0.00048768483, 0.0006626936, 0.00058889354, 0.00021791777, 4.623315e-05, 1.0787378e-05, 8.206656e-06, 3.8070448e-06, 1.6198153e-06, 3.1851437e-06, 10.587872, 5.47122, 4.6731033, 3.3904028, 2.25752, 1.3629054, 1.0435936, 0.8344189, 0.676084, 0.54086334, 0.44293922, 0.3486953, 0.2528805, 0.32786706, 4.706789, 2.4976466, 1.5690701, 0.976351, 0.5248084, 0.43066385, 0.16987257, 0.09410732, 0.05344545, 0.041018218, 0.023177719, 0.20448753, 17.17704, 12.225875, 6.6364293, 4.6357126, 3.7636383, 3.7092972, 6.925217, 3.8577847, 3.5952938, 3.3745174, 3.703851, 2.7880955, 2.4459665, 2.2934408, 4.6978736, 3.0330484, 2.6742659, 2.5180006, 5.1655564, 5.2308, 4.5259013, 4.62324, 5.1062746, 3.8717577, 3.656847, 3.56843, 3.9775023, 3.802546], 'scaler_samples': (array([[0.53430168, 0.14849328],       [0.60987943, 0.43529027],       [0.83205564, 0.53622572]]), array([-1.09578544, -1.08863513, -1.07345845])), 'net': {'saver_path': './M-LOOP_archives/./neural_net_archive_2022-10-22_22-56_z_qUq3mO.ckpt'}}
net_1={'last_hyperfit': 0, 'last_net_reg': 1e-08, 'regularization_history': [1e-08], 'losses_list': [1.0058194, 0.1102978, 0.0015658708, 0.015762588, 0.0064103734, 0.00040060803, 0.0007937813, 0.00011590029, 7.912189e-05, 3.0868036e-05, 3.065755e-05, 7.3101014e-06, 2.5914853e-06, 1.1943521e-06, 8.391112e-07, 6.41752e-07, 5.6186667e-07, 5.6640863e-07, 5.5352757e-07, 5.477971e-07, 5.4745186e-07, 5.466093e-07, 5.465832e-07, 5.4655396e-07, 5.4652594e-07, 5.4652384e-07, 5.4652395e-07, 5.465232e-07, 5.4652304e-07, 5.465227e-07, 2.3670506, 0.654403, 0.3153903, 0.15787783, 0.06145119, 0.0039823567, 0.007466037, 0.0014193596, 0.00035057202, 0.00035001573, 4.1605736e-06, 3.2997723e-05, 1.0935069e-05, 2.2162199e-06, 1.7479401e-06, 6.925915e-07, 7.176152e-07, 6.0568823e-07, 5.65515e-07, 5.5792344e-07, 13.7927475, 5.7163997, 4.470207, 3.47981, 2.7922518, 2.290716, 1.7808148, 1.4234799, 1.2090491, 1.0830052, 6.9310184, 3.3991487, 2.6352434, 2.2026854, 1.9224756, 1.6307476, 1.3714957, 1.103828, 0.83965445, 0.6207044, 0.47643453, 0.39824623, 0.35911337, 0.30977044, 0.2637254, 0.22668114, 0.18766692, 0.14927785, 14.198918, 5.0261955, 5.193714, 3.9946852, 3.632581, 2.6289158, 3.701944, 3.1021063, 6.921121, 3.161438, 3.4403706, 2.7664983, 2.7611, 2.4770591, 2.3165176, 2.2205238, 4.245753, 2.6067646, 2.245834, 2.0978599, 4.335524, 3.8086321, 5.1995573, 4.712829, 4.2389903, 3.011012, 2.8531597, 2.7824888], 'scaler_samples': (array([[0.53430168, 0.14849328],       [0.60987943, 0.43529027],       [0.83205564, 0.53622572]]), array([-1.09578544, -1.08863513, -1.07345845])), 'net': {'saver_path': './M-LOOP_archives/./neural_net_archive_2022-10-22_22-56_vmR0w4XF.ckpt'}}
net_2={'last_hyperfit': 0, 'last_net_reg': 1e-08, 'regularization_history': [1e-08], 'losses_list': [1.43017, 0.1472619, 0.048156448, 0.009451943, 0.0022860572, 0.0014096169, 0.00074426166, 0.0002086444, 1.14704e-05, 1.1611828e-05, 4.8793336e-06, 3.990747e-06, 1.6608815e-06, 8.931383e-07, 6.3772956e-07, 6.26648e-07, 5.6205744e-07, 5.534966e-07, 5.532762e-07, 5.5091044e-07, 5.508047e-07, 5.50713e-07, 5.506893e-07, 5.5065885e-07, 5.5065203e-07, 5.506482e-07, 5.5064805e-07, 5.5064794e-07, 5.506478e-07, 5.506478e-07, 3.092069, 0.71541667, 0.39837483, 0.15478294, 0.012739837, 0.011290567, 0.0023058204, 0.00027350924, 0.00045496484, 6.513232e-05, 3.4211935e-05, 2.3621149e-05, 2.060433e-06, 2.82718e-06, 1.2553246e-06, 5.971913e-07, 6.539438e-07, 5.765217e-07, 9.657253, 5.1209164, 3.816273, 2.9651346, 2.1673348, 1.2851377, 0.802724, 0.55435973, 0.30733, 0.16892454, 0.07756089, 0.04508558, 0.014172522, 0.012590958, 0.003687816, 0.0014195369, 0.00038333936, 5.477921e-05, 9.250222, 3.7473207, 2.367811, 1.3133001, 0.543599, 0.14743897, 0.13151102, 0.0639426, 0.039229583, 0.011262116, 1.0269573, 8.463535, 7.974432, 3.5135815, 2.7694654, 2.2604752, 1.9931349, 1.4687517, 1.3700275, 1.1889327, 2.5534203, 1.6596936, 1.4685795, 1.397864, 5.4283376, 2.5705051, 1.9844342, 1.6618545, 1.4476618, 1.3086619, 1.153206, 0.9480074, 0.76587135, 0.6516298, 0.5861007, 0.50821495, 0.43611416, 0.30936572, 0.2627072, 0.21560337, 2.309216, 1.7297282, 7.1470623, 2.7803729, 2.5326796, 2.4561434], 'scaler_samples': (array([[0.53430168, 0.14849328],       [0.60987943, 0.43529027],       [0.83205564, 0.53622572]]), array([-1.09578544, -1.08863513, -1.07345845])), 'net': {'saver_path': './M-LOOP_archives/./neural_net_archive_2022-10-22_22-56_7JmBCmNm.ckpt'}}
