mloop_version='3.3.1'
archive_type='neural_net_learner'
num_params=6
min_boundary=array([0., 0., 0., 0., 0., 0.])
max_boundary=array([1., 1., 1., 1., 1., 1.])
start_datetime='2022-10-23_15-51'
param_names=['', '', '', '', '', '']
search_precision=1e-06
parameter_searches=10
bad_uncer_frac=0.1
trust_region=nan
has_trust_region=False
predict_global_minima_at_end=True
generation_num=3
update_hyperparameters=False
predicted_best_parameters=array([0.52063166, 0.20042733, 0.05263376, 0.2856176 , 0.51593536,       0.87254335])
predicted_best_scaled_cost=-1.5502114
predicted_best_cost=-1.1002312807133745
all_params=array([[0.53902579, 0.52657023, 0.13158148, 0.22488459, 0.48015759,        0.97119404],       [0.4187614 , 0.02835384, 0.49862979, 0.70516132, 0.46623375,        0.86150067],       [0.36294478, 0.58586928, 0.41718911, 0.55587157, 0.37819313,        0.56572051],       [0.44150034, 1.        , 0.69898946, 0.        , 0.57998694,        0.61656544],       [0.52439616, 0.3874868 , 0.08233539, 0.20168694, 0.55896828,        0.93104828]])
all_costs=array([-1.0969863 , -1.06206897, -1.05202312, -1.04325169, -1.09458721])
all_uncers=array([1.e-08, 1.e-08, 1.e-08, 1.e-08, 1.e-08])
bad_run_indexs=[]
best_cost=-1.0969863013698629
best_params=array([0.53902579, 0.52657023, 0.13158148, 0.22488459, 0.48015759,       0.97119404])
best_index=0
worst_cost=-1.0432516935904117
worst_index=3
cost_range=0.05373460777945116
costs_count=5
params_count=4
cost_scaler_init_index=3
net_0={'last_hyperfit': 0, 'last_net_reg': 1e-08, 'regularization_history': [1e-08], 'losses_list': [1.4877349, 0.07788968, 0.0364243, 0.01952881, 0.006574403, 0.0011070613, 0.00017740928, 3.554855e-05, 1.3098955e-05, 5.065799e-06, 2.2413924e-06, 9.858545e-07, 6.845943e-07, 6.4143586e-07, 6.1869684e-07, 5.9310446e-07, 5.696359e-07, 5.529289e-07, 5.439373e-07, 5.416522e-07, 5.41719e-07, 5.417217e-07, 5.416392e-07, 5.4160154e-07, 5.415931e-07, 5.415899e-07, 5.415887e-07, 5.415885e-07, 5.415885e-07, 5.4158846e-07, 1.092586, 0.16579787, 0.051016103, 0.013008033, 0.0021938356, 0.0017331579, 0.0008342473, 0.00015682512, 2.0613574e-05, 2.237916e-05, 1.4190013e-05, 4.78466e-06, 1.140065e-06, 5.5507564e-07, 5.8208076e-07, 5.897323e-07], 'scaler_samples': (array([[0.53902579, 0.52657023, 0.13158148, 0.22488459, 0.48015759,        0.97119404],       [0.4187614 , 0.02835384, 0.49862979, 0.70516132, 0.46623375,        0.86150067],       [0.36294478, 0.58586928, 0.41718911, 0.55587157, 0.37819313,        0.56572051]]), array([-1.0969863 , -1.06206897, -1.05202312])), 'net': {'saver_path': './M-LOOP_archives/./neural_net_archive_2022-10-23_15-51_AjgCJby5.ckpt'}}
net_1={'last_hyperfit': 0, 'last_net_reg': 1e-08, 'regularization_history': [1e-08], 'losses_list': [2.8452291, 0.41503698, 0.13434553, 0.03899591, 0.0061018104, 0.0023063186, 0.0018868458, 0.0006152876, 0.00012513835, 2.8076563e-05, 8.889949e-06, 2.314938e-06, 1.8506851e-06, 1.43247e-06, 7.4497495e-07, 6.458843e-07, 5.5925585e-07, 5.417891e-07, 5.3298277e-07, 5.3157146e-07, 5.307628e-07, 5.308328e-07, 5.307296e-07, 5.3072404e-07, 5.307132e-07, 5.307094e-07, 5.307086e-07, 5.3070727e-07, 5.307072e-07, 5.30707e-07], 'scaler_samples': (array([[0.53902579, 0.52657023, 0.13158148, 0.22488459, 0.48015759,        0.97119404],       [0.4187614 , 0.02835384, 0.49862979, 0.70516132, 0.46623375,        0.86150067],       [0.36294478, 0.58586928, 0.41718911, 0.55587157, 0.37819313,        0.56572051]]), array([-1.0969863 , -1.06206897, -1.05202312])), 'net': {'saver_path': './M-LOOP_archives/./neural_net_archive_2022-10-23_15-51_qUTokkYx.ckpt'}}
net_2={'last_hyperfit': 0, 'last_net_reg': 1e-08, 'regularization_history': [1e-08], 'losses_list': [0.3288874, 0.015826197, 0.004082645, 0.0011742668, 0.0005376897, 7.150886e-05, 8.636181e-05, 4.3742206e-05, 3.985363e-05, 1.9320052e-05, 7.132172e-06, 1.5468665e-06, 6.240622e-07, 7.637475e-07, 6.2576254e-07, 5.3086376e-07, 5.379808e-07, 5.318853e-07, 5.2775596e-07, 5.281784e-07, 5.2755564e-07, 5.275731e-07, 5.2752307e-07, 5.275083e-07, 5.275076e-07, 5.275067e-07, 5.275067e-07, 5.275066e-07, 5.275064e-07, 5.275064e-07], 'scaler_samples': (array([[0.53902579, 0.52657023, 0.13158148, 0.22488459, 0.48015759,        0.97119404],       [0.4187614 , 0.02835384, 0.49862979, 0.70516132, 0.46623375,        0.86150067],       [0.36294478, 0.58586928, 0.41718911, 0.55587157, 0.37819313,        0.56572051]]), array([-1.0969863 , -1.06206897, -1.05202312])), 'net': {'saver_path': './M-LOOP_archives/./neural_net_archive_2022-10-23_15-51_wcvRATGR.ckpt'}}
