mloop_version='3.3.1'
archive_type='neural_net_learner'
num_params=2
min_boundary=array([0., 0.])
max_boundary=array([1., 1.])
start_datetime='2022-10-23_10-19'
param_names=['', '']
search_precision=1e-06
parameter_searches=10
bad_uncer_frac=0.1
trust_region=nan
has_trust_region=False
predict_global_minima_at_end=True
generation_num=3
update_hyperparameters=False
predicted_best_parameters=array([0.32372475, 0.16277418])
predicted_best_scaled_cost=-3.9292881
predicted_best_cost=-3.1462213164936736
all_params=array([[0.31713797, 0.01764591],       [0.96064933, 0.29472327],       [0.39535281, 0.85097995],       [0.35686405, 0.04428289],       [0.35945148, 0.        ],       [0.13676693, 0.        ],       [0.8431303 , 0.14765827],       [0.30049926, 0.        ],       [1.        , 0.79735714],       [0.3034657 , 0.        ],       [0.68513923, 0.92510634],       [0.31738433, 0.        ],       [0.40701468, 0.8535027 ],       [0.31431169, 0.04753221],       [0.3388478 , 0.90928445],       [1.        , 0.12709453],       [0.3361395 , 0.19409365],       [0.31772259, 0.02385776],       [0.30897393, 0.55825283],       [0.48470609, 0.55683524],       [0.8921325 , 0.31725439],       [0.3231689 , 0.36889784],       [0.32023607, 0.22349107],       [1.        , 0.30462074],       [0.32222543, 0.14994741],       [0.31352509, 0.16935085],       [0.43802183, 0.77868696],       [0.32017263, 0.1394021 ],       [0.30208052, 0.12698002],       [0.30199792, 0.13803458],       [0.80537374, 0.03113192],       [0.3157496 , 0.14286435],       [0.3123852 , 0.17119436],       [0.67024457, 0.06551053],       [0.19164936, 0.74109586],       [0.31482766, 0.16396053],       [0.31294136, 0.16998349],       [0.30990514, 0.17198955],       [0.2390787 , 0.51337049],       [0.3067276 , 0.16945768],       [0.31439717, 0.16577287],       [0.3146824 , 0.17260311],       [0.16277848, 0.23264854],       [0.31631391, 0.17234716],       [0.31617404, 0.16307207],       [0.31871643, 0.16821913],       [0.10591245, 0.43286652],       [0.31787601, 0.17023588],       [0.31543191, 0.16357582],       [0.31862604, 0.16807631],       [0.12246267, 0.87256641],       [0.31668708, 0.16661822],       [0.31778191, 0.16753556],       [0.31686544, 0.16889599],       [0.31314415, 0.86543872],       [0.31934517, 0.16628977],       [0.31937473, 0.16863236],       [0.31886007, 0.16823847],       [0.42918103, 0.05824333],       [0.31840978, 0.16972436],       [0.31937929, 0.16774158],       [0.31853672, 0.171254  ],       [0.56526643, 0.70325855],       [0.31901966, 0.17071769],       [0.31810547, 0.16403867],       [0.31914617, 0.16782158],       [0.05767973, 0.60158014],       [0.31972641, 0.16865546],       [0.32108738, 0.16668089],       [0.31950103, 0.16929633],       [0.7544591 , 0.62644242],       [0.31767531, 0.16689737],       [0.31676751, 0.15932894],       [0.31754195, 0.1672121 ],       [0.41814949, 0.97051628],       [0.31802758, 0.16972385],       [0.31598403, 0.16391592],       [0.31763435, 0.1682814 ],       [0.57148404, 0.23336328],       [0.31690462, 0.16677341],       [0.31510304, 0.16649193],       [0.31804455, 0.16860066],       [0.60463391, 0.67680699],       [0.31947925, 0.185681  ],       [0.31706838, 0.16499873],       [0.35953452, 0.82716829],       [0.63238132, 0.39819829],       [0.32037038, 0.17700963],       [0.31678138, 0.16984436],       [0.3189694 , 0.17270664],       [0.81506415, 0.07697123],       [0.31951334, 0.17124189],       [0.31488989, 0.16362834],       [0.31889244, 0.16612554],       [0.3226403 , 0.95479278],       [0.31860493, 0.17188321],       [0.31586905, 0.16377531],       [0.3118803 , 0.17092787],       [0.71975427, 0.74095562],       [0.32100695, 0.16672962],       [0.31841868, 0.1576118 ],       [0.32169498, 0.18375633],       [0.05360165, 0.9379673 ],       [0.32151864, 0.16738077],       [0.31397525, 0.15882501],       [0.31606456, 0.16497902],       [0.90235993, 0.91146392],       [0.31737082, 0.16389163],       [0.31669361, 0.15936715],       [0.31713796, 0.16422414],       [0.29312696, 0.75047964],       [0.31638282, 0.16721354],       [0.31857014, 0.16524631],       [0.31713889, 0.16398387],       [0.30299089, 0.48825407],       [0.47033296, 1.        ],       [0.31518907, 0.16482425],       [0.3179297 , 0.15627712],       [0.12091893, 0.09278367],       [0.31874501, 0.16654826]])
all_costs=array([-2.99252616, -2.85592011, -2.8723099 , -2.23188406, -2.33605601,       -2.41495778, -2.76137931, -2.36923077, -2.27758817, -2.37485172,       -2.35252644, -2.55683269, -2.41495778, -2.78442281, -2.27241771,       -2.73871409, -2.80785414, -2.63768116, -2.49315068, -2.288     ,       -2.75378267, -2.5373891 , -2.46855734, -2.39187575, -2.89725036,       -3.24473258, -2.2519685 , -2.68724832, -2.76901798, -2.93118594,       -2.77669903, -3.06584992, -3.16271722, -2.35806832, -2.82369535,       -3.12324493, -2.99252616, -2.97473997, -2.73124147, -2.6728972 ,       -2.95716396, -2.88888889, -2.81575246, -3.06584992, -3.03793627,       -3.23424879, -2.69448183, -3.01052632, -3.07526882, -3.42222222,       -2.69448183, -3.02874433, -3.38747885, -3.24473258, -2.90566038,       -3.21348315, -3.0942813 , -3.17274168, -2.30379747, -2.95716396,       -3.19298246, -2.91411936, -2.50563204, -2.90566038, -3.18282989,       -3.25528455, -2.54383736, -2.92262774, -2.88888889, -3.07526882,       -2.44444444, -3.04718417, -2.8       , -3.25528455, -2.96592593,       -2.88057554, -3.12324493, -3.18282989, -2.77669903, -2.95716396,       -3.26590538, -3.51845343, -2.4504284 , -3.17274168, -2.77669903,       -2.55683269, -2.49315068, -2.88057554, -2.88057554, -2.78442281,       -2.60338101, -3.16271722, -2.8723099 , -3.08474576, -2.288     ,       -2.8       , -3.14285714, -3.13302034, -2.92262774, -3.11353033,       -3.29818781, -2.99252616, -2.30379747, -3.18282989, -3.00149925,       -3.42222222, -2.79218968, -3.22383253, -2.93979442, -3.16271722,       -2.48695652, -3.24473258, -3.28735632, -3.04718417, -2.58990944,       -2.26727067, -2.97473997, -3.26590538, -3.02874433, -2.99252616])
all_uncers=array([1.e-08, 1.e-08, 1.e-08, 1.e-08, 1.e-08, 1.e-08, 1.e-08, 1.e-08,       1.e-08, 1.e-08, 1.e-08, 1.e-08, 1.e-08, 1.e-08, 1.e-08, 1.e-08,       1.e-08, 1.e-08, 1.e-08, 1.e-08, 1.e-08, 1.e-08, 1.e-08, 1.e-08,       1.e-08, 1.e-08, 1.e-08, 1.e-08, 1.e-08, 1.e-08, 1.e-08, 1.e-08,       1.e-08, 1.e-08, 1.e-08, 1.e-08, 1.e-08, 1.e-08, 1.e-08, 1.e-08,       1.e-08, 1.e-08, 1.e-08, 1.e-08, 1.e-08, 1.e-08, 1.e-08, 1.e-08,       1.e-08, 1.e-08, 1.e-08, 1.e-08, 1.e-08, 1.e-08, 1.e-08, 1.e-08,       1.e-08, 1.e-08, 1.e-08, 1.e-08, 1.e-08, 1.e-08, 1.e-08, 1.e-08,       1.e-08, 1.e-08, 1.e-08, 1.e-08, 1.e-08, 1.e-08, 1.e-08, 1.e-08,       1.e-08, 1.e-08, 1.e-08, 1.e-08, 1.e-08, 1.e-08, 1.e-08, 1.e-08,       1.e-08, 1.e-08, 1.e-08, 1.e-08, 1.e-08, 1.e-08, 1.e-08, 1.e-08,       1.e-08, 1.e-08, 1.e-08, 1.e-08, 1.e-08, 1.e-08, 1.e-08, 1.e-08,       1.e-08, 1.e-08, 1.e-08, 1.e-08, 1.e-08, 1.e-08, 1.e-08, 1.e-08,       1.e-08, 1.e-08, 1.e-08, 1.e-08, 1.e-08, 1.e-08, 1.e-08, 1.e-08,       1.e-08, 1.e-08, 1.e-08, 1.e-08, 1.e-08, 1.e-08, 1.e-08, 1.e-08])
bad_run_indexs=[]
best_cost=-3.5184534270650265
best_params=array([0.31804455, 0.16860066])
best_index=81
worst_cost=-2.2318840579710146
worst_index=3
cost_range=1.2865693690940119
costs_count=120
params_count=91
cost_scaler_init_index=3
net_0={'last_hyperfit': 0, 'last_net_reg': 1e-08, 'regularization_history': [1e-08], 'losses_list': [1.162784, 0.02260742, 0.028616898, 0.017553369, 0.007949689, 0.0026930447, 0.000820074, 0.00025542334, 9.50071e-05, 3.9292816e-05, 1.6423437e-05, 6.707368e-06, 2.5012585e-06, 9.1055284e-07, 5.5112423e-07, 5.374796e-07, 5.506356e-07, 5.369857e-07, 5.2646624e-07, 5.2496125e-07, 5.253342e-07, 5.2501827e-07, 5.2487553e-07, 5.248734e-07, 5.2487263e-07, 5.2487087e-07, 5.2487064e-07, 5.2487076e-07, 5.2487064e-07, 5.248706e-07, 52.16142, 16.793388, 15.619022, 14.388446, 11.132084, 4.781011, 0.9913135, 0.48735473, 0.057025034, 0.017077787, 0.009367516, 0.0009011723, 0.0006256403, 0.00044418857, 0.000101208454, 4.3442655e-05, 1.618039e-05, 2.5167249e-06, 3.6860652e-06, 1.1584137e-06, 9.2069246e-07, 6.4538193e-07, 6.126028e-07, 5.7798263e-07, 24.819525, 9.754574, 7.438816, 5.949217, 5.03626, 4.2189217, 3.423306, 2.5550747, 1.6835772, 0.9506653, 0.4858302, 0.27162123, 0.17975685, 0.12887618, 0.09832026, 0.07788297, 0.062659994, 0.05128353, 0.04249535, 0.035584714, 0.030024417, 0.025455454, 0.021638984, 0.018411374, 0.015662855, 0.013312017, 0.011298559, 0.009574725, 0.0081003755, 0.0068425396, 0.005903116, 0.0050821835, 0.00418839, 0.0035797437, 0.0029257997, 0.0024745187, 0.002068493, 0.0017372437, 0.0014573903, 0.0012217483, 0.0010223506, 0.0008557499, 0.0007812167, 0.0033525864, 6.249224, 4.4271936, 3.6431248, 3.3441565, 5.9295897, 10.866717, 12.255814, 9.029673, 6.628761, 5.6975713, 5.4256926, 5.133075, 9.897499, 8.0453, 8.40476, 6.9907374, 6.283642, 5.728646, 7.0781918, 6.0498943, 5.508874, 5.096039, 5.830237, 9.781946, 9.018836, 5.200949, 4.5434213, 4.0433908, 4.927121, 3.9575632, 3.8856008, 3.6648154, 3.7484703, 3.4908667, 4.3076086, 6.579549, 5.5251594, 4.69621, 5.426892, 4.4357553, 4.213851, 4.055255, 4.232969, 3.7638319, 3.8660538, 4.5830526, 4.95119, 4.1401725, 4.2848606, 4.0883665, 5.5616508, 3.9077437, 3.668097, 3.6743133, 4.43686, 8.043828, 5.9229264, 4.991319, 5.789204, 5.063533, 4.96755, 4.9301224, 4.878511, 5.876262, 6.222537, 4.956029, 5.0088644, 4.958391, 5.176908, 4.910287, 5.0457816, 4.8330917, 5.015159, 6.1997085, 6.777595, 5.33474, 5.410163, 4.884125, 5.1025424, 4.7938094], 'scaler_samples': (array([[0.31713797, 0.01764591],       [0.96064933, 0.29472327],       [0.39535281, 0.85097995]]), array([-2.99252616, -2.85592011, -2.8723099 ])), 'net': {'saver_path': './M-LOOP_archives/./neural_net_archive_2022-10-23_10-19_SS_61eUr.ckpt'}}
net_1={'last_hyperfit': 0, 'last_net_reg': 1e-08, 'regularization_history': [1e-08], 'losses_list': [5.4535313, 0.16722333, 0.018278921, 0.03908455, 0.01044182, 0.00024893077, 0.001693535, 0.0006735961, 3.9633218e-05, 1.4052288e-05, 2.6766518e-05, 1.2912851e-05, 3.5851685e-06, 1.0094177e-06, 6.373418e-07, 6.016761e-07, 5.783586e-07, 5.589742e-07, 5.4845145e-07, 5.4394434e-07, 5.4227996e-07, 5.4172074e-07, 5.415511e-07, 5.414951e-07, 5.414824e-07, 5.414828e-07, 5.4148234e-07, 5.414813e-07, 5.414814e-07, 5.4148126e-07, 54.342583, 20.184204, 16.008633, 15.653569, 20.844915, 9.779662, 8.778642, 8.205057, 10.31971, 8.217534, 7.5456996, 6.893705, 7.84744, 8.301864, 9.641595, 6.400107, 4.707604, 3.9239917, 8.228413, 6.6466465, 5.929209, 5.158327, 4.6247244, 4.1867313, 5.820511, 4.114236, 3.529638, 3.0952158, 2.6818383, 2.7080781, 2.266385, 6.069448, 5.767656, 5.9658985, 3.5517995, 3.0821905, 3.4681876, 3.35756, 3.1314247, 3.062873, 2.8498948, 2.7368023, 3.7980142, 3.7101374, 5.8695383, 3.3794372, 4.3595457, 3.640792, 3.9153912, 3.3031678, 3.5918407, 3.5034494, 3.5087469, 4.1815333, 4.9179263, 4.3229046, 3.8535695, 3.544521, 4.599065, 3.7177124, 4.7503157, 3.9481816, 3.8312209, 4.143978, 4.85005, 5.1832905, 4.4874115, 4.925533, 4.7944036, 4.8607187, 4.566077, 4.503636, 4.531348, 5.1027975, 6.042543, 4.8592863, 4.750994, 4.99373, 4.987763, 4.62377, 5.093237, 4.5869355, 4.96886, 5.831959, 5.3078246, 4.919052], 'scaler_samples': (array([[0.31713797, 0.01764591],       [0.96064933, 0.29472327],       [0.39535281, 0.85097995]]), array([-2.99252616, -2.85592011, -2.8723099 ])), 'net': {'saver_path': './M-LOOP_archives/./neural_net_archive_2022-10-23_10-19_2MXxSevf.ckpt'}}
net_2={'last_hyperfit': 0, 'last_net_reg': 1e-08, 'regularization_history': [1e-08], 'losses_list': [3.5415077, 0.3997073, 0.10199204, 0.01642272, 0.007837177, 0.0014888742, 0.0011811142, 0.0005992971, 5.7480487e-05, 6.3975604e-06, 1.821622e-05, 8.8283705e-06, 2.5588301e-06, 1.1241975e-06, 8.4690043e-07, 6.8160693e-07, 5.8019424e-07, 5.3750483e-07, 5.24105e-07, 5.2053537e-07, 5.196197e-07, 5.193606e-07, 5.192695e-07, 5.192296e-07, 5.1920875e-07, 5.1920006e-07, 5.1919824e-07, 5.191979e-07, 5.1919784e-07, 5.191977e-07, 51.121315, 16.765696, 13.872239, 10.990369, 5.856134, 1.9159427, 0.6947356, 0.2463367, 0.042308137, 0.0052989586, 0.009050971, 0.0029116264, 0.00047691082, 0.00036103078, 0.0001510582, 7.551562e-06, 1.2208318e-05, 9.929009e-06, 2.935609e-06, 6.6864334e-07, 1.7917037e-06, 4.6183755e-05, 26.62412, 9.925961, 7.3088903, 6.465746, 5.726534, 4.976925, 4.238964, 3.2640479, 2.1322386, 1.0469816, 0.30840468, 0.09201574, 0.12429485, 0.027800273, 0.025308648, 0.017676402, 0.013695177, 0.012730349, 0.011450264, 0.01045957, 7.7753997, 3.37134, 2.9146857, 2.7113028, 11.960919, 13.418023, 17.582422, 8.164826, 5.977385, 4.616559, 3.8316631, 3.4155107, 3.6150105, 3.404311, 7.494695, 5.955518, 4.5374465, 3.9384491, 3.4683673, 2.993166, 5.564055, 3.9808364, 3.4147446, 3.096823, 5.269255, 8.54211, 4.103414, 5.6177273, 6.081894, 3.2072601, 2.7821445, 2.761891, 3.0641916, 2.8846693, 3.0201955, 2.7430077, 2.5671382, 2.4216204, 3.8785467, 4.0004063, 3.75496, 3.430944, 3.4391818, 2.9499793, 2.6929598, 2.757198, 4.342433, 4.030417, 3.032335, 2.640484, 2.7909498, 3.1339653, 3.5766563, 3.0925891, 3.232771, 3.3569074, 5.174479, 3.3859844, 3.1796412, 3.120747, 3.907493, 3.8712401, 5.108605, 4.9318633, 4.6031995, 4.5449057, 4.4609737, 4.402248, 4.8557367, 5.025416, 5.2814302, 4.517137, 5.04352, 4.4001613, 4.6351495, 4.5026603, 4.9358897, 4.493493, 4.3815775, 5.863932, 5.613775, 4.586136, 4.667482, 4.382853], 'scaler_samples': (array([[0.31713797, 0.01764591],       [0.96064933, 0.29472327],       [0.39535281, 0.85097995]]), array([-2.99252616, -2.85592011, -2.8723099 ])), 'net': {'saver_path': './M-LOOP_archives/./neural_net_archive_2022-10-23_10-19_0YixQlNU.ckpt'}}
