mloop_version='3.3.1'
archive_type='neural_net_learner'
num_params=2
min_boundary=array([0., 0.])
max_boundary=array([1., 1.])
start_datetime='2022-10-23_08-26'
param_names=['', '']
search_precision=1e-06
parameter_searches=10
bad_uncer_frac=0.1
trust_region=nan
has_trust_region=False
predict_global_minima_at_end=True
generation_num=3
update_hyperparameters=False
predicted_best_parameters=array([0.61758355, 0.60842477])
predicted_best_scaled_cost=-3.135101
predicted_best_cost=-2.531886518138369
all_params=array([[0.57702803, 0.58701571],       [0.59256649, 0.85677294],       [0.59333268, 0.8455979 ],       [1.        , 1.        ],       [0.61077243, 1.        ],       [1.        , 1.        ],       [0.474497  , 0.82069827],       [0.50413099, 1.        ],       [0.        , 1.        ],       [0.59519537, 0.82102405],       [0.17317353, 0.42022227],       [0.48758563, 0.81757919],       [0.62368081, 1.        ],       [0.17382379, 0.        ],       [0.39566652, 0.57631739],       [0.60504974, 0.97458447],       [0.57868644, 0.86118935],       [0.86754773, 0.        ],       [0.90918244, 0.18090165],       [0.57929109, 0.86913996],       [0.        , 0.91694983],       [0.57877192, 0.87524923],       [0.38404652, 0.502782  ],       [0.57880651, 0.81832533],       [0.57786216, 0.84153179],       [0.61099801, 1.        ],       [0.24784532, 0.8182156 ],       [0.69834221, 0.        ],       [0.58089602, 0.84771256],       [0.9900369 , 0.        ],       [0.48670538, 0.89736719],       [0.67197121, 0.        ],       [0.57736256, 0.86771285],       [0.59760207, 0.        ],       [0.99188539, 0.34888989],       [0.60927954, 1.        ],       [0.57875331, 0.86081116],       [0.        , 0.71444485],       [0.11459853, 0.9439203 ],       [0.59415957, 0.82701922],       [0.57894683, 0.85980083],       [0.58072919, 0.84121407],       [0.45808172, 0.0807112 ],       [0.57628581, 0.8797507 ],       [0.57916622, 0.85906964],       [0.57636099, 0.87667774],       [0.62897613, 0.12932945],       [0.57766503, 0.8688227 ],       [0.72701245, 0.        ],       [0.57785486, 0.86682957],       [0.55189443, 0.98836054],       [1.        , 1.        ],       [0.58034458, 0.77150169],       [0.5792574 , 0.86948652],       [0.12370276, 0.05465947],       [0.63501854, 0.        ],       [0.63561319, 0.        ],       [0.63558159, 0.        ],       [0.44874292, 0.11497094],       [0.57863888, 0.86040653],       [0.59773768, 0.84842276],       [0.57818151, 0.86345555],       [0.10700973, 0.66803928],       [0.47278355, 0.79941694],       [0.61611326, 0.67499925],       [0.57852732, 0.86298568],       [0.2324482 , 0.20811144],       [0.5950183 , 0.77887649],       [0.7615866 , 1.        ],       [0.        , 1.        ],       [0.77577896, 0.48749302],       [0.64493948, 0.        ],       [0.61916293, 0.32438571],       [0.64165086, 0.        ],       [0.25983772, 0.63054923],       [0.617346  , 0.35552921],       [0.7328498 , 1.        ],       [0.61768071, 0.61227775],       [0.14008548, 0.24641175],       [0.61704833, 0.57716067],       [0.61837558, 0.62815015],       [0.61720893, 0.6158735 ],       [0.45363531, 0.16415539],       [0.61592404, 0.58636107],       [0.61933059, 0.609918  ],       [0.61902745, 0.60712175],       [0.39977672, 0.55392054],       [0.6194806 , 0.57870898],       [0.61986414, 0.60789343],       [0.61706501, 0.61259714],       [0.4001196 , 0.84178736],       [0.61795542, 0.6006124 ],       [0.61979782, 0.62429846],       [0.61764664, 0.61637326],       [0.10285119, 0.14163709],       [0.61699051, 0.60430877],       [0.61596042, 0.62942578],       [0.61601115, 0.62045405],       [0.291212  , 0.44925152],       [0.61836207, 0.59712265],       [0.61270763, 0.64241762],       [0.61624331, 0.63622465],       [0.49961448, 0.40326371],       [0.61613507, 0.63364233],       [0.6178028 , 0.6092373 ],       [0.62061936, 0.60320857],       [0.16566236, 0.35102278],       [0.        , 0.50960835],       [0.61915467, 0.6053373 ],       [0.62089483, 0.60686735],       [0.32104425, 0.3374206 ],       [0.61745114, 0.61250309],       [0.6172473 , 0.61538667],       [0.61796301, 0.60614238],       [0.5605835 , 0.70821543],       [0.61749055, 0.61118316],       [0.61718745, 0.61280597],       [0.61605906, 0.62082113],       [0.06822199, 0.11773731],       [0.61747919, 0.60912959]])
all_costs=array([-2.06179197, -2.15500538, -2.330617  , -2.08324662, -2.36923077,       -2.04912999, -2.39760479, -1.97241379, -1.96853491, -2.36923077,       -2.22197558, -2.33605601, -2.15500538, -2.15037594, -2.27241771,       -2.26727067, -2.55683269, -2.23188406, -2.29850746, -2.2121547 ,       -2.1596548 , -2.08759124, -2.08324662, -2.18797814, -1.95317073,       -2.330617  , -2.38049941, -2.3198146 , -2.30379747, -1.90848427,       -2.10515247, -2.17372421, -2.30379747, -2.04077472, -1.94936709,       -2.12301166, -2.46855734, -2.05333333, -2.17372421, -2.12752391,       -2.28278221, -2.12752391, -2.20727674, -2.32520325, -2.13205538,       -2.2932417 , -2.49315068, -2.19277108, -2.06604747, -2.3198146 ,       -2.11851852, -1.98808342, -2.16901408, -2.12752391, -2.0746114 ,       -2.32520325, -2.09633508, -2.24691358, -2.2932417 , -2.09633508,       -2.1596548 , -2.30911188, -2.54383736, -1.92315082, -2.38049941,       -2.30911188, -2.20727674, -2.02018163, -2.43848965, -2.03248731,       -2.30911188, -2.10073452, -2.41495778, -2.14576635, -2.56338028,       -2.36923077, -2.02836879, -2.77669903, -2.2932417 , -2.48695652,       -2.61016949, -2.43848965, -2.29850746, -2.50563204, -2.52459016,       -2.44444444, -2.02426694, -2.20727674, -2.5373891 , -2.47466007,       -2.04494382, -2.6728972 , -2.30911188, -2.96592593, -2.0746114 ,       -2.38049941, -2.30379747, -2.71641791, -2.29850746, -2.49937578,       -2.330617  , -2.40914561, -2.0120603 , -2.42666667, -2.54383736,       -2.48695652, -2.37485172, -2.20727674, -2.330617  , -2.39187575,       -2.23188406, -2.61016949, -2.49315068, -2.63768116, -2.36923077,       -2.65165563, -2.61699346, -2.52459016, -2.76137931, -2.43256379])
all_uncers=array([1.e-08, 1.e-08, 1.e-08, 1.e-08, 1.e-08, 1.e-08, 1.e-08, 1.e-08,       1.e-08, 1.e-08, 1.e-08, 1.e-08, 1.e-08, 1.e-08, 1.e-08, 1.e-08,       1.e-08, 1.e-08, 1.e-08, 1.e-08, 1.e-08, 1.e-08, 1.e-08, 1.e-08,       1.e-08, 1.e-08, 1.e-08, 1.e-08, 1.e-08, 1.e-08, 1.e-08, 1.e-08,       1.e-08, 1.e-08, 1.e-08, 1.e-08, 1.e-08, 1.e-08, 1.e-08, 1.e-08,       1.e-08, 1.e-08, 1.e-08, 1.e-08, 1.e-08, 1.e-08, 1.e-08, 1.e-08,       1.e-08, 1.e-08, 1.e-08, 1.e-08, 1.e-08, 1.e-08, 1.e-08, 1.e-08,       1.e-08, 1.e-08, 1.e-08, 1.e-08, 1.e-08, 1.e-08, 1.e-08, 1.e-08,       1.e-08, 1.e-08, 1.e-08, 1.e-08, 1.e-08, 1.e-08, 1.e-08, 1.e-08,       1.e-08, 1.e-08, 1.e-08, 1.e-08, 1.e-08, 1.e-08, 1.e-08, 1.e-08,       1.e-08, 1.e-08, 1.e-08, 1.e-08, 1.e-08, 1.e-08, 1.e-08, 1.e-08,       1.e-08, 1.e-08, 1.e-08, 1.e-08, 1.e-08, 1.e-08, 1.e-08, 1.e-08,       1.e-08, 1.e-08, 1.e-08, 1.e-08, 1.e-08, 1.e-08, 1.e-08, 1.e-08,       1.e-08, 1.e-08, 1.e-08, 1.e-08, 1.e-08, 1.e-08, 1.e-08, 1.e-08,       1.e-08, 1.e-08, 1.e-08, 1.e-08, 1.e-08, 1.e-08, 1.e-08, 1.e-08])
bad_run_indexs=[]
best_cost=-2.965925925925926
best_params=array([0.61764664, 0.61637326])
best_index=93
worst_cost=-1.9084842707340326
worst_index=29
cost_range=1.0574416551918935
costs_count=120
params_count=91
cost_scaler_init_index=3
net_0={'last_hyperfit': 0, 'last_net_reg': 1e-08, 'regularization_history': [1e-08], 'losses_list': [3.1686137, 0.43278813, 0.35165995, 0.29196584, 0.20668736, 0.07839396, 0.005609194, 0.007568957, 0.0010087012, 0.00079573836, 0.00026044046, 5.2976833e-05, 4.8816208e-05, 7.265468e-06, 6.633239e-06, 1.2353662e-06, 1.1163721e-06, 6.913977e-07, 6.049004e-07, 5.711656e-07, 5.483072e-07, 5.4996985e-07, 5.450113e-07, 5.455651e-07, 5.450957e-07, 5.450321e-07, 5.4501413e-07, 5.449997e-07, 5.44997e-07, 5.449939e-07, 229.73802, 28.159508, 15.2197485, 3.0414689, 0.15746996, 0.3409508, 0.21158932, 0.06830191, 0.03558517, 0.013432696, 0.010137825, 0.008700765, 34.540874, 1.1878992, 0.6786132, 0.4245607, 0.35629857, 0.2926645, 0.2581188, 0.22532895, 0.19731565, 0.17004947, 0.14560087, 0.12277487, 0.1016733, 0.082525454, 0.06539244, 0.050372582, 0.037285313, 0.02592002, 0.017762259, 0.011978248, 0.0076305903, 0.005900774, 0.0052114334, 0.0049089678, 5.9609976, 1.0592463, 0.55820346, 0.19751269, 0.09839547, 0.064524315, 0.04818658, 0.035610154, 0.0280006, 0.024145728, 0.020605264, 0.018310381, 0.016670957, 0.015561442, 3.3928816, 15.003918, 15.107636, 1.5867219, 0.7661532, 1.2305368, 1.3424275, 0.94878036, 0.8480278, 0.8102563, 1.1000664, 0.96729344, 0.9385935, 0.9169643, 0.9070208, 2.1846385, 1.8542107, 1.4902989, 1.8253042, 0.88962287, 0.76722825, 0.68473405, 0.70135045, 0.6124005, 0.9822876, 1.0934682, 0.8142116, 0.79027957, 0.649596, 0.72147226, 0.7289528, 0.51207906, 0.76499724, 0.58744836, 0.547977, 0.5382251, 0.76204616, 0.68494517, 1.001413, 1.293444, 1.2364401, 1.4425225, 1.3151296, 0.9565443, 1.2897011, 1.2955499, 1.4456582, 1.3328007, 1.1168866, 0.95994556, 1.2932868, 0.9112995, 0.9730194, 0.99942625, 1.1652784, 1.1622529, 1.271315, 1.5533624, 1.2880095, 1.1787183, 1.2743672, 1.176056, 1.2609891, 1.1494853, 1.1932828, 1.1847091, 1.1794225, 1.1027611, 1.3226621, 1.2505907], 'scaler_samples': (array([[0.57702803, 0.58701571],       [0.59256649, 0.85677294],       [0.59333268, 0.8455979 ]]), array([-2.06179197, -2.15500538, -2.330617  ])), 'net': {'saver_path': './M-LOOP_archives/./neural_net_archive_2022-10-23_08-26_xkqu7dmJ.ckpt'}}
net_1={'last_hyperfit': 0, 'last_net_reg': 1e-08, 'regularization_history': [1e-08], 'losses_list': [0.9037609, 0.36050123, 0.2700715, 0.16296774, 0.025993828, 0.0040505715, 0.006468189, 0.00014173673, 0.00086553977, 4.5689434e-05, 0.00011618474, 8.135113e-07, 1.3787297e-05, 2.5485824e-06, 2.2942263e-06, 6.73618e-07, 6.9618125e-07, 5.7560214e-07, 5.600338e-07, 5.569924e-07, 5.498281e-07, 5.4961106e-07, 5.484321e-07, 5.4835704e-07, 5.4834004e-07, 5.483118e-07, 5.483105e-07, 5.483062e-07, 5.483069e-07, 5.483062e-07, 34.90499, 57.455406, 8.27785, 1.3328998, 0.11125839, 0.022064896, 0.012214639, 0.011702893, 0.0115989875, 0.01047418, 206.79765, 6.650013, 1.9625835, 1.552759, 0.973654, 0.7774401, 0.7008202, 0.6223342, 0.5402746, 0.46584645, 0.39285403, 0.31763896, 0.25011715, 0.19890411, 0.16111934, 0.12051616, 35.47832, 10.098377, 2.85375, 1.2437931, 0.4826414, 0.2402201, 0.7597601, 1.0565807, 14.33145, 8.111723, 5.2384915, 1.5679281, 0.65819514, 0.647791, 0.57987696, 0.4226139, 0.38521734, 0.2751588, 0.19597267, 0.1612165, 2.596979, 0.8066945, 0.6748938, 0.59112555, 0.46483228, 0.38662872, 0.32785708, 0.2549499, 0.21141157, 0.19153687, 0.15545288, 0.14614064, 0.727166, 0.43388733, 0.39118797, 0.37340432, 0.59059, 1.7476125, 1.3446817, 0.9887531, 0.75969297, 0.5743664, 0.50185555, 0.6877754, 0.66866165, 0.5121031, 0.7362325, 0.60081136, 0.7804583, 0.90861636, 0.75030607, 14.4526205, 0.8165412, 0.5581811, 0.5398246, 0.6044374, 0.5013886, 0.51961064, 0.58161753, 0.560755, 0.5658247, 0.5611996, 0.7308285, 0.5980919, 0.5894845, 0.5641735, 0.9137041, 1.2186353, 3.1743803, 1.0644352, 0.8308106, 0.81758505, 0.9035191, 0.7907832, 1.0458828, 0.9473312, 0.88504606, 0.914779, 0.92660266, 1.102294, 1.0504698, 1.0152175, 1.2977884, 1.2209523, 1.3029706, 1.6419915, 1.3346587, 1.2314479, 1.2404846, 1.1914731, 1.1423111, 1.1701782, 1.0994532, 1.1631418, 1.4122713, 1.1437277], 'scaler_samples': (array([[0.57702803, 0.58701571],       [0.59256649, 0.85677294],       [0.59333268, 0.8455979 ]]), array([-2.06179197, -2.15500538, -2.330617  ])), 'net': {'saver_path': './M-LOOP_archives/./neural_net_archive_2022-10-23_08-26_NV9MIzdX.ckpt'}}
net_2={'last_hyperfit': 0, 'last_net_reg': 1e-08, 'regularization_history': [1e-08], 'losses_list': [2.380577, 0.35993224, 0.1758124, 0.060994517, 0.0054158852, 0.005910919, 0.0010484282, 0.00040917302, 0.00027817453, 2.0986954e-05, 3.948901e-05, 2.2645088e-06, 5.664383e-06, 8.641247e-07, 1.126714e-06, 5.7246706e-07, 6.090539e-07, 5.3231287e-07, 5.370818e-07, 5.260588e-07, 5.258454e-07, 5.25294e-07, 5.250178e-07, 5.2501105e-07, 5.2496915e-07, 5.24962e-07, 5.2495545e-07, 5.249568e-07, 5.2495574e-07, 5.2495636e-07, 643.4589, 9.058951, 4.5757284, 7.0174003, 0.5043207, 0.2039886, 112.2065, 11.756909, 4.037466, 0.6312689, 0.77949744, 0.5991955, 0.52598864, 0.485235, 1.2016133, 0.83512497, 0.66507125, 0.5817223, 0.5234879, 0.47176498, 1.3224043, 7.3649273, 10.459436, 1.9268076, 3.6668704, 0.9927289, 0.7806335, 0.72015595, 1.0758889, 0.954455, 1.2778599, 1.1109453, 1.0083765, 0.9574638, 1.0202613, 0.8952615, 0.9388555, 0.8546302, 1.2550066, 1.0283309, 1.1521128, 0.72464055, 0.8676709, 0.7859318, 0.72122025, 0.59828305, 0.6751912, 0.61923015, 0.91980773, 1.5381838, 1.5050852, 0.7764195, 0.6755655, 0.6593138, 0.89802843, 0.71400076, 0.68445754, 0.6938926, 0.77445847, 0.73891616, 1.0084877, 1.9683077, 1.3959768, 1.5257384, 1.2063292, 1.0726193, 1.2139584, 1.0898814, 1.4477582, 1.3450952, 1.2900697, 1.656846, 1.3205874, 1.1248308, 1.0746967, 1.3749685, 1.2588794, 1.0517093, 1.2868251, 1.2425045, 1.3152652, 1.9054394, 1.9385151, 1.6478809, 1.7334454, 1.206518, 1.5718583, 1.2108874, 1.2189152, 1.2724965, 1.1847677, 1.6982282, 1.2704349, 1.1860552], 'scaler_samples': (array([[0.57702803, 0.58701571],       [0.59256649, 0.85677294],       [0.59333268, 0.8455979 ]]), array([-2.06179197, -2.15500538, -2.330617  ])), 'net': {'saver_path': './M-LOOP_archives/./neural_net_archive_2022-10-23_08-26_9lzEBmHd.ckpt'}}
