mloop_version='3.3.1'
archive_type='neural_net_learner'
num_params=2
min_boundary=array([0., 0.])
max_boundary=array([1., 1.])
start_datetime='2022-10-23_09-20'
param_names=['', '']
search_precision=1e-06
parameter_searches=10
bad_uncer_frac=0.1
trust_region=nan
has_trust_region=False
predict_global_minima_at_end=True
generation_num=3
update_hyperparameters=False
predicted_best_parameters=array([0.33010872, 0.21635807])
predicted_best_scaled_cost=-1.8839587
predicted_best_cost=-2.9034552993712013
all_params=array([[0.65835287, 0.58761178],       [0.3627474 , 0.21156609],       [0.34393661, 0.31689582],       [0.32688561, 0.        ],       [0.43755457, 0.        ],       [1.        , 0.        ],       [0.19015802, 0.38549111],       [0.38141481, 0.22026897],       [0.37475704, 0.21146378],       [0.36474731, 0.19993019],       [0.14481811, 0.66673487],       [0.        , 0.5489613 ],       [0.        , 1.        ],       [0.        , 0.32433718],       [0.88028984, 0.5873211 ],       [0.3376946 , 0.23369509],       [0.22254105, 0.37149813],       [0.48850287, 0.28535907],       [0.29922513, 0.35561537],       [0.25932269, 0.39293167],       [0.23644741, 0.36833418],       [0.24715336, 0.3753509 ],       [0.06490937, 0.54900251],       [0.39925369, 0.2568001 ],       [0.18820873, 0.38146237],       [0.18598106, 0.38511715],       [0.40097742, 0.81930402],       [0.18919401, 0.39121687],       [0.17891041, 0.36178548],       [0.18284888, 0.38146251],       [0.73800862, 0.76734739],       [0.20140534, 0.43422216],       [0.16631357, 0.41686684],       [0.19469452, 0.4177575 ],       [0.01239005, 0.63245503],       [0.41281434, 0.98790675],       [0.15246839, 0.41007401],       [0.18415338, 0.39513895],       [0.79321963, 0.19734507],       [0.48477478, 1.        ],       [0.43606153, 1.        ],       [0.42073482, 1.        ],       [0.45015198, 0.57420174],       [0.37448067, 1.        ],       [0.19161731, 0.38607256],       [0.34360714, 1.        ],       [0.07834755, 0.34281932],       [0.41504738, 0.85839797],       [0.19031607, 0.38491564],       [0.20107242, 0.38649068],       [0.35491723, 0.22121767],       [0.20012566, 0.377479  ],       [0.18409127, 0.38850276],       [0.20951878, 0.36804784],       [0.08451865, 0.75941321],       [0.20944834, 0.36876688],       [0.41350207, 0.78483203],       [0.74789466, 0.3048387 ],       [0.25997003, 0.46826975],       [0.40226052, 0.8786456 ],       [0.35626721, 0.21046839],       [0.39563675, 0.84088062],       [0.04767257, 0.50465645],       [0.38598201, 0.77409879],       [0.3850363 , 0.84256417],       [0.3889728 , 0.79371407],       [0.20863609, 0.85928178],       [0.36191261, 0.21686596],       [0.19769221, 0.39224479],       [0.        , 0.66319789],       [0.29500883, 0.92348859],       [0.40219791, 0.81967912],       [0.17621808, 0.40628728],       [0.40639468, 0.7212952 ],       [0.59098694, 0.6440131 ],       [0.3985035 , 0.85717281],       [0.17916847, 0.4023103 ],       [0.26243876, 0.66524833],       [0.90094042, 0.89716908],       [0.40049832, 0.82798677],       [0.74354291, 0.20287491],       [0.71348122, 0.22346615],       [0.95239422, 0.93657105],       [0.16366952, 0.39208929],       [0.18339973, 0.39659675],       [0.17350144, 0.38819376],       [0.64326663, 0.04686191],       [0.36938262, 0.2216165 ],       [0.58693932, 0.64453648],       [0.16767832, 0.96618621],       [0.75122751, 0.43614621],       [0.15779453, 1.        ],       [0.14916945, 1.        ],       [0.33471533, 0.20128914],       [0.17488873, 0.89677942],       [0.39527169, 0.80529775],       [0.34803639, 0.20661204],       [0.40467927, 1.        ],       [0.55948729, 0.03858481],       [0.18413071, 0.43300293],       [0.33992922, 0.21056602],       [0.34027266, 0.21031226],       [0.91114195, 0.56856761],       [0.33801694, 0.21412515],       [0.34318678, 0.22020188],       [0.19128801, 0.87727337],       [0.09651754, 0.42096685],       [0.39332961, 0.85826931],       [1.        , 0.45525253],       [0.20662682, 0.87660956],       [0.68771268, 0.87376097],       [0.33338479, 0.2108412 ],       [0.        , 0.63862902],       [1.        , 0.16316737],       [0.92712225, 0.18022399],       [0.32811027, 0.20967217],       [0.33903274, 0.20891084],       [0.17777485, 0.3774287 ],       [0.33747524, 0.56419681],       [0.32484313, 0.21167939]])
all_costs=array([-2.55683269, -2.80785414, -2.40336134, -2.39760479, -2.4504284 ,       -2.30911188, -2.72380952, -2.70175439, -2.59662776, -2.5373891 ,       -2.44444444, -2.45644172, -2.38617402, -2.330617  , -2.49937578,       -2.42079807, -2.83168317, -2.5373891 , -2.39760479, -2.51823899,       -2.56996149, -2.43256379, -2.56338028, -2.33605601, -2.90566038,       -3.12324493, -2.88057554, -2.94845361, -2.54383736, -3.01052632,       -2.49937578, -2.61016949, -2.85592011, -2.88057554, -2.78442281,       -2.98360656, -2.68724832, -2.81575246, -2.71641791, -2.30911188,       -2.47466007, -2.49937578, -2.29850746, -2.32520325, -2.72380952,       -2.23687151, -2.47466007, -2.73124147, -2.61016949, -2.93118594,       -2.69448183, -2.37485172, -2.61016949, -3.19298246, -2.31445087,       -2.3198146 , -2.65165563, -2.40914561, -2.61016949, -2.36923077,       -2.83168317, -3.46967071, -2.46248462, -2.64464993, -2.43256379,       -2.4504284 , -2.74622771, -2.92262774, -2.52459016, -2.58990944,       -2.48695652, -2.47466007, -2.73124147, -2.76137931, -2.77669903,       -2.59662776, -2.63074901, -2.60338101, -2.58322581, -2.68724832,       -2.39187575, -2.53097345, -2.38049941, -2.63074901, -2.66577896,       -2.68005355, -2.39187575, -2.40914561, -2.61699346, -2.97473997,       -2.69448183, -2.73124147, -2.40336134, -2.84779516, -2.62385321,       -2.34152047, -2.33605601, -2.45644172, -2.40336134, -2.74622771,       -3.0942813 , -2.62385321, -2.84779516, -2.88057554, -2.47466007,       -2.75378267, -2.73871409, -2.39187575, -2.41495778, -2.43256379,       -2.63074901, -2.93118594, -2.39187575, -2.62385321, -2.82369535,       -2.97473997, -2.33605601, -2.51823899, -2.330617  , -2.76901798])
all_uncers=array([1.e-08, 1.e-08, 1.e-08, 1.e-08, 1.e-08, 1.e-08, 1.e-08, 1.e-08,       1.e-08, 1.e-08, 1.e-08, 1.e-08, 1.e-08, 1.e-08, 1.e-08, 1.e-08,       1.e-08, 1.e-08, 1.e-08, 1.e-08, 1.e-08, 1.e-08, 1.e-08, 1.e-08,       1.e-08, 1.e-08, 1.e-08, 1.e-08, 1.e-08, 1.e-08, 1.e-08, 1.e-08,       1.e-08, 1.e-08, 1.e-08, 1.e-08, 1.e-08, 1.e-08, 1.e-08, 1.e-08,       1.e-08, 1.e-08, 1.e-08, 1.e-08, 1.e-08, 1.e-08, 1.e-08, 1.e-08,       1.e-08, 1.e-08, 1.e-08, 1.e-08, 1.e-08, 1.e-08, 1.e-08, 1.e-08,       1.e-08, 1.e-08, 1.e-08, 1.e-08, 1.e-08, 1.e-08, 1.e-08, 1.e-08,       1.e-08, 1.e-08, 1.e-08, 1.e-08, 1.e-08, 1.e-08, 1.e-08, 1.e-08,       1.e-08, 1.e-08, 1.e-08, 1.e-08, 1.e-08, 1.e-08, 1.e-08, 1.e-08,       1.e-08, 1.e-08, 1.e-08, 1.e-08, 1.e-08, 1.e-08, 1.e-08, 1.e-08,       1.e-08, 1.e-08, 1.e-08, 1.e-08, 1.e-08, 1.e-08, 1.e-08, 1.e-08,       1.e-08, 1.e-08, 1.e-08, 1.e-08, 1.e-08, 1.e-08, 1.e-08, 1.e-08,       1.e-08, 1.e-08, 1.e-08, 1.e-08, 1.e-08, 1.e-08, 1.e-08, 1.e-08,       1.e-08, 1.e-08, 1.e-08, 1.e-08, 1.e-08, 1.e-08, 1.e-08, 1.e-08])
bad_run_indexs=[]
best_cost=-3.469670710571924
best_params=array([0.39563675, 0.84088062])
best_index=61
worst_cost=-2.2368715083798887
worst_index=45
cost_range=1.2327992021920355
costs_count=120
params_count=91
cost_scaler_init_index=3
net_0={'last_hyperfit': 0, 'last_net_reg': 1e-08, 'regularization_history': [1e-08], 'losses_list': [1.895463, 0.21975414, 0.022989348, 0.008155381, 0.005611487, 0.0006644737, 0.0014157306, 0.000359725, 5.166027e-05, 4.154403e-05, 1.962925e-05, 2.064253e-06, 2.3820166e-06, 1.5714656e-06, 6.617379e-07, 6.052141e-07, 5.55234e-07, 5.546091e-07, 5.4475606e-07, 5.406898e-07, 5.4029096e-07, 5.3986935e-07, 5.398991e-07, 5.398686e-07, 5.398569e-07, 5.398482e-07, 5.398478e-07, 5.3984786e-07, 5.3984775e-07, 5.3984763e-07, 2.41621, 0.34055284, 0.03126833, 0.015124472, 0.0059493543, 0.00035084586, 0.0005353946, 0.00026491124, 3.2821285e-05, 3.2812797e-05, 1.727986e-05, 3.8811454e-06, 1.9742617e-06, 1.3843994e-06, 7.404831e-07, 5.968231e-07, 0.878314, 0.24495286, 0.17904226, 0.14656916, 0.13657139, 0.12900832, 0.8067848, 0.27679732, 0.13028316, 0.079939984, 0.073132284, 0.062667914, 0.05535282, 0.04718064, 0.038834024, 0.030246023, 0.021812357, 0.014139357, 0.008030339, 0.0040022824, 0.0019605728, 0.0012448217, 0.001109162, 0.0011089053, 1.0717406, 0.5525497, 0.29203093, 0.12973948, 0.15420246, 0.09925061, 0.07876888, 0.07882723, 0.5966914, 0.220837, 0.15123752, 0.12049681, 0.09532561, 0.092389986, 0.0753912, 0.10383366, 0.06027852, 0.06455808, 0.7647891, 0.2949253, 0.23829642, 0.1929121, 0.16430901, 0.15259044, 0.4080031, 0.25638968, 0.22590886, 0.20512718, 0.37027597, 0.32471365, 0.54331535, 0.29323012, 0.23027964, 0.18943053, 0.22624187, 0.1676351, 0.6375219, 0.2931059, 0.25649932, 0.20774087, 0.19508271, 0.18579069, 0.7054277, 0.346742, 0.24993253, 0.22900304, 0.18280616, 0.17788264, 0.3365944, 0.44886234, 0.91748255, 0.6054576, 0.5064203, 0.48639444, 0.6477624, 0.583448, 0.90425014, 0.8661479, 1.0295168, 1.1920186, 1.132294, 0.94560933, 0.8971298, 1.045153, 0.9503233, 0.84043795, 0.8128572, 0.76752067, 1.1157901, 0.75838155, 0.6626857, 0.6431806, 0.777213, 0.9082236, 1.0541271, 0.8826484, 0.8493975, 0.8247907, 0.8804212, 0.8114478, 0.81974393, 0.78869003, 1.0338563, 0.92821974, 0.91480196, 0.896449, 0.82941693, 0.83932614, 0.8765189, 0.9954865, 0.8724673, 0.86674947, 1.0640488, 0.8961768, 0.8395487, 0.815161], 'scaler_samples': (array([[0.65835287, 0.58761178],       [0.3627474 , 0.21156609],       [0.34393661, 0.31689582]]), array([-2.55683269, -2.80785414, -2.40336134])), 'net': {'saver_path': './M-LOOP_archives/./neural_net_archive_2022-10-23_09-20_D3YzGN-l.ckpt'}}
net_1={'last_hyperfit': 0, 'last_net_reg': 1e-08, 'regularization_history': [1e-08], 'losses_list': [0.9045101, 0.09561767, 0.018842895, 0.0051735933, 0.0032337636, 0.0014304759, 0.0003085881, 2.8277213e-05, 8.362002e-07, 5.580797e-06, 6.435393e-06, 4.1414855e-06, 1.9004354e-06, 1.0135177e-06, 7.111248e-07, 5.799245e-07, 5.69589e-07, 5.5491813e-07, 5.5117755e-07, 5.501101e-07, 5.501694e-07, 5.5005006e-07, 5.4999276e-07, 5.4998344e-07, 5.499733e-07, 5.499706e-07, 5.499705e-07, 5.4996997e-07, 5.499698e-07, 5.499698e-07, 5.076315, 0.7720844, 0.17428525, 0.017277123, 0.010885045, 0.0032379304, 0.0020908471, 0.00046159604, 0.0001470651, 5.3673728e-05, 2.3854567e-05, 9.936507e-06, 2.820624e-06, 1.4626636e-06, 7.897736e-07, 7.425234e-07, 5.828662e-07, 5.742699e-07, 1.5142606, 0.35879692, 0.25491318, 0.17821932, 0.1536471, 0.1445412, 2.4621234, 0.32742253, 0.15802988, 0.11021546, 0.10088103, 0.09581588, 0.26120976, 0.26312685, 0.16819978, 0.13893932, 0.44218573, 0.21929373, 0.17545481, 0.16380075, 0.47524607, 0.3020076, 0.25631192, 0.23049097, 0.22365485, 0.19998667, 0.51127744, 0.30324388, 0.26324147, 0.23179238, 0.20844954, 0.20024893, 0.20831017, 0.2648806, 0.5228317, 0.27790946, 0.22647336, 0.1946358, 0.5198162, 0.34729186, 0.27464652, 0.2925298, 0.774845, 0.3912672, 0.3353208, 0.2731135, 0.3014198, 0.50376356, 0.9517434, 0.63359714, 0.5646452, 0.5501467, 0.755247, 0.64499664, 0.61611193, 0.6036186, 0.9369437, 0.8556745, 1.1274223, 1.4005848, 1.2841065, 1.0279249, 1.0281783, 1.0791142, 0.9839434, 0.9519544, 0.99422807, 0.91569406, 0.9220291, 0.95999134, 0.93209213, 0.9567296, 0.9493431, 0.9052478, 0.9464714, 0.89285463, 1.0297437, 1.0345978, 1.0185037, 1.0183399, 1.0751148, 1.023606, 1.046826, 0.9872853, 1.0651804, 1.0045615, 1.0715433, 1.0403268], 'scaler_samples': (array([[0.65835287, 0.58761178],       [0.3627474 , 0.21156609],       [0.34393661, 0.31689582]]), array([-2.55683269, -2.80785414, -2.40336134])), 'net': {'saver_path': './M-LOOP_archives/./neural_net_archive_2022-10-23_09-20_vi7Xf15j.ckpt'}}
net_2={'last_hyperfit': 0, 'last_net_reg': 1e-08, 'regularization_history': [1e-08], 'losses_list': [0.50025445, 0.09303215, 0.016458549, 0.0041370476, 0.0018260331, 0.0009335733, 0.00051780045, 0.000111858615, 3.7681883e-05, 5.9491504e-06, 1.0665603e-06, 1.4219454e-06, 9.740304e-07, 6.040049e-07, 5.3343194e-07, 5.4538793e-07, 5.3256974e-07, 5.2994494e-07, 5.264707e-07, 5.25261e-07, 5.245597e-07, 5.244379e-07, 5.243985e-07, 5.2439765e-07, 5.2439293e-07, 5.243925e-07, 5.243922e-07, 5.2439214e-07, 5.243921e-07, 5.243921e-07, 4.97878, 0.18098216, 0.050622012, 0.01866385, 0.0028801998, 0.0031242277, 0.0003328114, 0.00028814637, 6.387481e-05, 3.5911406e-05, 5.9010968e-06, 6.1726555e-06, 1.3173769e-06, 1.0796838e-06, 7.3504987e-07, 5.885953e-07, 0.89819056, 0.23573871, 0.16373697, 0.15322213, 0.6022963, 0.2690156, 0.1384739, 0.104978636, 0.09395433, 0.08937206, 0.3046519, 0.23191556, 0.13753898, 0.18329598, 0.575195, 0.20411299, 0.15802194, 0.15423171, 0.37593287, 0.25025964, 0.22125925, 0.20650391, 0.44435468, 0.28955033, 0.2564522, 0.23652117, 0.32850277, 0.3430127, 0.54752475, 0.30694717, 0.24206668, 0.19825527, 0.6071641, 0.3395778, 0.25095657, 0.23932287, 0.8775891, 0.39968044, 0.29432932, 0.24244528, 0.28293228, 0.33947366, 0.5986982, 0.5360061, 0.7921911, 0.6828065, 0.61273247, 0.59989053, 0.9519609, 0.90076745, 1.0565543, 1.2051476, 1.1151757, 0.9844328, 1.0113127, 0.94720745, 0.9745507, 0.90767664, 0.9163919, 0.9592249, 0.8939685, 0.90605146, 0.9008306, 0.857122, 0.9188347, 0.8559268, 0.9937153, 1.1206149, 1.1844797, 0.99512696, 1.0407431, 0.95979834, 0.9948306, 0.9520047, 0.9590376, 1.1771997, 1.202512, 1.041167], 'scaler_samples': (array([[0.65835287, 0.58761178],       [0.3627474 , 0.21156609],       [0.34393661, 0.31689582]]), array([-2.55683269, -2.80785414, -2.40336134])), 'net': {'saver_path': './M-LOOP_archives/./neural_net_archive_2022-10-23_09-20_l_YnuX0m.ckpt'}}
