mloop_version='3.3.1'
archive_type='neural_net_learner'
num_params=6
min_boundary=array([0., 0., 0., 0., 0., 0.])
max_boundary=array([1., 1., 1., 1., 1., 1.])
start_datetime='2022-10-23_15-57'
param_names=['', '', '', '', '', '']
search_precision=1e-06
parameter_searches=10
bad_uncer_frac=0.1
trust_region=nan
has_trust_region=False
predict_global_minima_at_end=True
generation_num=3
update_hyperparameters=False
predicted_best_parameters=array([0.31246702, 0.0736339 , 0.        , 0.49676772, 1.        ,       1.        ])
predicted_best_scaled_cost=-2.6166437
predicted_best_cost=-1.189616745743439
all_params=array([[0.26776256, 0.47236655, 0.82197792, 0.36221396, 0.94044766,        0.6731713 ],       [0.53410004, 0.35102071, 0.7463802 , 0.65372233, 0.15636032,        0.95575096],       [0.3068364 , 0.23930959, 0.26937439, 0.50010262, 0.6292128 ,        0.90404058],       [0.88323569, 0.        , 0.32767794, 0.81223637, 0.26263092,        0.16471763],       [1.        , 0.        , 1.        , 0.        , 0.        ,        0.0900733 ]])
all_costs=array([-1.17007598, -1.16192687, -1.17972893, -1.17557252, -1.17972893])
all_uncers=array([1.e-08, 1.e-08, 1.e-08, 1.e-08, 1.e-08])
bad_run_indexs=[]
best_cost=-1.1797289334119034
best_params=array([0.3068364 , 0.23930959, 0.26937439, 0.50010262, 0.6292128 ,       0.90404058])
best_index=2
worst_cost=-1.1619268717353453
worst_index=1
cost_range=0.01780206167655818
costs_count=5
params_count=4
cost_scaler_init_index=3
net_0={'last_hyperfit': 0, 'last_net_reg': 1e-08, 'regularization_history': [1e-08], 'losses_list': [1.7524192, 0.21128389, 0.03893724, 0.01750349, 0.008757946, 0.00155615, 0.0012626831, 0.00025999424, 2.130124e-05, 6.0585957e-05, 2.9156521e-05, 4.0442246e-06, 1.7556504e-06, 1.3836732e-06, 8.755499e-07, 6.513464e-07, 5.3091577e-07, 5.423212e-07, 5.3357144e-07, 5.3160255e-07, 5.3070937e-07, 5.2998524e-07, 5.2991373e-07, 5.2984086e-07, 5.2983654e-07, 5.298373e-07, 5.2983347e-07, 5.298333e-07, 5.298331e-07, 5.298329e-07, 0.5118562, 0.02899934, 0.013801905, 0.0018763912, 0.0011110749, 0.00057915744, 8.763548e-05, 4.3608932e-05, 1.2871642e-05, 1.0913193e-05, 3.1691354e-06, 1.3058816e-06, 7.870319e-07, 5.9572926e-07, 5.4757635e-07, 5.416741e-07], 'scaler_samples': (array([[0.26776256, 0.47236655, 0.82197792, 0.36221396, 0.94044766,        0.6731713 ],       [0.53410004, 0.35102071, 0.7463802 , 0.65372233, 0.15636032,        0.95575096],       [0.3068364 , 0.23930959, 0.26937439, 0.50010262, 0.6292128 ,        0.90404058]]), array([-1.17007598, -1.16192687, -1.17972893])), 'net': {'saver_path': './M-LOOP_archives/./neural_net_archive_2022-10-23_15-57_a4c-zDcW.ckpt'}}
net_1={'last_hyperfit': 0, 'last_net_reg': 1e-08, 'regularization_history': [1e-08], 'losses_list': [5.5762334, 0.37770426, 0.12124961, 0.059576865, 0.016466893, 0.00712296, 0.0023011514, 0.0005428586, 0.00011361902, 5.204898e-05, 1.8191728e-05, 1.39902295e-05, 4.9065966e-06, 1.0560968e-06, 1.0954041e-06, 6.8951135e-07, 5.4363306e-07, 5.61663e-07, 5.369315e-07, 5.352042e-07, 5.3201154e-07, 5.317334e-07, 5.315359e-07, 5.314391e-07, 5.3143924e-07, 5.3143464e-07, 5.3142855e-07, 5.3142776e-07, 5.3142736e-07, 5.31427e-07], 'scaler_samples': (array([[0.26776256, 0.47236655, 0.82197792, 0.36221396, 0.94044766,        0.6731713 ],       [0.53410004, 0.35102071, 0.7463802 , 0.65372233, 0.15636032,        0.95575096],       [0.3068364 , 0.23930959, 0.26937439, 0.50010262, 0.6292128 ,        0.90404058]]), array([-1.17007598, -1.16192687, -1.17972893])), 'net': {'saver_path': './M-LOOP_archives/./neural_net_archive_2022-10-23_15-57_W7SwK6Za.ckpt'}}
net_2={'last_hyperfit': 0, 'last_net_reg': 1e-08, 'regularization_history': [1e-08], 'losses_list': [5.408975, 0.05998916, 0.08428101, 0.021145195, 0.00438384, 0.0030947838, 0.0005431079, 0.00050369336, 7.1854456e-06, 6.071116e-05, 6.467841e-06, 4.644113e-06, 3.5486742e-06, 7.4416704e-07, 8.083691e-07, 6.7041185e-07, 5.435771e-07, 5.4033853e-07, 5.3796197e-07, 5.3249846e-07, 5.314408e-07, 5.3154116e-07, 5.31441e-07, 5.313674e-07, 5.3136364e-07, 5.3136256e-07, 5.313599e-07, 5.3135994e-07, 5.3135983e-07, 5.313598e-07], 'scaler_samples': (array([[0.26776256, 0.47236655, 0.82197792, 0.36221396, 0.94044766,        0.6731713 ],       [0.53410004, 0.35102071, 0.7463802 , 0.65372233, 0.15636032,        0.95575096],       [0.3068364 , 0.23930959, 0.26937439, 0.50010262, 0.6292128 ,        0.90404058]]), array([-1.17007598, -1.16192687, -1.17972893])), 'net': {'saver_path': './M-LOOP_archives/./neural_net_archive_2022-10-23_15-57_1YYmA8g_.ckpt'}}
