mloop_version='3.3.1'
archive_type='neural_net_learner'
num_params=6
min_boundary=array([0., 0., 0., 0., 0., 0.])
max_boundary=array([1., 1., 1., 1., 1., 1.])
start_datetime='2022-10-23_17-35'
param_names=['', '', '', '', '', '']
search_precision=1e-06
parameter_searches=10
bad_uncer_frac=0.1
trust_region=nan
has_trust_region=False
predict_global_minima_at_end=True
generation_num=3
update_hyperparameters=False
predicted_best_parameters=array([7.76945544e-01, 9.19085042e-01, 8.90078378e-02, 1.34376586e-01,       5.55111512e-17, 8.08291319e-01])
predicted_best_scaled_cost=-5.4502325
predicted_best_cost=-1.7909839654036914
all_params=array([[7.14910304e-01, 5.66543432e-01, 8.64290642e-01, 9.86719905e-01,        9.34806578e-01, 2.86383799e-01],       [5.97702788e-01, 3.65791881e-01, 9.90735472e-01, 2.56870149e-01,        3.91533861e-01, 7.13071471e-01],       [9.17722361e-01, 7.44598423e-01, 4.87561916e-01, 6.67580730e-01,        6.00676560e-03, 8.24055543e-01],       [0.00000000e+00, 1.00000000e+00, 0.00000000e+00, 0.00000000e+00,        1.00000000e+00, 1.00000000e+00],       [9.63518493e-01, 4.83858966e-01, 0.00000000e+00, 1.00000000e+00,        2.23626298e-01, 1.00000000e+00],       [8.92688892e-01, 1.00000000e+00, 6.74018803e-01, 5.46839689e-01,        5.55111512e-17, 1.00000000e+00],       [9.45320325e-01, 6.61338234e-01, 2.88708383e-01, 1.07201406e-01,        4.36030271e-01, 5.12504577e-01],       [1.00000000e+00, 6.67860497e-01, 0.00000000e+00, 1.00000000e+00,        5.55111512e-17, 3.38641879e-01],       [9.35939376e-01, 8.18785788e-01, 1.27222656e-01, 5.16496224e-01,        5.55111512e-17, 7.36634018e-01],       [9.10318724e-01, 6.69933332e-01, 2.49556991e-01, 6.26634992e-01,        5.55111512e-17, 1.00000000e+00],       [6.36509732e-01, 2.90909418e-01, 6.69334958e-01, 8.50637816e-01,        2.77600087e-01, 5.59227196e-01],       [1.00000000e+00, 1.00000000e+00, 0.00000000e+00, 5.16088646e-01,        2.16783078e-02, 6.44429012e-01],       [1.00000000e+00, 9.60756569e-01, 0.00000000e+00, 5.73997943e-01,        5.55111512e-17, 9.40556055e-01],       [8.59696059e-01, 8.58347626e-01, 0.00000000e+00, 5.47960665e-01,        5.55111512e-17, 7.74825399e-01],       [5.65263277e-01, 3.19500617e-01, 2.68056992e-01, 2.90913046e-01,        9.05194312e-01, 5.43551797e-01],       [1.00000000e+00, 8.38491109e-01, 5.45996639e-02, 4.19489030e-01,        5.55111512e-17, 7.08775913e-01],       [1.00000000e+00, 7.63592145e-01, 0.00000000e+00, 4.05513902e-01,        5.55111512e-17, 6.45062439e-01],       [1.00000000e+00, 8.39738211e-01, 0.00000000e+00, 4.98952057e-01,        5.55111512e-17, 7.27064623e-01],       [6.90958156e-01, 6.73213697e-01, 5.85897545e-02, 3.06884029e-01,        3.34735395e-01, 6.47448597e-01],       [9.25268567e-01, 7.62850887e-01, 2.06415583e-01, 5.24381972e-01,        5.55111512e-17, 7.31626302e-01],       [8.70382991e-01, 7.53683635e-01, 0.00000000e+00, 2.10594906e-01,        5.55111512e-17, 5.52082073e-01],       [8.99688223e-01, 7.40343234e-01, 2.36314985e-01, 5.11734332e-01,        5.55111512e-17, 6.60882094e-01],       [2.09801146e-02, 3.46634347e-01, 6.62136551e-01, 2.75942297e-01,        7.53226907e-01, 4.70549894e-01],       [9.34956091e-01, 8.36518268e-01, 1.57234781e-01, 5.27277718e-01,        5.55111512e-17, 7.36092439e-01],       [8.84079606e-01, 8.46370447e-01, 0.00000000e+00, 1.19735590e-01,        5.55111512e-17, 6.02670303e-01],       [9.19575930e-01, 8.41973423e-01, 1.82423628e-01, 4.69360066e-01,        5.55111512e-17, 7.54867304e-01],       [1.77496187e-02, 7.98261546e-01, 8.33450389e-02, 8.02006923e-02,        4.62330104e-01, 7.84082543e-01],       [9.25985510e-01, 7.99448759e-01, 2.72509791e-02, 4.97862563e-01,        5.55111512e-17, 7.45062227e-01],       [9.26653379e-01, 8.08548350e-01, 0.00000000e+00, 3.62573736e-01,        5.55111512e-17, 7.23723780e-01],       [9.21078498e-01, 8.10226266e-01, 0.00000000e+00, 4.23321028e-01,        5.55111512e-17, 7.04134631e-01],       [8.80341398e-01, 6.31058595e-01, 8.65018368e-01, 2.82383105e-01,        1.59773843e-02, 5.12749616e-01],       [9.30664714e-01, 8.13729557e-01, 1.45247389e-01, 5.27527715e-01,        5.55111512e-17, 7.67609233e-01],       [9.37492157e-01, 8.28694818e-01, 8.68943767e-02, 4.39002689e-01,        5.55111512e-17, 8.01066951e-01],       [9.33278323e-01, 8.24440373e-01, 1.31716480e-01, 3.95957146e-01,        5.55111512e-17, 7.62454724e-01],       [4.07695325e-01, 1.02659433e-02, 2.38262026e-01, 2.43357447e-01,        5.22870882e-01, 5.63444387e-01],       [0.00000000e+00, 6.98879726e-01, 0.00000000e+00, 2.77977754e-01,        7.76854706e-01, 6.35586241e-01],       [9.53346534e-01, 8.34236876e-01, 3.12279302e-02, 4.76295699e-01,        5.55111512e-17, 7.51022154e-01],       [9.43940174e-01, 8.13972448e-01, 1.25104772e-01, 5.56364575e-01,        5.55111512e-17, 7.56081451e-01],       [4.33880036e-01, 2.97389388e-01, 5.60468259e-01, 7.94960750e-01,        8.63375144e-01, 1.25808576e-01],       [9.44352961e-01, 7.88382631e-01, 1.16864113e-01, 6.23685654e-01,        5.55111512e-17, 7.53561715e-01],       [9.53470605e-01, 8.05234795e-01, 1.74616740e-01, 5.64483775e-01,        5.55111512e-17, 8.14618134e-01],       [9.50536831e-01, 8.01479718e-01, 1.36548484e-01, 6.28713336e-01,        5.55111512e-17, 7.58735868e-01],       [9.81163268e-01, 1.84208489e-01, 2.42581081e-01, 3.78284117e-01,        8.57496156e-01, 5.71541033e-01],       [0.00000000e+00, 2.65131734e-01, 2.62191334e-01, 3.17110379e-01,        5.55111512e-17, 0.00000000e+00],       [0.00000000e+00, 0.00000000e+00, 4.89503862e-01, 9.68926773e-01,        1.00000000e+00, 0.00000000e+00],       [0.00000000e+00, 0.00000000e+00, 2.32839201e-01, 1.00000000e+00,        4.36027381e-01, 0.00000000e+00],       [2.74509080e-01, 3.74377619e-01, 6.62456204e-01, 6.93502078e-01,        2.70681705e-01, 1.19161465e-01],       [9.47567925e-01, 7.84761129e-01, 1.07501377e-01, 6.14400309e-01,        5.55111512e-17, 7.47732362e-01],       [9.52808927e-01, 7.81286405e-01, 1.08787185e-01, 6.31192955e-01,        5.55111512e-17, 7.22811834e-01],       [9.58980388e-01, 7.67729406e-01, 9.42181836e-02, 6.65789654e-01,        5.55111512e-17, 7.33395671e-01],       [6.41859864e-01, 5.72355400e-01, 8.80432576e-01, 8.10705549e-01,        9.17867192e-01, 2.76354152e-01],       [9.34056020e-01, 8.00476561e-01, 1.69077409e-01, 5.67321014e-01,        1.34090180e-03, 7.52866502e-01],       [9.35138909e-01, 8.46824574e-01, 6.14777265e-02, 5.77601669e-01,        5.55111512e-17, 7.40605173e-01],       [9.32351831e-01, 8.00013709e-01, 1.27746582e-01, 5.90438138e-01,        5.55111512e-17, 7.54880629e-01],       [9.26669839e-01, 5.90529323e-01, 8.03887239e-01, 7.49674280e-01,        3.38594671e-01, 2.24656696e-01],       [9.32692000e-01, 8.39274858e-01, 7.08732950e-02, 5.47020044e-01,        3.53988866e-04, 7.82330393e-01],       [9.32981135e-01, 8.26883752e-01, 8.84287125e-02, 5.76324624e-01,        5.55111512e-17, 7.41138544e-01],       [9.58347257e-01, 8.00947644e-01, 8.33994132e-02, 6.11407810e-01,        5.55111512e-17, 7.61159684e-01],       [1.19804571e-01, 4.40862133e-01, 6.19980093e-01, 1.19097940e-01,        3.95020538e-01, 3.11782694e-01],       [9.59971110e-01, 8.02220495e-01, 1.15211932e-01, 5.75106795e-01,        5.55111512e-17, 7.41754107e-01],       [9.61838847e-01, 7.94201622e-01, 1.12165253e-01, 5.84571918e-01,        5.55111512e-17, 7.17034537e-01],       [9.71419465e-01, 7.78429959e-01, 8.72162555e-02, 6.20868925e-01,        5.55111512e-17, 7.65509709e-01],       [9.74426757e-01, 6.01514053e-01, 9.60903689e-01, 7.49565931e-01,        3.09859979e-01, 2.36132148e-01],       [9.50073185e-01, 8.17935611e-01, 8.89446358e-02, 6.18591788e-01,        5.55111512e-17, 7.88749255e-01],       [9.36374794e-01, 8.04186371e-01, 1.34675974e-01, 6.03230578e-01,        5.55111512e-17, 7.11400456e-01],       [9.54368677e-01, 7.98708674e-01, 1.00907162e-01, 6.11550318e-01,        5.55111512e-17, 7.63184746e-01],       [1.96504902e-01, 5.39553149e-01, 5.10899402e-01, 3.67264595e-02,        2.20751776e-01, 7.73132174e-01],       [0.00000000e+00, 3.13127383e-01, 7.36255161e-01, 8.24591409e-01,        1.00000000e+00, 0.00000000e+00],       [9.36946525e-01, 8.02736098e-01, 1.53021003e-01, 5.49971582e-01,        5.55111512e-17, 7.21705566e-01],       [4.15764747e-01, 3.23712734e-01, 6.40577394e-01, 8.13534455e-01,        1.00000000e+00, 0.00000000e+00],       [7.64572816e-01, 1.69468341e-01, 3.12802259e-01, 3.98160968e-01,        2.24410764e-01, 1.76960372e-01],       [9.49047389e-01, 7.96895043e-01, 1.18038177e-01, 6.05703888e-01,        5.55111512e-17, 7.52570997e-01],       [9.43646960e-01, 8.16268818e-01, 1.22080124e-01, 5.08799016e-01,        5.55111512e-17, 8.04336259e-01],       [9.30126472e-01, 8.21162538e-01, 9.19125539e-02, 6.89546874e-01,        5.55111512e-17, 7.02584980e-01],       [2.32519986e-01, 1.56051076e-01, 1.33287101e-01, 1.38837268e-01,        5.81038635e-01, 3.23315541e-01],       [9.44320683e-01, 8.42808057e-01, 7.82563832e-02, 5.83819933e-01,        5.55111512e-17, 7.25984811e-01],       [9.27550668e-01, 7.97515781e-01, 1.49426053e-01, 6.26031440e-01,        5.55111512e-17, 7.21525548e-01],       [9.49282274e-01, 7.97559177e-01, 1.15713027e-01, 5.96396512e-01,        5.55111512e-17, 7.41516219e-01],       [7.25253952e-01, 9.48693479e-01, 1.22004517e-01, 8.18628189e-02,        5.25905893e-02, 7.92275845e-01],       [9.43207489e-01, 7.86237708e-01, 1.11872142e-01, 6.43359546e-01,        5.55111512e-17, 7.56379630e-01],       [9.41016508e-01, 8.01062870e-01, 1.13874545e-01, 6.21199454e-01,        5.55111512e-17, 7.23689198e-01],       [9.56629387e-01, 8.13541213e-01, 8.09049724e-02, 5.50739292e-01,        5.55111512e-17, 7.62466931e-01],       [7.37132797e-01, 3.40884771e-01, 1.17967763e-01, 5.22630446e-01,        8.03611167e-01, 6.58728241e-01],       [7.77180956e-01, 1.00000000e+00, 0.00000000e+00, 0.00000000e+00,        1.61266004e-01, 9.27869949e-01],       [7.43135118e-01, 9.10099700e-01, 0.00000000e+00, 0.00000000e+00,        5.55111512e-17, 9.48525112e-01],       [7.20201288e-01, 1.00000000e+00, 1.62330909e-02, 0.00000000e+00,        5.55111512e-17, 9.30375422e-01],       [4.20564526e-01, 5.77083371e-01, 7.27590164e-01, 3.74176901e-01,        7.48711973e-01, 6.53619829e-01],       [7.03678327e-01, 1.00000000e+00, 6.05117188e-03, 0.00000000e+00,        5.55111512e-17, 7.85872838e-01],       [7.41501350e-01, 1.00000000e+00, 5.43041551e-02, 3.91149105e-02,        5.55111512e-17, 7.51942752e-01],       [6.89978198e-01, 9.59163709e-01, 1.87098346e-01, 0.00000000e+00,        5.55111512e-17, 7.55785860e-01],       [4.25611289e-01, 6.03950850e-01, 2.43144132e-01, 1.68875459e-01,        2.50214265e-01, 8.92582408e-01],       [7.09854267e-01, 9.62766232e-01, 1.20234092e-01, 3.99317732e-02,        5.55111512e-17, 8.20515051e-01],       [7.68425955e-01, 9.63566990e-01, 6.57865212e-02, 1.19887050e-01,        5.55111512e-17, 8.37662488e-01],       [7.79047856e-01, 8.92497855e-01, 5.65782511e-02, 9.66245114e-02,        5.55111512e-17, 7.89643675e-01],       [1.61890838e-01, 2.26426545e-01, 3.15945329e-01, 4.39286687e-01,        2.69007303e-01, 8.50604218e-01],       [7.64669119e-01, 9.60502199e-01, 9.47297446e-02, 1.10409995e-01,        5.45767319e-02, 7.79778085e-01],       [7.20872790e-01, 9.25372065e-01, 1.50228109e-01, 9.82541741e-02,        9.90915753e-02, 7.81903859e-01],       [7.30778427e-01, 9.41123891e-01, 1.65576881e-01, 1.24073521e-01,        9.10956583e-02, 7.85679758e-01],       [4.74196418e-01, 7.65184348e-01, 8.51220985e-01, 3.86640230e-01,        4.77653307e-01, 4.39237471e-01],       [7.28504105e-01, 9.30894626e-01, 9.87618665e-02, 6.05330206e-02,        9.26427183e-02, 7.93082384e-01],       [7.30609313e-01, 9.19705057e-01, 1.11780755e-01, 7.15483797e-02,        5.37421573e-02, 8.09330205e-01],       [7.58655995e-01, 9.30190190e-01, 4.96203486e-02, 1.04441055e-01,        2.83875716e-03, 7.84020508e-01],       [4.16766420e-01, 1.60576587e-01, 9.06041658e-01, 4.75987790e-01,        3.69992891e-02, 5.54335909e-01],       [7.13317531e-01, 9.31060389e-01, 1.09163207e-01, 5.80288353e-02,        5.55111512e-17, 7.95945094e-01],       [7.40029215e-01, 9.81212445e-01, 4.65857984e-02, 9.49201106e-02,        5.55111512e-17, 8.09550941e-01],       [7.54816475e-01, 9.46864244e-01, 1.01122930e-01, 7.93854205e-02,        2.83403398e-02, 8.03701169e-01],       [5.57464427e-01, 8.70644927e-01, 7.47068374e-01, 4.96763019e-01,        3.76940338e-01, 4.87952879e-01],       [7.42759734e-01, 9.47678260e-01, 1.30487902e-01, 8.48213940e-02,        8.04072822e-02, 7.80950312e-01],       [7.71126387e-01, 9.33860497e-01, 6.52400150e-02, 7.23137170e-02,        5.55111512e-17, 8.52445389e-01],       [7.54528992e-01, 9.85930537e-01, 7.96919398e-02, 1.88358365e-02,        5.55111512e-17, 8.35852471e-01],       [3.47648178e-01, 9.90121687e-01, 5.71851477e-01, 3.97644588e-01,        5.92427088e-01, 8.38347612e-01],       [7.09455858e-01, 9.46565330e-01, 1.44278327e-01, 6.25186922e-02,        7.44586149e-02, 7.87759769e-01],       [7.21499297e-01, 9.66499802e-01, 1.01713614e-01, 4.17259817e-02,        2.95857801e-02, 7.92866742e-01],       [7.42155676e-01, 9.12293273e-01, 1.38465516e-01, 1.32694538e-01,        2.49924781e-02, 7.70892011e-01],       [9.40510161e-01, 8.47743758e-01, 6.93535023e-01, 7.23789042e-01,        5.69284875e-01, 1.95782217e-01],       [9.36523531e-01, 8.47440750e-01, 1.06317427e-01, 5.18463796e-01,        7.69554317e-03, 7.64190547e-01],       [7.85569746e-01, 9.00098216e-01, 1.93926819e-01, 1.77577247e-01,        7.65837710e-02, 7.81061589e-01],       [8.44374605e-01, 8.62101719e-01, 5.12648809e-02, 1.05342380e-01,        5.55111512e-17, 7.75476420e-01],       [1.19765053e-01, 4.28210070e-01, 4.77591353e-01, 2.86849093e-01,        4.61205066e-01, 5.76437754e-01],       [8.78098784e-01, 1.00000000e+00, 9.30429515e-02, 4.30114220e-01,        5.55111512e-17, 7.18563983e-01]])
all_costs=array([-1.5483372 , -1.4973822 , -1.60545309, -1.51322751, -1.55314197,       -1.5109434 , -1.56528538, -1.51781653, -1.73033708, -1.54118553,       -1.59015091, -1.5388163 , -1.54356207, -1.53645434, -1.5483372 ,       -1.59268099, -1.63162184, -1.56528538, -1.57513769, -1.62105263,       -1.66141079, -1.57513769, -1.63162184, -1.63162184, -1.6641729 ,       -1.67812238, -1.68945148, -1.59015091, -1.62896664, -1.55555556,       -1.59268099, -1.68945148, -1.68945148, -1.65591398, -1.51781653,       -1.57513769, -1.57513769, -1.75460123, -1.70093458, -1.76387665,       -1.58762887, -1.67251462, -1.56773688, -1.47097722, -1.52012149,       -1.4973822 , -1.57762017, -1.71550985, -1.72141015, -1.67531381,       -1.63162184, -1.69230769, -1.70382979, -1.70093458, -1.55314197,       -1.65317919, -1.66972477, -1.75153106, -1.60545309, -1.69230769,       -1.66141079, -1.68660489, -1.54594595, -1.64232978, -1.73333333,       -1.70673487, -1.62632006, -1.52941176, -1.61843169, -1.56773688,       -1.60288231, -1.68094039, -1.70673487, -1.62632006, -1.65045342,       -1.75153106, -1.72437554, -1.74238468, -1.8519889 , -1.6641729 ,       -1.68376787, -1.68376787, -1.70093458, -1.69804919, -1.5801105 ,       -1.4973822 , -1.59015091, -1.5826087 , -1.63963964, -1.65865783,       -1.58762887, -1.66972477, -1.72735116, -1.76077397, -1.55555556,       -1.71845494, -1.75460123, -1.73033708, -1.53645434, -1.68376787,       -1.73633998, -1.66972477, -1.54356207, -1.62896664, -1.62105263,       -1.79874214, -1.52243346, -1.73935708, -1.68945148, -1.70382979,       -1.61843169, -1.63162184, -1.68660489, -1.70093458, -1.60545309,       -1.64232978, -1.72437554, -1.65317919, -1.57762017, -1.63162184])
all_uncers=array([1.e-08, 1.e-08, 1.e-08, 1.e-08, 1.e-08, 1.e-08, 1.e-08, 1.e-08,       1.e-08, 1.e-08, 1.e-08, 1.e-08, 1.e-08, 1.e-08, 1.e-08, 1.e-08,       1.e-08, 1.e-08, 1.e-08, 1.e-08, 1.e-08, 1.e-08, 1.e-08, 1.e-08,       1.e-08, 1.e-08, 1.e-08, 1.e-08, 1.e-08, 1.e-08, 1.e-08, 1.e-08,       1.e-08, 1.e-08, 1.e-08, 1.e-08, 1.e-08, 1.e-08, 1.e-08, 1.e-08,       1.e-08, 1.e-08, 1.e-08, 1.e-08, 1.e-08, 1.e-08, 1.e-08, 1.e-08,       1.e-08, 1.e-08, 1.e-08, 1.e-08, 1.e-08, 1.e-08, 1.e-08, 1.e-08,       1.e-08, 1.e-08, 1.e-08, 1.e-08, 1.e-08, 1.e-08, 1.e-08, 1.e-08,       1.e-08, 1.e-08, 1.e-08, 1.e-08, 1.e-08, 1.e-08, 1.e-08, 1.e-08,       1.e-08, 1.e-08, 1.e-08, 1.e-08, 1.e-08, 1.e-08, 1.e-08, 1.e-08,       1.e-08, 1.e-08, 1.e-08, 1.e-08, 1.e-08, 1.e-08, 1.e-08, 1.e-08,       1.e-08, 1.e-08, 1.e-08, 1.e-08, 1.e-08, 1.e-08, 1.e-08, 1.e-08,       1.e-08, 1.e-08, 1.e-08, 1.e-08, 1.e-08, 1.e-08, 1.e-08, 1.e-08,       1.e-08, 1.e-08, 1.e-08, 1.e-08, 1.e-08, 1.e-08, 1.e-08, 1.e-08,       1.e-08, 1.e-08, 1.e-08, 1.e-08, 1.e-08, 1.e-08, 1.e-08, 1.e-08])
bad_run_indexs=[]
best_cost=-1.8519888991674376
best_params=array([0.72525395, 0.94869348, 0.12200452, 0.08186282, 0.05259059,       0.79227584])
best_index=78
worst_cost=-1.470977222630419
worst_index=43
cost_range=0.3810116765370186
costs_count=120
params_count=90
cost_scaler_init_index=3
net_0={'last_hyperfit': 0, 'last_net_reg': 1e-08, 'regularization_history': [1e-08], 'losses_list': [0.9271758, 0.03776237, 0.021109402, 0.00819001, 0.00043979546, 0.001147623, 0.00019121732, 7.51729e-05, 6.0522798e-05, 3.6318397e-06, 4.394292e-06, 2.0658745e-06, 1.3760009e-06, 9.115265e-07, 6.235409e-07, 5.648345e-07, 5.4888704e-07, 5.390538e-07, 5.3501805e-07, 5.337744e-07, 5.334388e-07, 5.333687e-07, 5.333488e-07, 5.333435e-07, 5.3333974e-07, 5.3333764e-07, 5.33337e-07, 5.333365e-07, 5.3333616e-07, 5.333359e-07, 3.4094872, 0.10512291, 0.06463185, 0.01980115, 0.005540491, 0.0022498732, 0.0005109797, 0.00025729538, 6.123741e-05, 2.9254708e-05, 8.880836e-06, 3.4464372e-06, 1.4207493e-06, 9.4919096e-07, 6.081408e-07, 5.914149e-07, 5.4295316e-07, 5.410644e-07, 1.4558933, 0.2670421, 0.050729066, 0.006478318, 0.0055382894, 0.0016067466, 0.00017053145, 0.00027405392, 7.002085e-05, 1.7458571e-05, 1.1303817e-05, 2.8154132e-06, 1.1697272e-06, 1.0526505e-06, 6.5636215e-07, 5.5319725e-07, 3.101375, 0.9660283, 0.56604487, 0.3116699, 0.076709814, 0.0036328605, 0.009112471, 0.00073178107, 0.00097655895, 4.027961e-05, 0.00010838218, 5.7068255e-06, 1.2430722e-05, 1.2629622e-06, 1.9577299e-06, 6.625611e-07, 7.007567e-07, 5.6143074e-07, 5.63373e-07, 5.4760346e-07, 1.5966653, 0.6946969, 0.49632445, 0.3941935, 0.3778461, 0.6767244, 0.8980968, 0.3651827, 0.22880565, 0.14602382, 0.07390354, 0.04153628, 0.018641578, 0.010732653, 0.005217414, 0.0005096105, 6.461226e-05, 7.744106e-06, 1.8287606e-06, 1.032714e-06, 5.9114535e-07, 5.691658e-07, 0.23265375, 0.094095215, 0.0769921, 0.06879784, 0.059622765, 0.047989566, 0.04520087, 0.029120764, 0.021022111, 0.019317899, 0.006779227, 0.0030494297, 0.0015467076, 0.0017050221, 0.0014166657, 7.636429e-05, 4.836902e-05, 2.5788566e-05, 5.8198046e-05, 4.7423666e-05, 7.5312773e-06, 1.5009886e-06, 1.3187609, 0.24466805, 0.094579786, 0.049237598, 0.022146957, 0.020752193, 0.0035027321, 0.0020301177, 0.000989834, 0.00016546296, 0.00022305861, 3.237464e-05, 1.2376603e-05, 2.6179225e-06, 2.7284377e-06, 8.902278e-06, 0.06928985, 0.087444544, 0.06191178, 0.06414249, 0.057411436, 0.2030058, 0.338995, 0.14144401, 0.05704142, 0.06773843, 0.021336395, 0.016954131, 0.006614221, 0.004945115, 0.0021856744, 0.044314533, 0.263418, 0.016978364, 0.005192609, 0.00438754, 0.0007483946, 0.00018148281, 0.00021422259, 0.00015627983, 1.218126e-05, 3.6521565e-06, 1.7288442e-06, 1.0748483e-06, 1.026526e-06, 7.105193e-07, 0.8068968, 0.0917696, 0.0116877435, 0.0034962082, 0.0003973349, 0.002111677, 0.0001443006, 1.2481554e-05, 8.223131e-06, 2.2622432e-06, 1.1860045e-06, 8.6596833e-07, 7.268803e-07, 6.300464e-07, 0.05051604, 0.20465319, 0.030643253, 0.03936644, 0.40678352, 0.08457958, 0.054127917, 0.031253204, 0.033341404, 0.037465725, 0.021490261, 0.014890016, 0.1730014, 0.10453146, 0.08267212, 0.05350585, 0.03366201, 0.034720484, 0.031547822, 0.011413994, 0.103476934, 0.060397778, 0.023651272, 0.0116932895, 0.010134551, 0.0153180575, 0.01168159, 0.029698774, 0.008759265, 0.0038804326, 0.17077015, 0.15063907, 0.4951778, 0.15490617, 0.0751612, 0.075633, 0.14934166, 0.11143835, 0.107053444, 0.10530464, 0.048292827, 0.036209796, 0.0672056, 0.107141115, 0.04347002, 0.030213272, 0.025121396, 0.06723559, 0.3833082, 0.2879109, 0.23457168, 0.11521444, 0.09035989, 0.10709945, 0.067064874, 0.057160843, 0.8613989, 0.3190792, 0.15471931, 0.1744379, 0.053565286, 0.057789456, 0.46626455, 0.15097173, 0.22085032, 0.08607716, 0.062354337, 0.03360026, 0.029081102, 0.027146937, 0.02316258, 0.021649338, 0.17489398, 0.093717724, 0.078929484, 0.095998615, 0.1340347, 0.16721995, 0.16103286, 0.14083083, 0.21002361, 0.123968214, 0.11292667, 0.06481373, 0.0720605, 0.10036037, 0.21939455, 0.13549764, 0.16076614, 0.10319886, 0.14099672, 0.08417167, 0.05346165, 0.09102531, 0.1796713, 0.1345533, 0.34778494, 0.20121726, 0.14846036, 0.17859696, 0.16398306, 0.09270725, 0.111474365, 0.10811604], 'scaler_samples': (array([[0.7149103 , 0.56654343, 0.86429064, 0.98671991, 0.93480658,        0.2863838 ],       [0.59770279, 0.36579188, 0.99073547, 0.25687015, 0.39153386,        0.71307147],       [0.91772236, 0.74459842, 0.48756192, 0.66758073, 0.00600677,        0.82405554]]), array([-1.5483372 , -1.4973822 , -1.60545309])), 'net': {'saver_path': './M-LOOP_archives/./neural_net_archive_2022-10-23_17-35_kgciUbNR.ckpt'}}
net_1={'last_hyperfit': 0, 'last_net_reg': 1e-08, 'regularization_history': [1e-08], 'losses_list': [0.066349566, 0.049809955, 0.01362151, 0.0023306643, 0.00011306969, 0.00016525334, 0.00022807466, 7.8669655e-05, 9.719417e-07, 1.144668e-05, 2.3957427e-06, 1.2984704e-06, 9.011819e-07, 6.2601265e-07, 5.6377814e-07, 5.5693636e-07, 5.341673e-07, 5.3660216e-07, 5.3451356e-07, 5.3378017e-07, 5.338735e-07, 5.338173e-07, 5.3378056e-07, 5.337823e-07, 5.3377744e-07, 5.3377704e-07, 5.3377704e-07, 5.33777e-07, 5.3377687e-07, 5.337768e-07, 0.36345536, 0.07435228, 0.019162038, 0.0046908665, 0.0027869535, 0.00016237298, 0.0003892267, 7.33369e-05, 1.4882807e-05, 1.6064056e-05, 3.3680526e-06, 1.3767094e-06, 1.210617e-06, 5.9754205e-07, 6.062727e-07, 5.5008445e-07, 0.8670337, 0.116885744, 0.018868279, 0.005905718, 0.0020354106, 0.00078942784, 0.00027859202, 8.8912704e-05, 2.5008307e-05, 9.358242e-06, 3.5305372e-06, 1.30249e-06, 6.6784526e-07, 5.851116e-07, 2.3063307, 0.9622918, 0.35113966, 0.026776152, 0.008347757, 0.0015678714, 0.0014119082, 0.00043120113, 0.00011984451, 4.03672e-05, 1.3231632e-05, 9.477218e-06, 2.6530074e-06, 1.2435926e-06, 8.622692e-07, 6.245745e-07, 5.8708855e-07, 5.593301e-07, 1.0044973, 0.6864458, 0.5166444, 0.39764568, 0.50999296, 0.35282487, 0.2532704, 0.19971977, 0.13042341, 0.14688216, 0.053561173, 0.029246744, 0.034582675, 0.012029681, 0.004832397, 0.0044204877, 0.007584411, 0.0015555202, 0.4932218, 0.09944354, 0.08086683, 0.063835114, 0.059144378, 0.06013614, 0.07382672, 0.041726574, 0.7120802, 0.29829356, 0.2167014, 0.14130637, 0.1187769, 0.07293647, 0.05767363, 0.04999588, 0.07645752, 0.031108651, 0.030767264, 0.017204424, 0.019317567, 0.009107322, 0.0050004604, 0.0029920298, 0.0019725924, 0.0020160046, 0.00094002136, 0.0002862312, 0.0002466845, 6.672534e-05, 0.17059956, 0.12563823, 0.14555283, 0.07227921, 0.51487523, 0.23629084, 0.13960187, 0.16018319, 0.5758307, 0.27574998, 0.23785537, 0.22025754, 0.1081037, 0.07963221, 0.2886737, 0.091756195, 0.038944915, 0.03190266, 0.13427517, 0.38309836, 0.62610096, 0.10213452, 0.06749438, 0.049923055, 0.045281935, 0.042002846, 0.14099044, 0.090540044, 0.09466685, 0.050348014, 0.28097123, 0.10161624, 0.06747317, 0.05329017, 0.047239516, 0.032792244, 0.07762083, 0.060144622, 0.10520302, 0.16686729, 0.32729033, 0.14134412, 0.10749215, 0.09702154, 0.07742945, 0.06405134, 0.052179527, 0.04859244, 0.11654221, 0.056108367, 0.054327086, 0.0446065, 0.057315264, 0.05220106, 0.042418268, 0.020256802, 0.022613876, 0.03090344, 0.14771537, 0.04675674, 0.074495494, 0.044917528, 0.024806306, 0.027332973, 0.4680879, 0.08384934, 0.37929013, 0.18380797, 1.1708168, 0.46160936, 0.22595426, 0.23209925, 0.5603668, 0.2243931, 0.18229301, 0.09855178, 0.10654403, 0.110228896, 0.04167588, 0.04570885, 0.18298882, 0.069579236, 0.07113031, 0.0360316, 0.028791158, 0.035361383, 0.117942035, 0.22567758, 0.32269353, 0.1555434, 0.15279487, 0.10500196, 0.10738572, 0.097359814, 0.06716047, 0.058611523, 0.054138947, 0.04995788, 0.38363454, 0.08927688, 0.28754458, 0.066877656, 0.045978066, 0.08662787, 0.11473388, 0.05021757, 0.037911285, 0.032795746, 0.021713266, 0.03338308, 0.3644333, 0.27556452, 0.18345828, 0.39397174, 0.23825173, 0.15325819, 0.14336397, 0.18584533], 'scaler_samples': (array([[0.7149103 , 0.56654343, 0.86429064, 0.98671991, 0.93480658,        0.2863838 ],       [0.59770279, 0.36579188, 0.99073547, 0.25687015, 0.39153386,        0.71307147],       [0.91772236, 0.74459842, 0.48756192, 0.66758073, 0.00600677,        0.82405554]]), array([-1.5483372 , -1.4973822 , -1.60545309])), 'net': {'saver_path': './M-LOOP_archives/./neural_net_archive_2022-10-23_17-35_dPdW3-o2.ckpt'}}
net_2={'last_hyperfit': 0, 'last_net_reg': 1e-08, 'regularization_history': [1e-08], 'losses_list': [0.36620843, 0.019892998, 0.009199397, 0.0050730743, 0.0023616718, 0.00058181846, 0.00012275742, 3.7046433e-05, 1.9596684e-05, 7.1126597e-06, 2.1445828e-06, 8.074877e-07, 8.0205535e-07, 6.092978e-07, 5.5347095e-07, 5.5853945e-07, 5.460483e-07, 5.4315643e-07, 5.4080533e-07, 5.398899e-07, 5.398937e-07, 5.3987986e-07, 5.398588e-07, 5.398461e-07, 5.398439e-07, 5.3984326e-07, 5.3984286e-07, 5.398428e-07, 5.3984286e-07, 5.398429e-07, 1.1942996, 0.1417688, 0.050832734, 0.008719395, 0.0037594032, 0.0010626386, 0.000494635, 0.0001619041, 3.5112393e-05, 2.0206859e-05, 6.332626e-06, 1.9831652e-06, 1.1926263e-06, 7.1051807e-07, 6.846566e-07, 5.6197115e-07, 1.3904853, 0.08242223, 0.018975975, 0.0040878593, 0.0041647973, 0.0016062337, 0.00052360154, 0.00018633806, 5.217668e-05, 2.3674109e-05, 8.585405e-06, 3.2906585e-06, 1.4999325e-06, 7.0471356e-07, 6.120831e-07, 5.585641e-07, 2.035624, 1.0007898, 0.62266326, 0.33146542, 0.08058577, 0.005552664, 0.007251948, 0.00058739487, 0.00065500796, 0.00010820654, 9.685774e-05, 1.7473258e-05, 8.655401e-06, 2.8560385e-06, 1.8771736e-06, 8.358482e-07, 6.905935e-07, 5.875908e-07, 0.91180813, 0.9276408, 0.7208454, 0.5429815, 0.43601257, 0.36513713, 0.21225831, 0.15116824, 0.685895, 0.3964371, 0.26361203, 0.1516962, 0.07936248, 0.04357301, 0.025096409, 0.01338512, 0.007448326, 0.002231233, 0.0008623767, 0.0005804169, 0.00010188353, 1.1725009e-05, 2.7062002e-05, 2.0009333e-05, 1.1886295e-06, 7.7041386e-07, 5.9182923e-07, 5.7022555e-07, 0.47025782, 0.09950092, 0.074954234, 0.06580828, 0.05452369, 0.047491696, 0.040851746, 0.03648968, 0.02864927, 0.014570849, 0.009060593, 0.0045967284, 0.0031053862, 0.0014122485, 0.9344111, 0.22092018, 0.11884496, 0.0852481, 0.049676895, 0.033442568, 0.022411993, 0.013771308, 0.008067665, 0.0038581504, 0.0015320542, 0.06253728, 0.25454825, 0.2728614, 0.17041562, 0.1398065, 0.107563585, 0.17653555, 0.08548782, 0.0780265, 0.33700743, 0.18576291, 0.09243775, 0.081161864, 0.052479427, 0.03479764, 0.57729405, 0.1057727, 0.05930943, 0.058455992, 0.70747876, 0.035554107, 0.016667765, 0.009927867, 0.008241797, 0.005451893, 0.012671028, 0.006957983, 0.20949942, 0.36368462, 0.11845281, 0.04369144, 0.35673112, 0.07184262, 0.03586841, 0.04993804, 0.034718633, 0.042767067, 0.089802556, 0.03409305, 0.026761308, 0.02418954, 0.10172591, 0.068716966, 0.06940891, 0.02942566, 0.019237377, 0.013938444, 0.011596783, 0.010076648, 0.3344626, 0.19585533, 0.31041032, 0.16666642, 0.11118484, 0.13569266, 0.07191548, 0.11144717, 0.20886864, 0.08799043, 0.071015604, 0.08104965, 0.14674664, 0.07270538, 0.054661557, 0.049840774, 0.4576358, 0.16507086, 0.12955977, 0.112879686, 0.74787545, 0.28756002, 0.3010349, 0.13415463, 0.28322503, 0.073364414, 0.060552213, 0.063139245, 0.37282926, 0.18543902, 0.12985241, 0.069199756, 0.057740178, 0.050505217, 0.25663504, 0.182934, 0.06753929, 0.09445435, 0.047136296, 0.071319275, 0.15636322, 0.11136023, 0.20270771, 0.14727683, 0.08798452, 0.1503075, 0.13592352, 0.25625673, 0.09034425, 0.093059495, 0.16939302, 0.08777178, 0.115741715, 0.052843384, 0.042974845, 0.037929732, 0.02276094, 0.07613295, 0.16216627, 0.21936077], 'scaler_samples': (array([[0.7149103 , 0.56654343, 0.86429064, 0.98671991, 0.93480658,        0.2863838 ],       [0.59770279, 0.36579188, 0.99073547, 0.25687015, 0.39153386,        0.71307147],       [0.91772236, 0.74459842, 0.48756192, 0.66758073, 0.00600677,        0.82405554]]), array([-1.5483372 , -1.4973822 , -1.60545309])), 'net': {'saver_path': './M-LOOP_archives/./neural_net_archive_2022-10-23_17-35_wY6LYAXT.ckpt'}}
