mloop_version='3.3.1'
archive_type='neural_net_learner'
num_params=2
min_boundary=array([0., 0.])
max_boundary=array([1., 1.])
start_datetime='2022-10-23_02-12'
param_names=['', '']
search_precision=1e-06
parameter_searches=10
bad_uncer_frac=0.1
trust_region=nan
has_trust_region=False
predict_global_minima_at_end=True
generation_num=3
update_hyperparameters=False
predicted_best_parameters=array([0.8086317 , 0.16461802])
predicted_best_scaled_cost=-2.906231
predicted_best_cost=-1.6359414799961058
all_params=array([[0.57275935, 0.02715631],       [0.73097546, 0.44529532],       [0.25322938, 0.92144414],       [1.        , 0.03848767],       [0.41965943, 1.        ],       [0.        , 1.        ],       [0.50710908, 0.13363697],       [0.32501936, 0.81888411],       [0.27647208, 0.85980869],       [0.26731667, 0.91669426],       [0.37390606, 0.01265776],       [0.3878753 , 0.74671256],       [0.2908714 , 1.        ],       [0.37556936, 0.80460511],       [0.87954053, 0.11843927],       [0.32741367, 0.82344917],       [0.49290193, 0.1680276 ],       [0.33372154, 0.82248542],       [0.32095992, 0.63672402],       [0.477804  , 0.23867312],       [0.47708121, 0.21700658],       [0.46625204, 0.27836118],       [0.30718266, 0.32478723],       [0.79082313, 0.17543749],       [0.49898212, 0.16131766],       [0.81216941, 0.18070673],       [0.16768457, 0.80955798],       [0.80371886, 0.22298057],       [0.80434146, 0.23938339],       [0.80771868, 0.23597957],       [0.37441513, 0.62901001],       [0.14227394, 0.78681167],       [0.17550677, 0.75200794],       [0.13692751, 0.69066617],       [0.47691536, 0.16303882],       [0.49328659, 0.16496123],       [0.49426885, 0.16274377],       [0.11004967, 0.70417463],       [0.81099341, 0.7433911 ],       [0.83815277, 0.16423708],       [0.84712198, 0.10355779],       [0.82330494, 0.11435694],       [0.28832486, 0.0386776 ],       [0.16785195, 0.81756213],       [0.17309264, 0.84931418],       [0.53563167, 0.22253676],       [0.94862845, 0.74071332],       [0.17758297, 0.80984865],       [0.15993799, 0.8385524 ],       [0.16392322, 0.83492051],       [0.61392335, 0.36113205],       [0.18091104, 0.64441637],       [0.1845305 , 0.79793206],       [1.        , 1.        ],       [0.00409882, 0.21594612],       [0.14796958, 0.81475567],       [0.15107904, 0.81889743],       [0.15004621, 0.55855515],       [0.41186126, 0.16732384],       [0.15761088, 0.82017806],       [0.16169789, 0.81646375],       [0.16491666, 0.81241562],       [0.95992806, 0.23312391],       [0.18935869, 0.6736349 ],       [0.1724161 , 0.80410768],       [0.40466319, 0.21105406],       [0.07387078, 0.49680135],       [0.78789229, 0.12828954],       [0.81245299, 0.        ],       [0.16861364, 0.81848794],       [0.11142277, 0.62031365],       [0.81807466, 0.1822726 ],       [0.8153324 , 0.17037673],       [0.16282172, 0.81889772],       [0.51748591, 0.2103569 ],       [0.15548353, 0.81826078],       [0.80965744, 0.16459585],       [0.16540749, 0.81266424],       [0.1240895 , 0.36197758],       [0.39384151, 0.15524785],       [0.13906895, 0.64739603],       [0.81630056, 0.16267144],       [0.52994877, 0.61598879],       [0.16552597, 0.81772197],       [0.47707638, 0.43230263],       [0.81375783, 0.16940962],       [0.28865353, 0.29686989],       [0.16575768, 0.81599722],       [0.43221798, 0.17371555],       [0.43244171, 0.1965992 ],       [0.83858928, 0.15408747],       [0.81179835, 0.16884588],       [0.62012534, 0.43086202],       [0.81239816, 0.16924665],       [0.12480011, 0.18393543],       [0.81495143, 0.16717588],       [0.31392836, 0.53888577],       [0.81669624, 0.13619705],       [0.72172578, 0.96432034],       [0.81247664, 0.16689187],       [0.81541098, 0.15051556],       [0.1662293 , 0.8193926 ],       [0.25420109, 0.10076903],       [0.82038516, 0.15121429],       [0.16151723, 0.81104062],       [0.8068987 , 0.16355652],       [0.74569096, 0.46911466],       [0.17091773, 0.80781966],       [0.16442404, 0.8086442 ],       [0.16571267, 0.81089225],       [0.96062973, 0.62303257],       [0.81700516, 0.13566153],       [0.51070396, 0.18490313],       [0.16252117, 0.81203394],       [0.3777799 , 0.98124068],       [0.82725145, 0.12283898],       [0.79239787, 0.16624683],       [0.80757604, 0.16133266],       [0.70204509, 0.01630335],       [0.81734507, 0.1437698 ]])
all_costs=array([-1.38738739, -1.48406227, -1.52707857, -1.42288557, -1.38546713,       -1.35728814, -1.5109434 , -1.55555556, -1.46024799, -1.5317521 ,       -1.44967415, -1.408867  , -1.46452085, -1.4168436 , -1.54594595,       -1.39318024, -1.60803213, -1.48847584, -1.55555556, -1.45177665,       -1.52707857, -1.51551855, -1.38164251, -1.55314197, -1.63162184,       -1.65591398, -1.69517358, -1.4581209 , -1.42086586, -1.52707857,       -1.42694227, -1.48626578, -1.46881878, -1.62896664, -1.49962547,       -1.44757773, -1.55555556, -1.54118553, -1.55555556, -1.57762017,       -1.52012149, -1.62632006, -1.45388526, -1.68945148, -1.5604053 ,       -1.43718593, -1.55555556, -1.60545309, -1.56284153, -1.55555556,       -1.55797665, -1.60031974, -1.5483372 , -1.33377748, -1.5483372 ,       -1.58762887, -1.62632006, -1.45177665, -1.61581921, -1.49514563,       -1.64232978, -1.69230769, -1.40491228, -1.51322751, -1.46881878,       -1.52012149, -1.35913103, -1.50187547, -1.4973822 , -1.6369583 ,       -1.60803213, -1.53409962, -1.64232978, -1.60288231, -1.60545309,       -1.62896664, -1.64232978, -1.6641729 , -1.52475248, -1.52012149,       -1.51551855, -1.61843169, -1.52707857, -1.59776536, -1.37594502,       -1.63428571, -1.42288557, -1.61581921, -1.43925234, -1.4973822 ,       -1.55073586, -1.65865783, -1.60031974, -1.65591398, -1.54118553,       -1.6369583 , -1.48186528, -1.65865783, -1.49514563, -1.58762887,       -1.65591398, -1.57513769, -1.5801105 , -1.57513769, -1.69517358,       -1.56284153, -1.41284404, -1.52707857, -1.50413223, -1.71845494,       -1.52475248, -1.6369583 , -1.5604053 , -1.6369583 , -1.50413223,       -1.59521912, -1.54356207, -1.6641729 , -1.51781653, -1.572663  ])
all_uncers=array([1.e-08, 1.e-08, 1.e-08, 1.e-08, 1.e-08, 1.e-08, 1.e-08, 1.e-08,       1.e-08, 1.e-08, 1.e-08, 1.e-08, 1.e-08, 1.e-08, 1.e-08, 1.e-08,       1.e-08, 1.e-08, 1.e-08, 1.e-08, 1.e-08, 1.e-08, 1.e-08, 1.e-08,       1.e-08, 1.e-08, 1.e-08, 1.e-08, 1.e-08, 1.e-08, 1.e-08, 1.e-08,       1.e-08, 1.e-08, 1.e-08, 1.e-08, 1.e-08, 1.e-08, 1.e-08, 1.e-08,       1.e-08, 1.e-08, 1.e-08, 1.e-08, 1.e-08, 1.e-08, 1.e-08, 1.e-08,       1.e-08, 1.e-08, 1.e-08, 1.e-08, 1.e-08, 1.e-08, 1.e-08, 1.e-08,       1.e-08, 1.e-08, 1.e-08, 1.e-08, 1.e-08, 1.e-08, 1.e-08, 1.e-08,       1.e-08, 1.e-08, 1.e-08, 1.e-08, 1.e-08, 1.e-08, 1.e-08, 1.e-08,       1.e-08, 1.e-08, 1.e-08, 1.e-08, 1.e-08, 1.e-08, 1.e-08, 1.e-08,       1.e-08, 1.e-08, 1.e-08, 1.e-08, 1.e-08, 1.e-08, 1.e-08, 1.e-08,       1.e-08, 1.e-08, 1.e-08, 1.e-08, 1.e-08, 1.e-08, 1.e-08, 1.e-08,       1.e-08, 1.e-08, 1.e-08, 1.e-08, 1.e-08, 1.e-08, 1.e-08, 1.e-08,       1.e-08, 1.e-08, 1.e-08, 1.e-08, 1.e-08, 1.e-08, 1.e-08, 1.e-08,       1.e-08, 1.e-08, 1.e-08, 1.e-08, 1.e-08, 1.e-08, 1.e-08, 1.e-08])
bad_run_indexs=[]
best_cost=-1.718454935622318
best_params=array([0.16571267, 0.81089225])
best_index=109
worst_cost=-1.3337774816788808
worst_index=53
cost_range=0.3846774539434372
costs_count=120
params_count=91
cost_scaler_init_index=3
net_0={'last_hyperfit': 0, 'last_net_reg': 1e-08, 'regularization_history': [1e-08], 'losses_list': [0.103608504, 0.07621578, 0.014812098, 0.0013736661, 0.00012088448, 0.0006002053, 0.00040472625, 3.632073e-05, 1.7225955e-05, 1.8042554e-05, 6.7955534e-07, 2.9644864e-06, 5.376193e-07, 8.157785e-07, 5.503869e-07, 5.4004056e-07, 5.364313e-07, 5.2373895e-07, 5.239456e-07, 5.238836e-07, 5.2340647e-07, 5.2328846e-07, 5.233056e-07, 5.2329e-07, 5.2329017e-07, 5.232886e-07, 5.2328846e-07, 5.232881e-07, 5.232882e-07, 5.2328807e-07, 1.6839595, 0.20484002, 0.039397474, 0.015511418, 0.0020755033, 0.0017358197, 0.00062714174, 0.00019778498, 9.641583e-05, 2.2084003e-05, 1.2002792e-05, 3.912849e-06, 1.6539194e-06, 5.988379e-07, 6.5878794e-07, 5.572852e-07, 0.49070436, 0.24317995, 0.13050134, 0.07222922, 0.05233898, 0.028630016, 0.015316956, 0.021752294, 0.011586755, 0.008557149, 0.0064034387, 0.0055282074, 0.004693776, 0.003999894, 0.0034246556, 0.0029195796, 0.00247246, 0.0020764775, 0.0017294211, 0.0014283031, 0.0011704128, 0.0009519229, 0.00076856435, 0.0006160094, 0.000490121, 0.00038708476, 0.00030342603, 0.00023604937, 0.00018225907, 0.00013968922, 0.00010627836, 8.029995e-05, 9.1870585e-05, 0.0010702349, 1.5363386, 0.3334031, 0.17018005, 0.11654302, 0.059262138, 0.026513813, 0.011279352, 0.0077182967, 0.005191726, 0.003911745, 0.0029925734, 0.0022897292, 0.0017581698, 0.0013536074, 0.0010376994, 0.00079402415, 0.00060602, 0.00046191283, 0.00035162587, 0.0002674987, 0.0002034542, 0.00015472781, 0.000117667674, 8.948343e-05, 6.804865e-05, 5.1743995e-05, 3.9342995e-05, 2.9918352e-05, 2.2754397e-05, 1.7314325e-05, 1.3187179e-05, 1.0061316e-05, 7.696025e-06, 5.9074196e-06, 4.559538e-06, 3.5442492e-06, 2.7810536e-06, 2.209059e-06, 1.7794946e-06, 1.4597628e-06, 1.2209562e-06, 1.043393e-06, 9.118417e-07, 8.145613e-07, 0.64144367, 0.9423293, 0.52858144, 0.52221555, 0.36480758, 0.3904807, 1.4664029, 0.4251803, 0.36103445, 0.32263878, 0.5388801, 0.35099927, 0.31288734, 0.29163212, 1.5370969, 0.7251619, 0.35248792, 0.3214957, 0.29420036, 0.27514878, 0.73617077, 0.722959, 0.6844888, 0.78521645, 0.9078305, 0.6769061, 0.6212014, 0.5946347, 0.67895097, 0.5131364, 0.4535126, 0.40844887, 0.47607875, 0.35257038, 0.3285709, 0.3257581, 0.4307128, 0.7231425, 0.8781043, 0.4791759, 0.4069726, 0.3772808, 0.46610552, 0.35496685, 0.33876944, 0.32773414, 0.58358127, 0.45401046, 0.4141228, 0.40546873, 0.53262955, 0.6127298, 0.7320298, 0.48608208, 0.46390763, 0.56298625, 0.5228182, 0.48686406, 0.51782316, 0.46276322, 0.5503895, 0.81672484, 0.7006892, 0.47875392, 0.4438243, 0.43780163, 0.90961707, 0.53472424, 0.48866713, 0.46531922, 0.41689685, 0.49895963, 0.49636284, 0.42703822, 0.39056045, 0.36430416, 0.48393145, 0.39455292, 0.39175993, 0.40352416, 0.44111758, 0.42892998, 0.43765625, 0.4671484, 0.60776484, 0.48682502, 0.42822835, 0.570063, 0.51584035, 0.43051782], 'scaler_samples': (array([[0.57275935, 0.02715631],       [0.73097546, 0.44529532],       [0.25322938, 0.92144414]]), array([-1.38738739, -1.48406227, -1.52707857])), 'net': {'saver_path': './M-LOOP_archives/./neural_net_archive_2022-10-23_02-12_jUPEYG7Z.ckpt'}}
net_1={'last_hyperfit': 0, 'last_net_reg': 1e-08, 'regularization_history': [1e-08], 'losses_list': [0.12775981, 0.0070231287, 0.008535125, 0.0004154651, 0.0011526558, 3.1413107e-05, 0.00018737931, 6.2576255e-05, 1.7061073e-05, 7.6017536e-06, 3.0428298e-06, 1.9149948e-06, 1.0960066e-06, 6.2827087e-07, 5.7536414e-07, 5.313308e-07, 5.1434927e-07, 5.105812e-07, 5.0821154e-07, 5.08257e-07, 5.081425e-07, 5.081179e-07, 5.080845e-07, 5.0807955e-07, 5.0807597e-07, 5.0807574e-07, 5.080756e-07, 5.0807523e-07, 5.080752e-07, 5.080751e-07, 1.0917311, 0.0963873, 0.022848997, 0.008364406, 0.0039013093, 0.0014306324, 0.0004646641, 0.00014844057, 7.383871e-05, 3.1590727e-05, 1.2231857e-05, 3.5900575e-06, 1.2249068e-06, 6.5557134e-07, 5.7120985e-07, 5.260951e-07, 0.4536013, 0.18442692, 0.13014612, 0.10268605, 0.07237067, 0.043936588, 0.023122782, 0.019709585, 0.017255124, 0.013919403, 1.9550902, 0.34089008, 0.23892602, 0.20404947, 0.18615484, 0.16977397, 0.5964453, 0.5890429, 0.4257488, 0.86685985, 0.91528344, 0.50272214, 0.41673794, 0.38534302, 0.58177096, 0.40260297, 0.36135435, 0.33647537, 1.4014333, 0.7359603, 0.5321681, 0.4231213, 0.3748481, 0.35768482, 0.8787241, 0.94401056, 1.1624827, 0.9105351, 0.9961142, 0.74318206, 0.7061846, 0.6886193, 0.7294797, 0.65016586, 0.7387702, 0.63751054, 0.5824687, 0.5332625, 0.511269, 0.6537066, 1.0471952, 0.48319796, 0.41111827, 0.4182249, 0.52591944, 0.36598647, 0.33358008, 0.33478934, 0.57545924, 0.41733056, 0.39129567, 0.38752165, 0.5265655, 0.7558027, 0.92291147, 0.6109289, 0.54407257, 0.5251706, 0.51422316, 0.49265498, 0.47860283, 0.45348984, 0.5408787, 0.5518212, 0.7456302, 0.42467523, 0.43099514, 0.4072971, 0.5196147, 0.42429653, 0.4225287, 0.4109701, 0.39606038, 0.38502038, 0.38954708, 0.48721248, 0.40297145, 0.37652835, 0.4163882, 0.3827013, 0.45712483, 0.46101844, 0.44537398, 0.6784396, 0.5467405, 0.52388173], 'scaler_samples': (array([[0.57275935, 0.02715631],       [0.73097546, 0.44529532],       [0.25322938, 0.92144414]]), array([-1.38738739, -1.48406227, -1.52707857])), 'net': {'saver_path': './M-LOOP_archives/./neural_net_archive_2022-10-23_02-12_MkTHdtSH.ckpt'}}
net_2={'last_hyperfit': 0, 'last_net_reg': 1e-08, 'regularization_history': [1e-08], 'losses_list': [1.350307, 0.097328655, 0.017065203, 0.008382313, 0.004705259, 0.0003279221, 0.00025632328, 0.00019083808, 6.540931e-05, 3.914449e-05, 1.6333286e-05, 3.3268086e-06, 1.6865725e-06, 1.2707428e-06, 6.7586257e-07, 6.226393e-07, 5.7647304e-07, 5.4278973e-07, 5.429219e-07, 5.383252e-07, 5.3816575e-07, 5.3771464e-07, 5.3775693e-07, 5.377155e-07, 5.377011e-07, 5.376993e-07, 5.3769816e-07, 5.376979e-07, 5.376979e-07, 5.376978e-07, 1.8041176, 0.39557606, 0.058434784, 0.016421253, 0.0068615847, 0.0013324508, 0.00073462224, 0.00022078613, 8.2220344e-05, 4.618103e-05, 6.092919e-06, 4.801188e-06, 1.6925562e-06, 7.8957197e-07, 6.8842786e-07, 5.536714e-07, 5.52768e-07, 5.52232e-07, 0.51109016, 0.25202426, 0.14278209, 0.11495783, 0.09310213, 0.07291414, 0.04897483, 0.027019674, 0.026180299, 0.015055324, 0.01041113, 0.009445095, 0.008511087, 0.007438016, 0.006448995, 0.0055216253, 0.004647303, 0.0038467706, 0.003145824, 0.002538395, 0.0020276525, 0.017891785, 1.6304586, 0.26565316, 0.16278782, 0.11533193, 0.0853589, 0.064487115, 0.04639585, 0.031999413, 0.022144776, 0.015700553, 0.011239226, 0.008459462, 0.0066915797, 0.005515373, 0.004647074, 0.003988278, 0.0034625041, 0.0030176148, 0.002633959, 0.0022968403, 0.0019980636, 0.0017322326, 0.0014957471, 0.0012859592, 0.0011008609, 0.00093855447, 0.00079723157, 0.0006750581, 0.0005700729, 0.0004803999, 0.00040409766, 0.00033942275, 0.00028472586, 0.0002385625, 0.00019967699, 0.00016694835, 0.00013944597, 0.0001163518, 9.6985845e-05, 8.0762155e-05, 6.717933e-05, 5.5822773e-05, 4.634738e-05, 3.843848e-05, 3.1852138e-05, 2.6375817e-05, 2.1828266e-05, 1.8053677e-05, 1.4928903e-05, 1.2343657e-05, 1.0207561e-05, 8.447451e-06, 6.9989733e-06, 5.8078526e-06, 4.8302745e-06, 4.02868e-06, 3.3732501e-06, 2.838014e-06, 2.4018166e-06, 2.0460086e-06, 1.7571633e-06, 1.5232133e-06, 1.3342099e-06, 1.1801216e-06, 1.056771e-06, 9.56446e-07, 0.8187169, 1.5797858, 1.1773757, 0.5245258, 0.42039642, 0.35864124, 0.48932758, 0.37471652, 0.34871644, 0.3751206, 1.7574322, 0.6134491, 0.38305673, 0.3244689, 0.2894338, 0.27326944, 0.73715067, 0.8722181, 1.1654706, 0.88495386, 0.7693807, 0.7639023, 0.7417086, 0.6697156, 0.8474389, 0.72626567, 0.64588886, 0.93349385, 0.9730071, 0.6222778, 0.5724385, 0.54924357, 0.7268646, 0.56105447, 0.5297331, 0.5131961, 0.6514041, 0.5868766, 0.53840435, 0.43911397, 0.40897915, 0.38884452, 0.56795615, 0.7633213, 0.7812126, 0.5007857, 0.4723093, 0.45053944, 0.46602514, 0.4139576, 0.43186083, 0.41748914, 0.42694175, 0.52188116, 0.5079402, 0.3798947, 0.4943312, 0.4069855, 0.3733089, 0.35267937, 0.32725927, 0.3432449, 0.4110464, 0.4804866, 0.44682986, 0.34099603, 0.32491174, 0.34438783, 0.40642786, 0.34470624, 0.42135382, 0.38939607, 0.38449734, 0.44820464, 0.5622732, 0.39657003, 0.39200318, 0.38018242], 'scaler_samples': (array([[0.57275935, 0.02715631],       [0.73097546, 0.44529532],       [0.25322938, 0.92144414]]), array([-1.38738739, -1.48406227, -1.52707857])), 'net': {'saver_path': './M-LOOP_archives/./neural_net_archive_2022-10-23_02-12_AIn8eA2V.ckpt'}}
