mloop_version='3.3.1'
archive_type='neural_net_learner'
num_params=2
min_boundary=array([0., 0.])
max_boundary=array([1., 1.])
start_datetime='2022-10-23_14-14'
param_names=['', '']
search_precision=1e-06
parameter_searches=10
bad_uncer_frac=0.1
trust_region=nan
has_trust_region=False
predict_global_minima_at_end=True
generation_num=3
update_hyperparameters=False
predicted_best_parameters=array([0.6201918 , 0.83929809])
predicted_best_scaled_cost=-1.6213864
predicted_best_cost=-4.038616982389637
all_params=array([[0.20796436, 0.86949499],       [0.5888174 , 0.70652883],       [0.61948835, 0.98029358],       [0.59305918, 1.        ],       [0.66278723, 1.        ],       [1.        , 1.        ],       [0.50696837, 0.35203123],       [0.63796706, 0.92555513],       [0.60204785, 0.93088764],       [0.59461518, 0.95140694],       [0.39162299, 0.88024448],       [0.        , 0.30245299],       [0.        , 0.        ],       [0.61817327, 0.94705426],       [0.40147418, 0.9421359 ],       [0.58861691, 0.86179121],       [0.62046557, 0.92005777],       [0.61791985, 1.        ],       [0.05789524, 0.84312701],       [0.62305463, 0.95958557],       [0.58516363, 0.86977649],       [1.        , 0.        ],       [0.38572477, 0.56727682],       [0.61699734, 0.96976541],       [0.61991166, 0.9756276 ],       [0.61807442, 0.97048347],       [0.55747175, 0.81290893],       [0.39014295, 0.57836128],       [0.38207577, 0.58259819],       [0.37984202, 0.56596767],       [0.32391567, 0.00800711],       [0.62779289, 0.80409778],       [0.61278991, 0.95294779],       [0.61339703, 0.82329878],       [0.7319525 , 0.63816187],       [0.60939265, 0.82564234],       [0.63747976, 0.83409765],       [0.59231194, 0.83576674],       [0.99275391, 0.4921443 ],       [0.65821962, 0.84983134],       [0.66196862, 0.8378023 ],       [0.63204117, 0.84100777],       [0.7979867 , 0.77361515],       [0.6370409 , 0.84906258],       [0.61591937, 0.84174346],       [0.61436551, 0.84861051],       [0.30717349, 0.89781255],       [0.61590769, 0.83849202],       [0.61192402, 0.83910809],       [0.61286828, 0.84793835],       [0.2194625 , 0.01427177],       [0.61864531, 0.8440702 ],       [0.60848513, 0.84894744],       [0.61754343, 0.84641871],       [0.57577036, 0.19580916],       [0.61640566, 0.84480253],       [0.61602922, 0.84443206],       [0.62169245, 0.83648309],       [0.53793892, 0.21330219],       [0.61743991, 0.84682134],       [0.61692697, 0.84963786],       [0.62182799, 0.84001589],       [0.17741992, 0.51000937],       [0.61605159, 0.84609001],       [0.61351136, 0.85262607],       [0.6208552 , 0.83793899],       [0.84980001, 0.27588441],       [0.61829072, 0.84286741],       [0.61970599, 0.85038074],       [0.61311739, 0.83852085],       [0.65346897, 0.41391045],       [0.61020057, 0.83609881],       [0.62020291, 0.83715493],       [0.62197354, 0.83160217],       [0.88551718, 0.30957733],       [0.6035971 , 0.83572253],       [0.61612178, 0.83586095],       [0.61297063, 0.83598152],       [0.68219132, 0.75460851],       [0.65515124, 0.40295105],       [0.70567422, 0.4541315 ],       [0.67205844, 0.29862316],       [0.99554712, 0.58999069],       [0.61254919, 0.83625086],       [0.62075434, 0.8358019 ],       [0.49370067, 0.79735649],       [0.00375747, 0.99745336],       [0.61437991, 0.83342577],       [0.627076  , 0.8300505 ],       [0.62133493, 0.83638134],       [0.35484899, 0.97117486],       [0.89031462, 0.32538351],       [0.61407704, 0.83926072],       [0.61282958, 0.84031718],       [0.86858366, 0.30271491],       [0.61369913, 0.83825677],       [0.61591451, 0.83863419],       [0.60871284, 0.84467974],       [0.76835332, 0.17058419],       [0.62069739, 0.83794923],       [0.61778824, 0.84331627],       [0.60761931, 0.84294202],       [0.35208519, 0.94944129],       [0.7779923 , 0.        ],       [0.68806133, 0.03162141],       [0.85195159, 0.        ],       [0.31933452, 0.35819443],       [0.62421808, 0.83928642],       [0.61924661, 0.84099847],       [0.61416369, 0.84356164],       [0.35382091, 0.72856228],       [0.61713999, 0.84407014],       [0.77203267, 0.23801359],       [0.36951098, 1.        ],       [0.80529915, 0.55068741],       [0.6143767 , 0.83374655],       [0.61187743, 0.83866189],       [0.62022586, 0.83645318],       [0.33786937, 0.59153311],       [0.61735852, 0.84007611]])
all_costs=array([-3.36470588, -3.13302034, -3.94871795, -3.11353033, -3.26590538,       -2.8723099 , -3.45768566, -3.74205607, -3.93320236, -3.29818781,       -3.36470588, -3.04718417, -3.0942813 , -3.88737864, -3.4938918 ,       -3.87234043, -3.4938918 , -3.75609756, -3.48173913, -3.71428571,       -3.19298246, -2.88057554, -3.88737864, -3.82791587, -3.43396226,       -3.75609756, -3.84261036, -3.29818781, -3.39898132, -3.74205607,       -3.03793627, -3.70055453, -3.77024482, -4.07739308, -3.45768566,       -3.84261036, -3.98011928, -3.72811918, -3.17274168, -3.85741811,       -3.77024482, -4.30537634, -3.45768566, -3.68692449, -3.87234043,       -4.07739308, -3.11353033, -4.62355658, -3.70055453, -4.16216216,       -3.43396226, -3.84261036, -3.94871795, -4.23255814, -3.75609756,       -3.88737864, -4.17954071, -3.6733945 , -3.75609756, -3.79886148,       -3.93320236, -3.74205607, -3.41056218, -3.81333333, -3.94871795,       -4.41942605, -3.64663024, -4.01202405, -3.5308642 , -4.19706499,       -4.23255814, -4.30537634, -3.55595027, -3.82791587, -4.06085193,       -3.54336283, -4.30537634, -4.2869379 , -3.85741811, -3.13302034,       -3.41056218, -3.45768566, -3.54336283, -4.04444444, -4.34273319,       -3.30909091, -3.0942813 , -3.60720721, -3.54336283, -4.02816901,       -3.74205607, -3.08474576, -3.87234043, -3.85741811, -3.48173913,       -4.16216216, -3.96435644, -3.78449905, -4.66666667, -3.99600798,       -4.4787472 , -3.65996344, -3.02874433, -3.21348315, -3.58139535,       -3.11353033, -3.10387597, -3.55595027, -4.68852459, -3.88737864,       -3.34223706, -3.74205607, -3.12324493, -3.11353033, -3.82791587,       -4.04444444, -4.01202405, -3.72811918, -3.58139535, -3.87234043])
all_uncers=array([1.e-08, 1.e-08, 1.e-08, 1.e-08, 1.e-08, 1.e-08, 1.e-08, 1.e-08,       1.e-08, 1.e-08, 1.e-08, 1.e-08, 1.e-08, 1.e-08, 1.e-08, 1.e-08,       1.e-08, 1.e-08, 1.e-08, 1.e-08, 1.e-08, 1.e-08, 1.e-08, 1.e-08,       1.e-08, 1.e-08, 1.e-08, 1.e-08, 1.e-08, 1.e-08, 1.e-08, 1.e-08,       1.e-08, 1.e-08, 1.e-08, 1.e-08, 1.e-08, 1.e-08, 1.e-08, 1.e-08,       1.e-08, 1.e-08, 1.e-08, 1.e-08, 1.e-08, 1.e-08, 1.e-08, 1.e-08,       1.e-08, 1.e-08, 1.e-08, 1.e-08, 1.e-08, 1.e-08, 1.e-08, 1.e-08,       1.e-08, 1.e-08, 1.e-08, 1.e-08, 1.e-08, 1.e-08, 1.e-08, 1.e-08,       1.e-08, 1.e-08, 1.e-08, 1.e-08, 1.e-08, 1.e-08, 1.e-08, 1.e-08,       1.e-08, 1.e-08, 1.e-08, 1.e-08, 1.e-08, 1.e-08, 1.e-08, 1.e-08,       1.e-08, 1.e-08, 1.e-08, 1.e-08, 1.e-08, 1.e-08, 1.e-08, 1.e-08,       1.e-08, 1.e-08, 1.e-08, 1.e-08, 1.e-08, 1.e-08, 1.e-08, 1.e-08,       1.e-08, 1.e-08, 1.e-08, 1.e-08, 1.e-08, 1.e-08, 1.e-08, 1.e-08,       1.e-08, 1.e-08, 1.e-08, 1.e-08, 1.e-08, 1.e-08, 1.e-08, 1.e-08,       1.e-08, 1.e-08, 1.e-08, 1.e-08, 1.e-08, 1.e-08, 1.e-08, 1.e-08])
bad_run_indexs=[]
best_cost=-4.688524590163936
best_params=array([0.61924661, 0.84099847])
best_index=108
worst_cost=-2.8723098995695846
worst_index=5
cost_range=1.816214690594351
costs_count=120
params_count=91
cost_scaler_init_index=3
net_0={'last_hyperfit': 0, 'last_net_reg': 1e-08, 'regularization_history': [1e-08], 'losses_list': [1.0642842, 0.14027956, 0.036120508, 0.0019847841, 0.003842216, 0.0014266205, 5.466399e-05, 9.0189074e-05, 8.014699e-05, 2.64112e-05, 6.305816e-06, 9.022213e-07, 8.717793e-07, 7.1747195e-07, 6.791671e-07, 5.899655e-07, 5.5305117e-07, 5.3904245e-07, 5.3415346e-07, 5.324731e-07, 5.319857e-07, 5.317437e-07, 5.316919e-07, 5.3166815e-07, 5.3165996e-07, 5.3165894e-07, 5.3165894e-07, 5.3165877e-07, 5.316587e-07, 5.316586e-07, 1.3074898, 0.56344736, 0.45938426, 0.27363563, 0.11036134, 0.014220765, 0.0056541064, 0.0014609664, 0.0008123601, 0.0006472325, 0.00030984406, 0.00013938706, 3.9792427e-05, 1.7935487e-05, 5.215873e-06, 2.7582169e-06, 1.0970723e-06, 7.167222e-07, 8.987328, 0.5596041, 0.3335161, 0.30297115, 0.6098989, 0.45542204, 0.1737911, 0.14763516, 0.10764564, 0.060998026, 0.022548614, 0.008933651, 0.0063743177, 0.0037003746, 0.002910969, 0.0020915596, 0.0015358911, 0.0011133843, 0.00080373784, 0.00057039055, 0.00039694028, 0.00027038885, 0.0001802331, 0.000117495045, 7.4976764e-05, 4.690145e-05, 2.882765e-05, 1.7466567e-05, 1.0485278e-05, 6.285504e-06, 3.8092026e-06, 2.3748353e-06, 1.5583897e-06, 1.1008599e-06, 8.481852e-07, 7.107383e-07, 6.368838e-07, 5.9773265e-07, 0.07886094, 0.27819565, 0.31558004, 0.16264553, 0.13320495, 0.128514, 0.24322513, 0.18705127, 0.16697238, 0.14978497, 0.2851422, 0.19474523, 0.18159807, 0.17459221, 0.21935573, 0.39137307, 0.25989702, 0.19797109, 0.2229072, 0.15738875, 0.1421791, 0.14049187, 0.1657542, 0.15018761, 0.15537313, 0.1524629, 0.23540379, 0.26452994, 0.2501141, 0.2259517, 0.25773367, 0.23277308, 0.22397496, 0.21932304, 0.23485251, 0.24200602, 0.3175852, 0.2699302, 0.3243248, 0.28716487, 0.35629162, 0.32193908, 0.30910915, 0.33585516, 0.42429075, 0.47070295, 0.37852785, 0.3730272, 0.366936, 0.35532266, 0.4245008, 0.3789617, 0.36736923, 0.43420687, 0.55240166, 0.47674614, 0.5549397, 0.50119746, 0.54849684, 0.5132158, 0.6083675, 0.55503887, 0.5321525, 0.4920907, 0.5016654, 0.4754813], 'scaler_samples': (array([[0.20796436, 0.86949499],       [0.5888174 , 0.70652883],       [0.61948835, 0.98029358]]), array([-3.36470588, -3.13302034, -3.94871795])), 'net': {'saver_path': './M-LOOP_archives/./neural_net_archive_2022-10-23_14-14_VNzYDXcO.ckpt'}}
net_1={'last_hyperfit': 0, 'last_net_reg': 1e-08, 'regularization_history': [1e-08], 'losses_list': [1.5695817, 0.039754074, 0.026852138, 0.019861616, 0.001979481, 0.00094407337, 0.000819431, 0.00023670669, 4.5484376e-05, 1.3174017e-05, 9.666157e-06, 5.0713634e-06, 1.9524139e-06, 1.0099845e-06, 6.5116416e-07, 5.632299e-07, 5.476903e-07, 5.397139e-07, 5.377984e-07, 5.364913e-07, 5.363531e-07, 5.363473e-07, 5.3633386e-07, 5.3631675e-07, 5.3631334e-07, 5.3631277e-07, 5.36311e-07, 5.36311e-07, 5.3631095e-07, 5.363109e-07, 1.6142644, 0.60680515, 0.45047536, 0.21216911, 0.014589563, 0.02140176, 0.0112215, 0.005588731, 0.0014457477, 0.00041552848, 1.6352627e-05, 2.8738614e-05, 1.8013528e-05, 1.0826298e-05, 1.8691694e-06, 9.091965e-07, 9.900458e-07, 5.940036e-07, 2.7179499, 0.64488167, 0.46157768, 0.34743956, 0.33265093, 0.31737745, 0.38634893, 0.24851361, 0.21929988, 0.2052704, 0.3500679, 0.33239308, 0.295984, 0.20068328, 0.16067438, 0.16986112, 0.17267203, 0.20605373, 0.2634586, 0.18428178, 0.17260614, 0.15566273, 0.28076175, 0.2184127, 0.18127944, 0.16675098, 0.316789, 0.22521418, 0.21118376, 0.20161103, 0.22054118, 0.26226592, 0.30956513, 0.1710579, 0.1605431, 0.15264389, 0.19056246, 0.16363828, 0.15842462, 0.1546005, 0.15649477, 0.15112111, 0.23919864, 0.29038036, 0.39471975, 0.2478595, 0.22719677, 0.21914501, 0.25883305, 0.23359117, 0.23512645, 0.22064841, 0.23154387, 0.3440696, 0.29243425, 0.27444547, 0.33007532, 0.28412765, 0.32694754, 0.29254308, 0.43286288, 0.39186907, 0.45724565, 0.37855247, 0.35114938, 0.3345769, 0.36263984, 0.3421684, 0.38360167, 0.37004355, 0.36037615, 0.40581325, 0.5109003, 0.42384508, 0.5147281, 0.43156704, 0.53848845, 0.49585387, 0.52440745, 0.54105747, 0.53494483, 0.48692542], 'scaler_samples': (array([[0.20796436, 0.86949499],       [0.5888174 , 0.70652883],       [0.61948835, 0.98029358]]), array([-3.36470588, -3.13302034, -3.94871795])), 'net': {'saver_path': './M-LOOP_archives/./neural_net_archive_2022-10-23_14-14_an1MwEDI.ckpt'}}
net_2={'last_hyperfit': 0, 'last_net_reg': 1e-08, 'regularization_history': [1e-08], 'losses_list': [6.1733418, 0.30849645, 0.0857464, 0.031503282, 0.009457021, 0.0022911492, 0.00091147557, 0.00044926946, 0.00020816164, 7.4601594e-05, 1.2691888e-05, 1.8055323e-06, 2.5437012e-06, 9.87033e-07, 7.076846e-07, 6.5796644e-07, 5.5162457e-07, 5.460667e-07, 5.3091856e-07, 5.3122324e-07, 5.3006386e-07, 5.3021205e-07, 5.3001907e-07, 5.299967e-07, 5.2996774e-07, 5.2996177e-07, 5.2996086e-07, 5.2996114e-07, 5.299608e-07, 5.299608e-07, 1.8197144, 0.70639014, 0.4416862, 0.33965498, 0.23388472, 0.14371175, 0.0709706, 0.025786113, 0.004208138, 2.8016697e-05, 0.0006247317, 0.0003420778, 3.4068264e-05, 5.235457e-06, 1.3100833e-05, 5.0319286e-06, 7.4117605e-07, 7.204633e-07, 1.5564251, 0.3215164, 0.28402528, 0.23181733, 0.16892804, 0.10700256, 0.048406124, 0.01050423, 0.0011020211, 0.00031653786, 0.00033675414, 3.991929e-05, 1.45143285e-05, 1.5144637e-05, 2.2648885e-06, 1.2015878e-06, 1.1909015e-06, 5.745924e-07, 5.839779e-07, 5.644772e-07, 0.25990367, 0.100986764, 0.025943499, 0.0045417324, 0.0051186914, 0.002621711, 0.001464007, 0.001193775, 0.00084254093, 0.0006192889, 0.0004683014, 0.00034793586, 0.0002568663, 0.00018907615, 0.00013821492, 0.00010027753, 7.229866e-05, 5.1822262e-05, 3.6948317e-05, 2.6223575e-05, 1.854601e-05, 1.309045e-05, 9.237587e-06, 6.5346394e-06, 4.649415e-06, 3.342739e-06, 2.4414826e-06, 1.824486e-06, 1.4030799e-06, 1.1173777e-06, 9.244643e-07, 7.9483397e-07, 7.0851706e-07, 6.509307e-07, 0.32427132, 0.55136317, 0.52020633, 0.88853616, 0.48582634, 0.26863962, 0.22105484, 0.19327016, 0.1702767, 0.15780547, 0.2987055, 0.210259, 0.17868987, 0.16387801, 0.31220752, 0.19862269, 0.18123479, 0.17155564, 0.20509763, 0.37103418, 0.23748644, 0.15950954, 0.16696768, 0.1419211, 0.13166945, 0.12469604, 0.1503922, 0.1211833, 0.11198052, 0.10359557, 0.1477215, 0.11287766, 0.10851717, 0.10480852, 0.18669908, 0.2286656, 0.31590745, 0.19383332, 0.18932745, 0.18884966, 0.23503192, 0.2145337, 0.19816875, 0.2134914, 0.23793417, 0.19488212, 0.20672846, 0.26391366, 0.28422606, 0.24528359, 0.31578988, 0.28485385, 0.3171801, 0.28889367, 0.44026452, 0.420307, 0.38526586, 0.36059275, 0.42787236, 0.375093, 0.36604685, 0.34790534, 0.38780576, 0.3756869, 0.35842144, 0.42104122, 0.49320284, 0.44889563, 0.55836064, 0.44812855, 0.50557804, 0.4713463, 0.5148254, 0.61545825, 0.5637101, 0.529647], 'scaler_samples': (array([[0.20796436, 0.86949499],       [0.5888174 , 0.70652883],       [0.61948835, 0.98029358]]), array([-3.36470588, -3.13302034, -3.94871795])), 'net': {'saver_path': './M-LOOP_archives/./neural_net_archive_2022-10-23_14-14_H6eHAxQ0.ckpt'}}
