mloop_version='3.3.1'
archive_type='neural_net_learner'
num_params=2
min_boundary=array([0., 0.])
max_boundary=array([1., 1.])
start_datetime='2022-10-23_05-19'
param_names=['', '']
search_precision=1e-06
parameter_searches=10
bad_uncer_frac=0.1
trust_region=nan
has_trust_region=False
predict_global_minima_at_end=True
generation_num=3
update_hyperparameters=False
predicted_best_parameters=array([0.86733399, 0.18228468])
predicted_best_scaled_cost=-10.078639
predicted_best_cost=-2.075330496174999
all_params=array([[0.20028413, 0.30138635],       [0.98524658, 0.67219345],       [0.50050789, 0.54359423],       [1.        , 0.45935911],       [0.        , 1.        ],       [0.        , 0.79659693],       [0.75157501, 0.56160348],       [1.        , 0.60883648],       [0.53926397, 0.52164196],       [1.        , 1.        ],       [0.18406265, 0.88604149],       [0.47020716, 0.58534325],       [0.35402199, 0.52501504],       [0.51404316, 0.5766978 ],       [0.44494905, 0.59142051],       [0.21506715, 1.        ],       [0.24104739, 1.        ],       [0.16593432, 1.        ],       [0.860085  , 0.96110583],       [0.17564297, 0.89701865],       [0.21655828, 0.84916871],       [0.08856648, 1.        ],       [0.70781008, 0.57746071],       [0.81891695, 1.        ],       [0.31525464, 0.84782887],       [0.20600128, 0.84776149],       [0.74588084, 0.20402722],       [0.42029118, 0.79347819],       [0.3530072 , 0.87560034],       [0.20975526, 0.83934526],       [0.76444512, 0.15509228],       [0.88931156, 1.        ],       [0.85483566, 0.92770482],       [0.18510519, 0.87834676],       [0.40694232, 0.46688266],       [0.32563014, 0.782457  ],       [0.19562976, 0.8833619 ],       [0.20328704, 0.86666736],       [0.05676147, 0.9460085 ],       [0.18222958, 0.89366138],       [0.93327399, 0.        ],       [0.13389224, 0.        ],       [0.6409063 , 0.07900501],       [0.18630713, 0.88435711],       [0.17226169, 0.87643594],       [0.69231937, 0.9089268 ],       [0.91137758, 0.79603501],       [0.30371327, 0.86130759],       [0.16739897, 0.85834313],       [0.17417582, 0.8676015 ],       [0.04244736, 0.60404593],       [0.2208338 , 0.89246475],       [0.14052717, 0.85981019],       [0.2066642 , 0.80125543],       [0.22432374, 0.80591642],       [0.16274093, 0.84662401],       [0.16248549, 0.83992265],       [0.22024892, 0.77723437],       [0.72346368, 0.89391018],       [0.15854548, 0.84250963],       [0.16319055, 0.85041223],       [0.15738222, 0.85514948],       [0.88583111, 0.17211798],       [0.31514833, 0.84588874],       [0.17401573, 0.85737369],       [0.18018747, 0.85331858],       [0.90585907, 0.87172822],       [0.91853125, 0.20457503],       [0.96623646, 0.18478545],       [0.97363984, 0.18394808],       [0.54308087, 0.14712135],       [0.88883395, 0.16547864],       [0.84461456, 0.15138189],       [0.87970382, 0.16763292],       [0.58992686, 0.65443274],       [0.90537583, 0.15245233],       [0.88592169, 0.17247333],       [0.88984682, 0.17118829],       [0.8821454 , 0.97690505],       [0.85238391, 0.1672476 ],       [0.85745786, 0.17270183],       [0.84913274, 0.16391173],       [0.93294175, 0.61143557],       [0.76194461, 0.16332159],       [0.87159188, 0.16634483],       [0.90159023, 0.15474612],       [0.76097709, 0.00110786],       [0.86923426, 0.16338246],       [0.88628536, 0.15825018],       [0.87621887, 0.18021329],       [0.50423533, 0.64138746],       [0.84183962, 0.19061492],       [0.88068468, 0.17084084],       [0.87097224, 0.18019353],       [0.31595808, 0.89696857],       [0.86963028, 0.18181617],       [0.87688094, 0.17044072],       [0.86873389, 0.18220756],       [0.80935227, 0.84465588],       [0.8689731 , 0.18537082],       [0.88529869, 0.16881099],       [0.86392402, 0.17108377],       [0.79509165, 0.16736642],       [0.86615428, 0.19322651],       [0.87965246, 0.17073225],       [0.87024042, 0.18127506],       [0.14051303, 0.73919357],       [0.87179573, 0.18491565],       [0.88908977, 0.16894795],       [0.86922863, 0.18188247],       [0.59472757, 0.05251307],       [0.87865701, 0.18527612],       [0.93182581, 0.17590149],       [0.87127452, 0.18140545],       [0.54953703, 0.84272673],       [0.91428058, 0.16401421],       [0.88577216, 0.16854003],       [0.8770826 , 0.17852319],       [0.5754021 , 0.33060352],       [0.88359789, 0.17939426]])
all_costs=array([-1.90485252, -1.93429952, -1.93804453, -1.72437554, -1.72141015,       -1.73333333, -1.86579683, -1.81176471, -1.88689915, -1.73633998,       -2.1596548 , -1.70964987, -1.7955157 , -1.8019802 , -1.87628866,       -1.84176633, -1.87628866, -1.91946309, -2.12301166, -1.91212989,       -1.82497721, -1.76077397, -1.79230081, -1.8519889 , -2.04494382,       -1.94557823, -1.73935708, -1.73333333, -1.8519889 , -1.976308  ,       -2.01611279, -1.7955157 , -1.83501375, -2.03662258, -1.72437554,       -1.89403974, -2.04077472, -1.92685274, -1.84856879, -1.93804453,       -1.64502876, -1.84856879, -1.83501375, -1.91212989, -2.10073452,       -1.8727783 , -1.93804453, -2.00802407, -2.04494382, -2.00802407,       -1.8019802 , -2.02426694, -2.02836879, -2.04494382, -1.93804453,       -2.03662258, -2.09195402, -1.79874214, -1.8904627 , -1.90848427,       -2.02018163, -1.96082272, -2.26727067, -1.98808342, -1.96853491,       -2.04077472, -1.90485252, -1.89763033, -1.95698925, -1.8904627 ,       -1.93804453, -2.15037594, -2.09195402, -2.05755396, -1.81504986,       -1.86579683, -2.05333333, -2.        , -1.83165599, -2.06179197,       -1.88689915, -1.98808342, -1.92685274, -1.9920398 , -2.17845484,       -1.90123457, -1.98414272, -2.07892004, -2.2121547 , -2.18797814,       -1.96853491, -2.14576635, -2.07892004, -2.        , -1.94180407,       -2.08759124, -1.96082272, -2.12752391, -1.76699029, -2.004004  ,       -2.02426694, -1.9920398 , -1.94180407, -2.07032058, -2.13205538,       -2.18797814, -2.00802407, -2.19277108, -2.09195402, -2.13660619,       -1.76387665, -1.95317073, -1.976308  , -2.06179197, -1.76387665,       -1.86928105, -2.16901408, -1.86928105, -1.86928105, -2.0120603 ])
all_uncers=array([1.e-08, 1.e-08, 1.e-08, 1.e-08, 1.e-08, 1.e-08, 1.e-08, 1.e-08,       1.e-08, 1.e-08, 1.e-08, 1.e-08, 1.e-08, 1.e-08, 1.e-08, 1.e-08,       1.e-08, 1.e-08, 1.e-08, 1.e-08, 1.e-08, 1.e-08, 1.e-08, 1.e-08,       1.e-08, 1.e-08, 1.e-08, 1.e-08, 1.e-08, 1.e-08, 1.e-08, 1.e-08,       1.e-08, 1.e-08, 1.e-08, 1.e-08, 1.e-08, 1.e-08, 1.e-08, 1.e-08,       1.e-08, 1.e-08, 1.e-08, 1.e-08, 1.e-08, 1.e-08, 1.e-08, 1.e-08,       1.e-08, 1.e-08, 1.e-08, 1.e-08, 1.e-08, 1.e-08, 1.e-08, 1.e-08,       1.e-08, 1.e-08, 1.e-08, 1.e-08, 1.e-08, 1.e-08, 1.e-08, 1.e-08,       1.e-08, 1.e-08, 1.e-08, 1.e-08, 1.e-08, 1.e-08, 1.e-08, 1.e-08,       1.e-08, 1.e-08, 1.e-08, 1.e-08, 1.e-08, 1.e-08, 1.e-08, 1.e-08,       1.e-08, 1.e-08, 1.e-08, 1.e-08, 1.e-08, 1.e-08, 1.e-08, 1.e-08,       1.e-08, 1.e-08, 1.e-08, 1.e-08, 1.e-08, 1.e-08, 1.e-08, 1.e-08,       1.e-08, 1.e-08, 1.e-08, 1.e-08, 1.e-08, 1.e-08, 1.e-08, 1.e-08,       1.e-08, 1.e-08, 1.e-08, 1.e-08, 1.e-08, 1.e-08, 1.e-08, 1.e-08,       1.e-08, 1.e-08, 1.e-08, 1.e-08, 1.e-08, 1.e-08, 1.e-08, 1.e-08])
bad_run_indexs=[]
best_cost=-2.2672706681766712
best_params=array([0.88583111, 0.17211798])
best_index=62
worst_cost=-1.645028759244043
worst_index=40
cost_range=0.6222419089326283
costs_count=120
params_count=90
cost_scaler_init_index=3
net_0={'last_hyperfit': 0, 'last_net_reg': 1e-08, 'regularization_history': [1e-08], 'losses_list': [0.5884873, 0.094232865, 0.007989497, 0.015997324, 0.0011752055, 0.0016352101, 0.00052417425, 0.00014757231, 7.085663e-05, 2.0963735e-05, 6.95272e-06, 2.5233576e-06, 9.43572e-07, 7.871061e-07, 6.814816e-07, 5.994375e-07, 5.7427985e-07, 5.598162e-07, 5.577343e-07, 5.567e-07, 5.56467e-07, 5.561651e-07, 5.560924e-07, 5.5606813e-07, 5.5606654e-07, 5.5606336e-07, 5.560624e-07, 5.5606245e-07, 5.5606233e-07, 5.5606233e-07, 63.85565, 4.8020873, 1.0467907, 0.3188328, 0.024426656, 0.020259393, 0.012379222, 0.0009580742, 0.0012284457, 0.0004332369, 4.4243607e-05, 5.5554083e-05, 2.0113424e-05, 1.9205895e-06, 2.3307377e-06, 1.6243149e-06, 6.7891034e-07, 5.884025e-07, 15.740578, 4.663158, 1.131881, 0.46412858, 0.27482027, 0.16920108, 0.059513655, 0.00713951, 0.0016600871, 0.002565024, 0.00038459265, 4.0644372e-05, 0.000104613784, 2.3908542e-05, 1.4441083e-06, 4.4278163e-06, 78.093864, 36.597466, 23.977013, 9.041868, 1.879763, 0.784414, 0.4567185, 0.27031064, 0.13223025, 0.047441375, 0.009099409, 0.0004022575, 0.00058344135, 0.0006369493, 0.00020966868, 2.0566478e-05, 3.5931282e-06, 7.464945e-06, 80.57268, 30.659035, 19.46823, 12.733117, 8.378255, 7.1977563, 4.2338934, 3.5996609, 72.66669, 35.711395, 29.550137, 24.253357, 21.727785, 17.716246, 14.968695, 13.825635, 31.670393, 19.120426, 16.395792, 14.008133, 12.12801, 10.319542, 8.596168, 7.5955143, 6.639295, 6.1617026, 27.385527, 11.750018, 8.660862, 6.1439133, 5.4004474, 5.236967, 22.955053, 30.814648, 22.307695, 31.179113, 31.646603, 21.156963, 19.25349, 17.978796, 22.857397, 18.609884, 17.27869, 16.10716, 17.304705, 15.869141, 14.005429, 23.677076, 18.895555, 15.039461, 14.216366, 12.897878, 14.796222, 12.993203, 13.547407, 12.619766, 46.163223, 36.702923, 23.299711, 18.110615, 15.780723, 19.812708, 24.542875, 17.06984, 13.32901, 12.540135, 12.781567, 12.069658, 11.641532, 11.205366, 15.422913, 14.331654, 14.469356, 13.665431, 15.76666, 17.919704, 21.302141, 17.50783, 21.51632, 17.366106, 18.718908, 18.319723, 18.04089, 20.558426, 20.35216, 18.461493, 20.245413, 16.552485, 17.574835, 16.051065, 16.667326, 20.796947, 25.390692, 18.69567, 19.163591, 17.715858], 'scaler_samples': (array([[0.20028413, 0.30138635],       [0.98524658, 0.67219345],       [0.50050789, 0.54359423]]), array([-1.90485252, -1.93429952, -1.93804453])), 'net': {'saver_path': './M-LOOP_archives/./neural_net_archive_2022-10-23_05-19_1s48Oqgw.ckpt'}}
net_1={'last_hyperfit': 0, 'last_net_reg': 1e-08, 'regularization_history': [1e-08], 'losses_list': [1.0475546, 0.12489346, 0.02721094, 0.010837769, 0.0054477, 0.0021624356, 0.000662746, 0.00016878359, 4.9112958e-05, 2.3663093e-05, 6.5664e-06, 1.6177049e-06, 1.0175938e-06, 8.9242883e-07, 6.752575e-07, 5.409684e-07, 5.1670486e-07, 5.157513e-07, 5.116708e-07, 5.1069435e-07, 5.10548e-07, 5.1022346e-07, 5.101442e-07, 5.1011807e-07, 5.1010784e-07, 5.1010596e-07, 5.101054e-07, 5.101051e-07, 5.10105e-07, 5.1010494e-07, 106.54236, 9.064094, 1.0937427, 0.29382917, 0.17057441, 0.03372023, 0.0058694193, 0.00322554, 0.0025329, 0.0005982902, 0.00014046583, 1.7465622e-05, 2.7388856e-05, 1.11894415e-05, 5.4820703e-06, 1.7600078e-06, 7.84081e-07, 6.044592e-07, 5.37617e-07, 5.3591566e-07, 15.251582, 4.476607, 1.730317, 0.6303932, 0.41869152, 0.29450706, 0.18345113, 0.09433943, 0.034985464, 0.006752849, 0.00021512351, 0.0004206221, 77.89879, 44.76568, 33.866837, 24.467867, 11.442064, 2.422043, 2.2994072, 1.1536198, 0.7172317, 0.30584985, 0.07685568, 0.004445913, 0.0064009666, 0.0026548812, 0.00020071672, 0.00028308795, 179.9612, 35.147427, 23.809, 24.438486, 17.533442, 13.859689, 10.997407, 8.825598, 6.9936857, 6.5405116, 4.868354, 6.759033, 3.561263, 3.6214464, 54.797607, 41.13858, 31.751122, 29.47426, 25.545286, 22.816965, 22.317986, 19.801277, 35.577816, 21.38364, 17.611813, 15.455035, 13.72137, 11.9206705, 10.652854, 9.362128, 8.520824, 8.117434, 29.022032, 34.238594, 25.664995, 25.31801, 28.888906, 18.977224, 17.991669, 16.288267, 29.875597, 16.36756, 14.824994, 13.689454, 15.367998, 12.658434, 11.519011, 17.277927, 9.69705, 17.270243, 17.49016, 14.350591, 11.887233, 11.181049, 12.855455, 11.909678, 12.8727255, 11.973991, 18.610497, 23.472797, 13.7708645, 15.878511, 23.157993, 12.477088, 11.233487, 11.8668585, 12.406734, 11.41065, 9.925496, 10.246818, 14.345648, 12.213302, 11.201288, 10.489503, 16.786606, 15.071633, 15.15158, 13.872189, 17.85777, 15.324765, 15.082501, 13.989347, 23.092756, 18.75046, 15.174294, 14.391946, 15.479114, 14.272065, 16.914541, 15.103376, 15.293148, 14.24278, 19.645937, 17.057278, 18.846899, 15.6572895, 16.328138, 15.676275], 'scaler_samples': (array([[0.20028413, 0.30138635],       [0.98524658, 0.67219345],       [0.50050789, 0.54359423]]), array([-1.90485252, -1.93429952, -1.93804453])), 'net': {'saver_path': './M-LOOP_archives/./neural_net_archive_2022-10-23_05-19_CzvhbonH.ckpt'}}
net_2={'last_hyperfit': 0, 'last_net_reg': 1e-08, 'regularization_history': [1e-08], 'losses_list': [1.0429507, 0.010513215, 0.05667123, 0.0023591674, 0.007626697, 0.00010659186, 0.0009533245, 5.6025503e-05, 9.593695e-05, 2.5669327e-05, 2.526203e-06, 6.394253e-06, 1.311174e-06, 7.880287e-07, 7.6433395e-07, 5.890191e-07, 5.7019264e-07, 5.726837e-07, 5.656823e-07, 5.631342e-07, 5.63087e-07, 5.630145e-07, 5.628975e-07, 5.628669e-07, 5.6286854e-07, 5.628641e-07, 5.6286325e-07, 5.628631e-07, 5.62863e-07, 5.628629e-07, 87.135155, 7.515342, 1.087883, 0.44217023, 0.06373269, 0.036298834, 0.018825505, 0.001022059, 0.0017193917, 0.00063826743, 0.00019336242, 6.395841e-05, 1.6497594e-05, 1.0529628e-05, 3.686521e-06, 1.0170379e-06, 1.0204582e-06, 7.071453e-07, 6.0706725e-07, 5.922111e-07, 26.42417, 6.8040457, 3.5290658, 1.6194483, 0.5205713, 0.28669095, 0.15562999, 0.042063132, 0.0025074962, 0.0049059414, 0.0016280228, 0.00013062317, 0.00024580103, 6.662892e-05, 4.421903e-06, 1.0757909e-05, 76.456924, 49.5344, 36.346046, 24.270288, 9.950236, 1.2320609, 0.80756927, 0.057755854, 0.05841599, 0.020523183, 0.0073564737, 0.0022094068, 0.0007706028, 0.00019837506, 7.517776e-05, 2.7938646e-05, 8.454676e-06, 3.1110233e-06, 2.1948947e-06, 1.1166846e-06, 8.2816416e-07, 6.946709e-07, 6.5409506e-07, 6.4481975e-07, 42.553223, 27.27421, 13.1399355, 15.996919, 6.036865, 4.4258657, 71.81233, 39.04264, 35.052307, 31.439304, 31.169693, 28.279642, 29.148077, 25.298033, 23.421135, 21.563534, 29.198483, 28.440763, 25.248968, 33.24862, 33.36476, 24.383776, 22.751818, 23.702168, 30.411613, 22.816965, 21.350597, 20.383738, 22.001848, 19.51985, 18.042082, 23.38297, 20.990383, 15.869654, 19.955288, 16.421942, 14.653847, 14.563901, 14.90785, 13.627488, 33.439327, 21.15191, 16.284967, 20.218378, 28.344675, 17.192953, 15.061339, 13.416669, 13.315814, 12.4509325, 16.531261, 15.03296, 14.004554, 14.9687195, 20.630722, 32.445675, 28.666256, 21.391743, 19.697989, 18.644615, 19.739492, 18.117424, 20.543776, 17.357246, 17.358665, 18.268124, 21.103502, 17.744242, 16.730652, 16.29544, 18.898539, 15.775569, 16.395763, 20.638262], 'scaler_samples': (array([[0.20028413, 0.30138635],       [0.98524658, 0.67219345],       [0.50050789, 0.54359423]]), array([-1.90485252, -1.93429952, -1.93804453])), 'net': {'saver_path': './M-LOOP_archives/./neural_net_archive_2022-10-23_05-19_-PHdS6Gq.ckpt'}}
