mloop_version='3.3.1'
archive_type='neural_net_learner'
num_params=2
min_boundary=array([0., 0.])
max_boundary=array([1., 1.])
start_datetime='2022-10-23_03-36'
param_names=['', '']
search_precision=1e-06
parameter_searches=10
bad_uncer_frac=0.1
trust_region=nan
has_trust_region=False
predict_global_minima_at_end=True
generation_num=3
update_hyperparameters=False
predicted_best_parameters=array([0.69019739, 0.09826616])
predicted_best_scaled_cost=-48.413494
predicted_best_cost=-1.8693128829579386
all_params=array([[0.43966318, 0.91964156],       [0.86242374, 0.09030465],       [0.05302612, 0.63379771],       [1.        , 0.        ],       [1.        , 0.52775604],       [0.        , 0.        ],       [0.69175847, 0.13072246],       [0.78244239, 0.14006322],       [0.67853128, 0.        ],       [0.81838741, 0.26254169],       [0.04144658, 0.52806468],       [0.69325973, 0.25723721],       [0.6871843 , 0.22318814],       [0.66849301, 0.22093045],       [0.6601326 , 0.34541394],       [0.66954878, 0.12744603],       [0.64540447, 0.19802969],       [0.64763733, 0.19778746],       [0.45454025, 0.52875288],       [0.70027984, 0.12097809],       [0.69006367, 0.17934187],       [0.68411396, 0.13374545],       [0.52107509, 0.81738782],       [0.66947901, 0.12659929],       [0.65205958, 0.23811737],       [0.67989486, 0.13248824],       [0.33989833, 0.73757298],       [0.69501366, 0.13617123],       [0.67197275, 0.21359534],       [0.69277819, 0.13500399],       [0.96950608, 0.57150698],       [0.69015741, 0.13182212],       [0.66915535, 0.21824049],       [0.69830669, 0.13239954],       [0.0589919 , 0.08600668],       [0.67778205, 0.20350265],       [0.66847364, 0.22090185],       [0.66105349, 0.22531925],       [0.33508856, 0.46549272],       [0.66322097, 0.22143863],       [0.66646244, 0.22577161],       [0.6549458 , 0.23609632],       [0.78473521, 0.33438695],       [0.68996726, 0.12054191],       [0.6681776 , 0.21188014],       [0.65767805, 0.22556846],       [0.75762709, 0.57928431],       [0.68586059, 0.12362348],       [0.66855198, 0.21716943],       [0.69542522, 0.12282397],       [0.69590307, 0.93019495],       [0.69464269, 0.09076896],       [0.71834653, 0.12651595],       [0.70833165, 0.08574999],       [0.4663033 , 0.53274948],       [0.67097724, 0.20736687],       [0.64291466, 0.21460851],       [0.6759825 , 0.12927348],       [0.22838   , 0.97420807],       [0.68260029, 0.12050177],       [0.66296978, 0.21734716],       [0.68477134, 0.11483806],       [0.85207438, 0.12129839],       [0.68130432, 0.1123271 ],       [0.68472141, 0.10818853],       [0.67543776, 0.11397013],       [0.21317685, 0.45129884],       [0.68088573, 0.09311665],       [0.677585  , 0.10742379],       [0.68239798, 0.11111636],       [0.35220233, 0.46160028],       [0.68859564, 0.10616739],       [0.68534995, 0.1153652 ],       [0.69221429, 0.10598615],       [0.01950091, 0.70427562],       [0.68464117, 0.11128263],       [0.6888176 , 0.11410569],       [0.68762004, 0.11856307],       [0.07225128, 0.08106161],       [0.68586795, 0.12124663],       [0.68960558, 0.11525947],       [0.69475166, 0.10680584],       [0.71000471, 0.59431235],       [0.67784711, 0.12052886],       [0.67279233, 0.12118789],       [0.67494691, 0.12966252],       [0.25052501, 0.30590181],       [0.68164133, 0.12405128],       [0.68616366, 0.11638893],       [0.68863338, 0.11333494],       [0.32858124, 0.29406296],       [0.68264838, 0.11991792],       [0.68711425, 0.11883512],       [0.68821717, 0.11104003],       [0.25366129, 0.17130194],       [0.68742915, 0.10758468],       [0.68689427, 0.1138024 ],       [0.68894831, 0.11430836],       [0.23843214, 0.27790795],       [0.69279279, 0.09576192],       [0.68553909, 0.11270064],       [0.68710553, 0.11709883],       [0.01075879, 0.47446138],       [0.6871874 , 0.11364494],       [0.68971253, 0.11688997],       [0.68760288, 0.1153474 ],       [0.73296465, 0.6696195 ],       [0.68533302, 0.1110084 ],       [0.942729  , 0.19910976],       [0.6847844 , 0.1211097 ],       [0.4683556 , 0.4311435 ],       [0.68647391, 0.11249444],       [0.68677163, 0.11452104],       [0.68838237, 0.11287757],       [0.32913878, 0.62043765],       [0.5339312 , 0.29909069],       [0.68597813, 0.10701464],       [0.51000603, 0.39049254],       [0.29641669, 0.44139901],       [0.68250157, 0.11676982]])
all_costs=array([-1.62105263, -1.63162184, -1.63162184, -1.5388163 , -1.59268099,       -1.61581921, -1.84856879, -1.69804919, -1.5801105 , -1.78272484,       -1.64502876, -1.64502876, -1.70964987, -1.87981221, -1.63162184,       -1.82165605, -1.76699029, -1.76699029, -1.70382979, -1.78909741,       -1.71845494, -1.84516129, -1.71550985, -1.75153106, -1.74238468,       -1.79874214, -1.5826087 , -1.85886722, -1.84856879, -1.66694421,       -1.56773688, -1.71845494, -1.85886722, -1.85542169, -1.61321515,       -1.63963964, -1.94180407, -1.87628866, -1.68376787, -1.84516129,       -1.6369583 , -1.68945148, -1.61321515, -1.84856879, -1.8019802 ,       -1.69230769, -1.54118553, -1.87628866, -1.82497721, -1.84856879,       -1.74542284, -1.71845494, -1.70093458, -1.61843169, -1.69804919,       -1.70964987, -1.75153106, -1.82165605, -1.60545309, -1.98021761,       -1.8283105 , -1.91946309, -1.80522994, -1.76699029, -1.94557823,       -1.80522994, -1.71845494, -1.73333333, -1.70093458, -1.89403974,       -1.71845494, -1.75460123, -1.74847162, -1.8727783 , -1.62368208,       -1.93804453, -1.83165599, -1.82165605, -1.71845494, -1.94557823,       -1.84516129, -1.62896664, -1.66141079, -1.84856879, -1.84176633,       -1.62368208, -1.80849142, -1.8019802 , -1.8904627 , -1.79230081,       -1.6369583 , -1.70382979, -1.78909741, -1.94180407, -1.75768218,       -1.83501375, -1.77639752, -1.90485252, -1.69230769, -1.67251462,       -1.86928105, -1.87981221, -1.62896664, -1.76699029, -1.79874214,       -1.80522994, -1.70382979, -1.94936709, -1.78590544, -1.78909741,       -1.85542169, -1.93056895, -1.90485252, -1.94180407, -1.71257485,       -1.5801105 , -1.8519889 , -1.70093458, -1.80849142, -1.81176471])
all_uncers=array([1.e-08, 1.e-08, 1.e-08, 1.e-08, 1.e-08, 1.e-08, 1.e-08, 1.e-08,       1.e-08, 1.e-08, 1.e-08, 1.e-08, 1.e-08, 1.e-08, 1.e-08, 1.e-08,       1.e-08, 1.e-08, 1.e-08, 1.e-08, 1.e-08, 1.e-08, 1.e-08, 1.e-08,       1.e-08, 1.e-08, 1.e-08, 1.e-08, 1.e-08, 1.e-08, 1.e-08, 1.e-08,       1.e-08, 1.e-08, 1.e-08, 1.e-08, 1.e-08, 1.e-08, 1.e-08, 1.e-08,       1.e-08, 1.e-08, 1.e-08, 1.e-08, 1.e-08, 1.e-08, 1.e-08, 1.e-08,       1.e-08, 1.e-08, 1.e-08, 1.e-08, 1.e-08, 1.e-08, 1.e-08, 1.e-08,       1.e-08, 1.e-08, 1.e-08, 1.e-08, 1.e-08, 1.e-08, 1.e-08, 1.e-08,       1.e-08, 1.e-08, 1.e-08, 1.e-08, 1.e-08, 1.e-08, 1.e-08, 1.e-08,       1.e-08, 1.e-08, 1.e-08, 1.e-08, 1.e-08, 1.e-08, 1.e-08, 1.e-08,       1.e-08, 1.e-08, 1.e-08, 1.e-08, 1.e-08, 1.e-08, 1.e-08, 1.e-08,       1.e-08, 1.e-08, 1.e-08, 1.e-08, 1.e-08, 1.e-08, 1.e-08, 1.e-08,       1.e-08, 1.e-08, 1.e-08, 1.e-08, 1.e-08, 1.e-08, 1.e-08, 1.e-08,       1.e-08, 1.e-08, 1.e-08, 1.e-08, 1.e-08, 1.e-08, 1.e-08, 1.e-08,       1.e-08, 1.e-08, 1.e-08, 1.e-08, 1.e-08, 1.e-08, 1.e-08, 1.e-08])
bad_run_indexs=[]
best_cost=-1.9802176063303663
best_params=array([0.68260029, 0.12050177])
best_index=59
worst_cost=-1.538816295157571
worst_index=3
cost_range=0.44140131117279524
costs_count=120
params_count=91
cost_scaler_init_index=3
net_0={'last_hyperfit': 0, 'last_net_reg': 1e-08, 'regularization_history': [1e-08], 'losses_list': [1.305561, 0.14569154, 0.040243525, 0.019124957, 0.0055473642, 0.00014082318, 0.00044025233, 0.0002653113, 0.00013405607, 3.424621e-05, 1.4892688e-05, 3.6076997e-06, 1.1305531e-06, 8.7471375e-07, 6.90952e-07, 5.8818085e-07, 5.542989e-07, 5.4461714e-07, 5.410954e-07, 5.3942324e-07, 5.386757e-07, 5.383844e-07, 5.3830814e-07, 5.3828865e-07, 5.3827966e-07, 5.38279e-07, 5.382781e-07, 5.3827733e-07, 5.3827705e-07, 5.3827694e-07, 58.20051, 24.367786, 16.481731, 4.7064, 0.5896897, 0.09443019, 0.022473013, 0.011855131, 0.007606299, 0.0035680071, 0.0010741139, 0.00024785328, 6.3502506e-05, 1.5635562e-05, 278.48987, 139.31834, 42.176186, 22.351793, 10.299724, 3.8026068, 1.1504164, 0.17052142, 0.05496969, 0.02230246, 0.008520522, 0.006005358, 0.0032210178, 0.002217594, 0.0015615646, 0.0011696963, 0.0008893843, 0.0006898909, 0.00054199755, 0.00042726862, 0.00033851122, 0.00026844192, 0.0002222043, 0.0018085892, 290.11856, 151.05283, 119.16805, 104.32867, 94.06203, 85.16964, 72.275795, 63.035355, 82.523026, 64.58141, 53.400494, 53.076794, 57.90555, 45.371613, 42.33955, 40.04615, 88.383514, 72.12439, 68.17967, 65.42193, 74.699524, 78.18405, 148.72928, 122.02737, 145.06409, 147.9761, 142.6093, 137.36053, 136.11879, 172.86795, 190.7954, 137.16402, 126.9026, 131.30838, 120.518, 112.58146, 126.32825, 121.17417, 140.7399, 161.0057, 221.0784, 141.90182, 137.06227, 130.89485, 131.80145, 129.29678, 141.96884, 200.89258, 179.79567, 160.89597, 181.5525, 163.24846, 140.8561, 142.74469, 164.40587, 144.03477, 142.32016, 149.8071, 189.98044, 145.71906, 144.74887, 139.3755, 138.85732, 136.28358, 152.74495, 131.59467, 154.31943, 148.21384, 173.07335, 138.46259, 136.70673, 125.69796, 176.111, 178.6546], 'scaler_samples': (array([[0.43966318, 0.91964156],       [0.86242374, 0.09030465],       [0.05302612, 0.63379771]]), array([-1.62105263, -1.63162184, -1.63162184])), 'net': {'saver_path': './M-LOOP_archives/./neural_net_archive_2022-10-23_03-36_PWa4T_JZ.ckpt'}}
net_1={'last_hyperfit': 0, 'last_net_reg': 1e-08, 'regularization_history': [1e-08], 'losses_list': [3.5997632, 0.019623566, 0.0104855355, 0.0014366856, 0.00039405507, 0.00021591796, 0.00011469658, 9.6396776e-05, 6.261744e-05, 4.064752e-05, 1.595895e-05, 3.222834e-06, 6.45005e-07, 9.342897e-07, 7.891991e-07, 5.63349e-07, 5.535736e-07, 5.514673e-07, 5.402802e-07, 5.411557e-07, 5.403496e-07, 5.4013117e-07, 5.401262e-07, 5.4007427e-07, 5.400755e-07, 5.400732e-07, 5.400725e-07, 5.400722e-07, 5.40072e-07, 5.4007194e-07, 58.52818, 21.272207, 11.244015, 1.4279002, 0.64681345, 0.16157772, 0.056434017, 0.020396916, 0.007221165, 0.0027798605, 0.0007766871, 0.00035211522, 0.0001146253, 4.5142675e-05, 1.2367677e-05, 5.273855e-06, 2.189938e-06, 1.0355373e-06, 7.044534e-07, 5.961854e-07, 5.6571633e-07, 5.575177e-07, 221.0269, 102.184685, 35.451504, 11.538406, 2.3905733, 0.29084453, 0.025646713, 0.03794708, 0.006405659, 0.0027024052, 0.0014657264, 0.0003269866, 0.00013218378, 6.140315e-05, 2.6413894e-05, 9.573241e-06, 2.446266e-06, 9.145118e-07, 7.998084e-07, 6.919197e-07, 6.1515215e-07, 6.023453e-07, 318.27213, 122.649155, 111.45728, 98.74146, 83.18252, 68.373795, 55.45502, 42.344494, 31.305008, 23.294313, 14.025492, 5.4186964, 1.0710154, 0.08301508, 0.15430354, 0.024247842, 0.00084316585, 0.0047473684, 0.0020715476, 0.00042827372, 7.116333e-05, 8.4320265e-05, 2.0608495e-05, 5.4159773e-06, 3.9474035e-06, 1.4137596e-06, 9.090066e-07, 8.157629e-07, 194.229, 109.85535, 78.703896, 85.651245, 34.252735, 28.976925, 24.33997, 58.691677, 17.798666, 9.387353, 4.7008047, 4.1911244, 1.5176375, 1.155323, 0.6441778, 2.3710203, 65.18952, 28.484354, 19.317566, 12.745682, 7.4957933, 4.199478, 2.82833, 1.9022372, 1.3337643, 1.0795386, 0.79580545, 0.65335745, 52.459682, 22.695778, 16.297636, 12.754838, 10.239283, 8.07113, 6.7735476, 6.0696206, 66.934074, 43.26344, 38.798386, 37.3851, 48.247913, 86.770096, 79.84631, 60.97039, 54.507504, 57.84131, 105.79674, 104.81627, 92.67103, 87.46437, 110.746635, 100.27495, 99.792946, 82.17539, 91.57244, 145.09984, 153.15755, 112.72886, 101.808395, 94.72433, 91.43127, 82.74448, 97.03062, 86.94457, 105.072075, 163.77788, 113.95416, 103.05518, 116.652, 104.773895, 106.50623, 102.85228, 113.52003, 126.97458, 145.97629, 136.73267, 128.9748, 129.11787, 135.94313, 122.070145, 131.00943, 131.6613, 127.87667, 159.25209, 139.05975, 126.639656, 132.87743, 126.845695, 135.01134, 124.8525, 134.59866, 147.23445, 143.68692, 126.96832], 'scaler_samples': (array([[0.43966318, 0.91964156],       [0.86242374, 0.09030465],       [0.05302612, 0.63379771]]), array([-1.62105263, -1.63162184, -1.63162184])), 'net': {'saver_path': './M-LOOP_archives/./neural_net_archive_2022-10-23_03-36_OITWDXCY.ckpt'}}
net_2={'last_hyperfit': 0, 'last_net_reg': 1e-08, 'regularization_history': [1e-08], 'losses_list': [0.70039946, 0.09290624, 0.02288347, 0.00973077, 0.0050390367, 0.000756208, 0.0003043274, 9.132634e-05, 2.930812e-05, 7.786048e-06, 7.421145e-06, 1.8202745e-06, 1.4789364e-06, 1.077964e-06, 6.9056944e-07, 5.5960635e-07, 5.404121e-07, 5.4256645e-07, 5.422584e-07, 5.4069994e-07, 5.400334e-07, 5.3994245e-07, 5.398977e-07, 5.3986435e-07, 5.3985906e-07, 5.3985696e-07, 5.398568e-07, 5.3985667e-07, 5.398565e-07, 5.3985656e-07, 60.28857, 20.404423, 13.443612, 2.6538606, 0.3647607, 0.13174906, 0.020510985, 0.010434181, 0.0034034157, 0.000345446, 0.00044549673, 5.5677137e-05, 6.119546e-05, 2.1961796e-05, 5.4499637e-06, 4.372201e-06, 1.6244702e-06, 7.108071e-07, 6.1723387e-07, 5.9358564e-07, 305.63736, 158.23729, 57.054195, 31.575758, 15.005074, 5.208027, 1.125505, 0.10931267, 0.038913302, 0.0032101208, 0.002252627, 0.0015642351, 0.0004266043, 0.0002332299, 7.229223e-05, 3.3957618e-05, 1.2274672e-05, 4.5738375e-06, 1.5014482e-06, 2.405695e-06, 254.61829, 138.07379, 113.36672, 95.588974, 79.00305, 66.96591, 54.526688, 41.175793, 30.15656, 22.551292, 15.275198, 8.402883, 2.7871282, 0.46960074, 0.022486933, 0.071587905, 417.93567, 227.82683, 43.690376, 53.477753, 37.9551, 34.335056, 57.393333, 41.78911, 38.96231, 37.10605, 49.674213, 37.567783, 35.24037, 34.405933, 74.496254, 65.0854, 72.65543, 89.510124, 126.9744, 117.07328, 148.88779, 142.19487, 147.95378, 138.40007, 139.78914, 152.50496, 198.14171, 133.5113, 128.25356, 129.31143, 118.04463, 118.03934, 130.28383, 123.2527, 145.85036, 173.07257, 158.7828, 154.51492, 188.04706, 159.94162, 146.22919, 161.40839, 160.62225, 225.3416, 192.45944, 172.93823, 210.82442, 156.62756, 166.80522, 169.50996, 154.65524, 165.22598, 158.65817, 150.7005, 169.75711, 146.8963, 153.66565, 153.25447, 158.41643, 146.74417, 164.83409, 142.6263], 'scaler_samples': (array([[0.43966318, 0.91964156],       [0.86242374, 0.09030465],       [0.05302612, 0.63379771]]), array([-1.62105263, -1.63162184, -1.63162184])), 'net': {'saver_path': './M-LOOP_archives/./neural_net_archive_2022-10-23_03-36_3uunzrll.ckpt'}}
