mloop_version='3.3.1'
archive_type='neural_net_learner'
num_params=2
min_boundary=array([0., 0.])
max_boundary=array([1., 1.])
start_datetime='2022-10-23_07-01'
param_names=['', '']
search_precision=1e-06
parameter_searches=10
bad_uncer_frac=0.1
trust_region=nan
has_trust_region=False
predict_global_minima_at_end=True
generation_num=3
update_hyperparameters=False
predicted_best_parameters=array([0.16852516, 0.68025531])
predicted_best_scaled_cost=-7.3393006
predicted_best_cost=-2.343775020011266
all_params=array([[0.39202393, 0.63455231],       [0.63370739, 0.35448215],       [0.28181591, 0.75062272],       [1.        , 0.        ],       [0.        , 0.90588191],       [0.69942169, 0.        ],       [0.56581746, 0.02235214],       [0.49162128, 0.        ],       [0.54082284, 0.        ],       [0.54176771, 0.        ],       [0.05528502, 0.31603399],       [0.60208368, 0.        ],       [0.61898775, 0.        ],       [0.60211934, 0.        ],       [0.84686745, 0.0421958 ],       [0.        , 0.23923909],       [0.        , 0.24803848],       [0.        , 0.        ],       [0.5537524 , 0.558365  ],       [0.        , 0.30022141],       [0.68493999, 0.        ],       [0.64699412, 0.        ],       [0.3345389 , 0.04416689],       [0.56989443, 0.        ],       [0.69844227, 0.        ],       [0.06223526, 0.3673695 ],       [0.30262197, 0.09877973],       [0.1355615 , 0.34378652],       [0.13486175, 0.35440637],       [0.12686879, 0.33524557],       [0.82870377, 0.32750464],       [0.6325706 , 0.01846907],       [0.55950931, 0.18448281],       [0.58733387, 0.14141115],       [0.21424879, 0.66226728],       [0.65368344, 0.        ],       [0.5634041 , 0.16929223],       [0.5479426 , 0.19046755],       [0.81502872, 0.30752541],       [0.58129431, 0.1533724 ],       [0.58066171, 0.1407763 ],       [0.58852121, 0.14507825],       [0.62212722, 0.20623806],       [0.62408403, 0.02308449],       [0.59556719, 0.08802239],       [0.58618565, 0.12254484],       [0.89566107, 0.77531996],       [0.57122647, 0.14463721],       [0.55979777, 0.16134513],       [0.57245036, 0.1640884 ],       [0.92983343, 0.46773238],       [0.15812351, 0.35287833],       [0.5337694 , 0.22315487],       [0.57283261, 0.18271381],       [0.68728031, 0.77667512],       [0.58690995, 0.10354831],       [0.57451022, 0.13764026],       [0.16842074, 0.66256016],       [0.23972824, 0.22299786],       [0.03707906, 0.67481735],       [0.11564221, 0.67296839],       [0.        , 0.67713869],       [0.73544237, 0.28698017],       [0.13700808, 0.67667554],       [0.14735003, 0.67373219],       [0.13044064, 0.67262564],       [0.79574008, 0.74197271],       [0.19897754, 0.66907635],       [0.18294771, 0.6524027 ],       [0.56282857, 0.15830345],       [0.40636441, 0.0914063 ],       [0.16973106, 0.63897176],       [0.15855611, 0.63288344],       [0.16729668, 0.64425925],       [0.73803469, 0.99393768],       [0.0524233 , 0.31041636],       [0.56099543, 0.15484657],       [0.16777395, 0.66079282],       [0.43249389, 0.51061382],       [0.17633487, 0.65362895],       [0.17089644, 0.6519518 ],       [0.17402436, 0.65814105],       [0.04414404, 0.42045024],       [0.17313145, 0.65891076],       [0.56050612, 0.17494848],       [0.15697237, 0.6862809 ],       [0.15356474, 0.40240118],       [0.16885073, 0.67096406],       [0.15563983, 0.66179587],       [0.1708334 , 0.67554165],       [0.4926824 , 0.6035114 ],       [0.16704475, 0.67175402],       [0.17294532, 0.67059137],       [0.16424256, 0.67378861],       [0.13402955, 0.43741613],       [0.17107913, 0.67054518],       [0.173658  , 0.66556535],       [0.16701633, 0.67392392],       [0.01590262, 0.13724342],       [0.16911465, 0.65464984],       [0.1676072 , 0.66661471],       [0.16874325, 0.68128999],       [0.6288742 , 0.10161002],       [0.16225523, 0.70432331],       [0.56203917, 0.17010573],       [0.16003831, 0.71010236],       [0.29340748, 0.15420515],       [0.16569426, 0.6844453 ],       [0.17099991, 0.67989593],       [0.16642296, 0.67914783],       [0.81615412, 0.90280142],       [0.16924752, 0.68150609],       [0.17483747, 0.67980234],       [0.16488866, 0.6791602 ],       [0.99972048, 0.36317321],       [0.88320032, 1.        ],       [0.1687953 , 0.68122569],       [0.9237707 , 1.        ],       [0.89774266, 0.84510737],       [0.17509952, 0.67593931]])
all_costs=array([-1.94180407, -2.03248731, -2.04494382, -1.8727783 , -2.05333333,       -2.16901408, -2.19277108, -1.85542169, -1.93429952, -1.94936709,       -2.24691358, -2.00802407, -2.15500538, -2.04912999, -1.93804453,       -1.86232558, -1.976308  , -1.8283105 , -2.        , -1.91578947,       -2.12301166, -2.12752391, -1.86232558, -1.76077397, -1.91946309,       -1.99601196, -1.86928105, -2.26727067, -1.97241379, -1.93056895,       -2.0120603 , -2.28278221, -2.23687151, -2.2269188 , -2.13660619,       -2.05755396, -2.35252644, -2.06179197, -1.95317073, -1.97241379,       -2.11851852, -2.00802407, -2.17845484, -1.98808342, -2.19758507,       -2.21705426, -2.10073452, -2.02836879, -2.35252644, -2.33605601,       -1.98414272, -1.99601196, -1.81176471, -1.97241379, -2.04494382,       -2.08759124, -2.03662258, -2.31445087, -1.96082272, -1.94936709,       -2.36363636, -2.09195402, -1.95698925, -2.07032058, -2.23188406,       -2.10958904, -2.13205538, -2.19758507, -2.28278221, -2.39187575,       -2.15037594, -2.23188406, -2.15037594, -2.19277108, -1.85886722,       -2.03248731, -2.19277108, -2.61699346, -2.09195402, -2.21705426,       -2.2121547 , -2.16432432, -1.91212989, -2.31445087, -2.43848965,       -2.38049941, -1.85542169, -2.34701055, -2.34701055, -2.35806832,       -2.00802407, -2.16432432, -2.33605601, -2.2418813 , -1.94180407,       -2.36923077, -2.38049941, -2.25704622, -2.330617  , -2.17845484,       -2.27758817, -2.66577896, -2.29850746, -2.16901408, -2.25704622,       -2.21705426, -2.06179197, -2.35806832, -2.3198146 , -2.19277108,       -2.40336134, -2.34152047, -2.25704622, -2.22197558, -2.06179197,       -1.95317073, -2.5119197 , -1.79874214, -1.88689915, -2.2418813 ])
all_uncers=array([1.e-08, 1.e-08, 1.e-08, 1.e-08, 1.e-08, 1.e-08, 1.e-08, 1.e-08,       1.e-08, 1.e-08, 1.e-08, 1.e-08, 1.e-08, 1.e-08, 1.e-08, 1.e-08,       1.e-08, 1.e-08, 1.e-08, 1.e-08, 1.e-08, 1.e-08, 1.e-08, 1.e-08,       1.e-08, 1.e-08, 1.e-08, 1.e-08, 1.e-08, 1.e-08, 1.e-08, 1.e-08,       1.e-08, 1.e-08, 1.e-08, 1.e-08, 1.e-08, 1.e-08, 1.e-08, 1.e-08,       1.e-08, 1.e-08, 1.e-08, 1.e-08, 1.e-08, 1.e-08, 1.e-08, 1.e-08,       1.e-08, 1.e-08, 1.e-08, 1.e-08, 1.e-08, 1.e-08, 1.e-08, 1.e-08,       1.e-08, 1.e-08, 1.e-08, 1.e-08, 1.e-08, 1.e-08, 1.e-08, 1.e-08,       1.e-08, 1.e-08, 1.e-08, 1.e-08, 1.e-08, 1.e-08, 1.e-08, 1.e-08,       1.e-08, 1.e-08, 1.e-08, 1.e-08, 1.e-08, 1.e-08, 1.e-08, 1.e-08,       1.e-08, 1.e-08, 1.e-08, 1.e-08, 1.e-08, 1.e-08, 1.e-08, 1.e-08,       1.e-08, 1.e-08, 1.e-08, 1.e-08, 1.e-08, 1.e-08, 1.e-08, 1.e-08,       1.e-08, 1.e-08, 1.e-08, 1.e-08, 1.e-08, 1.e-08, 1.e-08, 1.e-08,       1.e-08, 1.e-08, 1.e-08, 1.e-08, 1.e-08, 1.e-08, 1.e-08, 1.e-08,       1.e-08, 1.e-08, 1.e-08, 1.e-08, 1.e-08, 1.e-08, 1.e-08, 1.e-08])
bad_run_indexs=[]
best_cost=-2.66577896138482
best_params=array([0.16874325, 0.68128999])
best_index=101
worst_cost=-1.760773966578716
worst_index=23
cost_range=0.9050049948061041
costs_count=120
params_count=91
cost_scaler_init_index=3
net_0={'last_hyperfit': 0, 'last_net_reg': 1e-08, 'regularization_history': [1e-08], 'losses_list': [0.8345999, 0.05196514, 0.030431487, 0.015635828, 0.0017174215, 0.0020102588, 0.0004860055, 6.655335e-05, 0.00012603133, 2.0474421e-05, 3.043211e-06, 4.2183497e-06, 2.1277506e-06, 9.3464575e-07, 6.3177873e-07, 5.632538e-07, 5.4511827e-07, 5.3742315e-07, 5.331716e-07, 5.311705e-07, 5.30431e-07, 5.3020375e-07, 5.301449e-07, 5.301314e-07, 5.3012707e-07, 5.3012735e-07, 5.301263e-07, 5.3012604e-07, 5.3012593e-07, 5.3012593e-07, 6.0608006, 0.47401977, 0.06169749, 0.022931244, 0.007827356, 0.0013004611, 0.0010726159, 0.0004653738, 5.2572377e-05, 4.1909916e-05, 1.4488254e-05, 6.587158e-06, 1.5826297e-06, 1.0921897e-06, 8.322607e-07, 5.744011e-07, 5.668372e-07, 5.379119e-07, 7.219339, 2.110803, 0.94550645, 0.55990267, 0.20126407, 0.07953513, 0.011790919, 0.003518473, 0.004682511, 0.0030086199, 0.0022336442, 0.002214588, 6.26419, 1.5030136, 1.0903894, 0.9462674, 0.83112735, 0.7379453, 0.6528368, 0.57292396, 0.5062559, 0.45300874, 4.833623, 3.201884, 3.6412733, 2.8501775, 2.3362768, 1.8270427, 1.4428577, 1.4103158, 0.9862064, 0.6506108, 0.8645906, 0.5426667, 0.4080441, 0.37581494, 3.0749364, 1.5446821, 1.3648964, 1.2593685, 4.993914, 3.312682, 3.0909956, 3.0822463, 4.062757, 3.693097, 3.8589883, 5.7944527, 4.6773376, 3.7173254, 3.546437, 3.5029354, 4.7138395, 3.7893236, 3.6819267, 3.6757128, 3.8839054, 3.4723973, 4.0076647, 4.404548, 6.9698305, 5.7225275, 5.6010714, 5.1976347, 5.160823, 4.625574, 5.0463448, 4.313021, 3.9601495, 3.7199929, 4.140554, 4.7097244, 7.532928, 5.2730455, 5.6224084, 5.0906034, 5.907846, 5.564802, 5.5311823, 5.621469, 5.716658, 5.6257486, 4.959959, 4.5107794, 4.265487, 4.1093903, 3.944111, 4.0239024, 5.6053796, 4.833279, 4.5663877, 4.4210334, 4.623754, 4.852901, 3.9391813, 3.7416604, 3.9965937, 3.9185486, 3.9588327, 4.257661, 5.4964857, 4.490946, 4.3475895, 4.2237973, 6.2795954, 4.926631], 'scaler_samples': (array([[0.39202393, 0.63455231],       [0.63370739, 0.35448215],       [0.28181591, 0.75062272]]), array([-1.94180407, -2.03248731, -2.04494382])), 'net': {'saver_path': './M-LOOP_archives/./neural_net_archive_2022-10-23_07-01_Fgs1HHQ0.ckpt'}}
net_1={'last_hyperfit': 0, 'last_net_reg': 1e-08, 'regularization_history': [1e-08], 'losses_list': [0.72442985, 0.11235003, 0.046009306, 0.013792513, 0.004371449, 0.0015594957, 0.0006192207, 0.00016293622, 4.1617373e-06, 1.595113e-05, 9.347934e-06, 4.266649e-06, 1.2487001e-06, 1.0704791e-06, 6.821365e-07, 5.5867014e-07, 5.647781e-07, 5.442184e-07, 5.434044e-07, 5.3976527e-07, 5.3999696e-07, 5.396557e-07, 5.396436e-07, 5.396225e-07, 5.396152e-07, 5.396144e-07, 5.3961423e-07, 5.3961406e-07, 5.396141e-07, 5.3961423e-07, 2.115269, 0.07363321, 0.015335884, 0.01852199, 0.0018211936, 0.0024273575, 0.00038962706, 0.00022096504, 7.669588e-05, 2.4309686e-05, 1.1036479e-05, 2.6589403e-06, 1.6830558e-06, 7.409145e-07, 6.902638e-07, 5.824919e-07, 5.557992e-07, 5.439612e-07, 5.8593445, 3.4021046, 1.728517, 0.8232635, 0.5243056, 0.31217867, 0.12575656, 0.022059524, 0.0036072156, 0.005554448, 0.0022544381, 0.00252895, 8.112255, 1.4186459, 1.1589177, 1.1219311, 3.4504693, 3.278257, 2.6719944, 2.0896232, 3.344087, 2.7495418, 2.14175, 1.918364, 4.4876537, 3.6034458, 3.350632, 3.2000792, 3.9916704, 3.786252, 3.7404482, 4.1707454, 4.2317348, 3.793394, 4.625488, 4.128009, 4.19863, 4.028343, 4.5641704, 4.4639273, 5.789704, 5.1035504, 5.087402, 4.376721, 4.213673, 4.0376315, 4.191467, 4.4563212, 4.3548965, 3.857161, 4.3429055, 3.8238018, 4.557208, 4.202793, 4.132869, 4.273396, 4.130867, 4.031511, 3.7145905, 3.603916, 3.768423, 3.4055538, 3.4706824, 3.7904751, 6.3615084, 5.1834016, 4.882676, 4.2529607, 4.236933, 3.9748726, 4.8738217, 5.689095, 4.9907346, 4.558114, 4.663351, 4.1605606], 'scaler_samples': (array([[0.39202393, 0.63455231],       [0.63370739, 0.35448215],       [0.28181591, 0.75062272]]), array([-1.94180407, -2.03248731, -2.04494382])), 'net': {'saver_path': './M-LOOP_archives/./neural_net_archive_2022-10-23_07-01_dSWQPgp_.ckpt'}}
net_2={'last_hyperfit': 0, 'last_net_reg': 1e-08, 'regularization_history': [1e-08], 'losses_list': [2.1376245, 0.3191192, 0.09228259, 0.043985646, 0.014040708, 0.005428541, 0.0010247912, 0.000292946, 0.00018203173, 2.8321732e-05, 3.965089e-05, 6.8712775e-06, 1.7994489e-06, 2.2809154e-06, 7.6548645e-07, 6.100331e-07, 6.207755e-07, 5.4129e-07, 5.422461e-07, 5.3816626e-07, 5.372508e-07, 5.362846e-07, 5.363024e-07, 5.3623245e-07, 5.362145e-07, 5.362042e-07, 5.362051e-07, 5.3620374e-07, 5.362037e-07, 5.3620363e-07, 2.5006986, 0.58920556, 0.019306416, 0.034319997, 0.014905074, 0.006046398, 0.001473016, 0.00016967174, 4.8815287e-05, 3.1249016e-05, 2.2793649e-05, 1.2616756e-05, 6.192861, 3.1751974, 1.2257231, 0.6498868, 0.3520638, 0.1316219, 0.039172288, 0.0070874565, 0.0029935357, 0.0033720569, 7.903437, 1.6300967, 1.0774552, 0.935982, 0.80528057, 0.7346362, 7.436268, 5.945557, 3.3806531, 2.5794225, 2.463905, 2.8423984, 2.6821935, 2.11119, 1.9659463, 1.9458127, 4.2462015, 3.6647747, 3.5497644, 3.4088821, 3.9958754, 3.9062824, 4.247069, 4.143981, 5.502508, 4.241706, 4.097984, 4.1225686, 4.733806, 4.451599, 4.408222, 4.313265, 5.330835, 5.229026, 5.9232883, 5.6588106, 5.558474, 5.2522535, 6.0046854, 5.182711, 4.9290075, 4.6193924, 4.6497297, 5.1817827, 5.5559525, 5.7482357, 4.980786, 4.671991, 5.1251197, 4.8295045, 4.7111444, 4.6896358, 5.1468587, 4.501582, 5.401712, 3.9452357, 4.1294956, 3.770752, 5.311025, 5.1394386, 5.963303, 5.090541, 4.360363, 4.1756396, 4.5831947, 4.1276183, 3.9537432, 4.7030444, 4.322707, 4.0213513, 5.7766314, 4.701379, 4.4753113, 4.444168], 'scaler_samples': (array([[0.39202393, 0.63455231],       [0.63370739, 0.35448215],       [0.28181591, 0.75062272]]), array([-1.94180407, -2.03248731, -2.04494382])), 'net': {'saver_path': './M-LOOP_archives/./neural_net_archive_2022-10-23_07-01_Ww3mIaPu.ckpt'}}
