mloop_version='3.3.1'
archive_type='neural_net_learner'
num_params=2
min_boundary=array([0., 0.])
max_boundary=array([1., 1.])
start_datetime='2022-10-23_07-42'
param_names=['', '']
search_precision=1e-06
parameter_searches=10
bad_uncer_frac=0.1
trust_region=nan
has_trust_region=False
predict_global_minima_at_end=True
generation_num=3
update_hyperparameters=False
predicted_best_parameters=array([0.76141188, 0.1999943 ])
predicted_best_scaled_cost=-4.051018
predicted_best_cost=-2.4296672399877957
all_params=array([[0.03557176, 0.73170557],       [0.44806842, 0.31246559],       [0.31939603, 0.41963734],       [1.        , 0.        ],       [1.        , 0.        ],       [0.76030453, 0.        ],       [0.07836422, 0.62387183],       [0.45868312, 0.23816938],       [0.49309294, 0.25761908],       [0.45768487, 0.31129786],       [0.74216537, 0.04193225],       [0.        , 0.54700781],       [0.        , 0.55162676],       [0.        , 0.53291809],       [0.99603819, 0.47687199],       [0.46223756, 0.        ],       [0.07063733, 0.62004954],       [0.40069768, 0.17080754],       [0.54344101, 0.53618352],       [0.0540577 , 0.62085327],       [0.36985228, 0.2296509 ],       [0.36659516, 0.2438159 ],       [0.40216126, 0.02848033],       [0.        , 0.63919781],       [0.        , 0.64575811],       [0.        , 0.63328778],       [0.89516571, 0.19141507],       [0.04407815, 0.62642997],       [0.05149372, 0.61689116],       [0.06367322, 0.60565995],       [0.00603614, 0.73947001],       [1.        , 0.19986338],       [1.        , 0.18733392],       [1.        , 0.1546323 ],       [0.19820267, 0.2586872 ],       [0.05226564, 0.6249582 ],       [0.08667102, 0.60904984],       [0.03213727, 0.62224851],       [0.3420779 , 0.51799979],       [0.43529641, 0.16353842],       [0.4263194 , 0.16807543],       [0.43451071, 0.16374567],       [0.66150409, 0.34646585],       [0.06209065, 0.60258224],       [0.42321741, 0.1773435 ],       [0.05659042, 0.60654728],       [0.52168003, 0.19096591],       [0.41669329, 0.1661909 ],       [0.71645138, 0.28273904],       [0.76894572, 0.26476678],       [0.27620853, 0.8142952 ],       [0.57136437, 0.20218921],       [0.48615391, 0.13674525],       [0.64786867, 0.34420907],       [0.16767526, 0.41649988],       [0.33992131, 0.88449819],       [0.27514365, 1.        ],       [0.29247561, 0.85896468],       [0.06381714, 0.49247413],       [0.21314205, 0.77565732],       [0.2283476 , 0.78586099],       [0.54084292, 0.13543098],       [0.81727126, 0.4144093 ],       [0.54026235, 0.14711855],       [0.55878595, 0.13101464],       [0.55817648, 0.11506871],       [0.12957004, 0.748667  ],       [0.20581712, 0.37501855],       [0.56239605, 0.08991604],       [0.25309677, 0.81763029],       [0.30385671, 0.66673582],       [0.28684978, 0.80539094],       [0.15702153, 0.43709325],       [0.2858628 , 0.80149407],       [0.19497836, 0.06372163],       [0.50891964, 0.17935394],       [0.16498486, 0.40003178],       [0.51214506, 0.14728849],       [0.18498274, 0.40582131],       [0.70672442, 0.40776308],       [0.2410467 , 0.84551031],       [0.25923616, 0.84775072],       [0.28512878, 0.910203  ],       [0.69418695, 0.27595448],       [0.18037927, 0.44295792],       [0.18964472, 0.43140845],       [0.3224602 , 0.87663435],       [0.54787493, 0.18183067],       [0.2102343 , 0.79418435],       [0.19446389, 0.76163441],       [0.80604971, 0.17733199],       [0.19332849, 0.74724126],       [0.53524423, 0.12665819],       [0.18240462, 0.40689182],       [0.39343051, 0.49819373],       [0.05460477, 0.61744364],       [0.54300415, 0.11989055],       [0.24429921, 0.8455562 ],       [0.53985076, 0.02874692],       [0.        , 0.        ],       [0.2704372 , 0.83129034],       [0.88737286, 0.16497667],       [0.21913036, 0.27941116],       [0.20315387, 0.77436949],       [0.5209654 , 0.18573631],       [0.20389617, 0.77947067],       [0.83482914, 0.02838315],       [0.27168702, 0.81623594],       [0.27005845, 0.81080541],       [0.17147215, 0.42045205],       [0.89798701, 0.7784987 ],       [0.52467176, 0.1862755 ],       [0.53998369, 0.13988233],       [0.49362815, 0.13131254],       [0.73428319, 0.37134517],       [0.50972019, 0.19677412],       [0.52124323, 0.18515354],       [1.        , 0.70425395],       [0.63085718, 0.88063413],       [0.69250121, 0.32642875]])
all_costs=array([-2.06604747, -2.23687151, -2.12752391, -1.94936709, -2.07032058,       -2.16432432, -2.26214689, -2.21705426, -2.10958904, -2.13660619,       -2.07892004, -1.9920398 , -2.03248731, -1.98414272, -2.12301166,       -1.98414272, -2.29850746, -2.29850746, -2.14576635, -2.50563204,       -1.96082272, -2.08324662, -1.94180407, -2.        , -2.14576635,       -2.0120603 , -2.36363636, -2.15500538, -2.42079807, -2.28278221,       -1.96467125, -2.00802407, -2.2932417 , -2.10515247, -2.16432432,       -2.11404435, -2.1596548 , -2.2121547 , -2.20242024, -2.20242024,       -2.49315068, -2.330617  , -2.37485172, -2.20242024, -2.2418813 ,       -2.23188406, -2.48079306, -2.35252644, -2.37485172, -2.20242024,       -2.56338028, -2.16901408, -2.43256379, -2.29850746, -2.47466007,       -2.11404435, -2.04077472, -2.18797814, -2.13660619, -2.46855734,       -2.20242024, -2.61016949, -2.33605601, -2.2269188 , -2.2932417 ,       -2.41495778, -2.08324662, -2.09195402, -2.12301166, -2.37485172,       -2.10073452, -2.10073452, -2.10958904, -2.34701055, -2.330617  ,       -2.18797814, -2.15037594, -2.14576635, -2.42666667, -2.0120603 ,       -2.4504284 , -2.21705426, -2.41495778, -2.1596548 , -2.19758507,       -2.24691358, -2.04912999, -2.24691358, -2.25704622, -2.45644172,       -2.38617402, -2.09633508, -2.38617402, -2.22197558, -2.14576635,       -2.30911188, -2.10958904, -2.2269188 , -1.99601196, -1.90848427,       -2.38049941, -2.288     , -2.36923077, -2.04077472, -2.5373891 ,       -1.98414272, -2.20242024, -2.5373891 , -2.38049941, -2.19758507,       -1.93056895, -2.28278221, -2.27758817, -2.28278221, -2.17372421,       -2.16901408, -2.35252644, -2.0120603 , -2.40336134, -2.12301166])
all_uncers=array([1.e-08, 1.e-08, 1.e-08, 1.e-08, 1.e-08, 1.e-08, 1.e-08, 1.e-08,       1.e-08, 1.e-08, 1.e-08, 1.e-08, 1.e-08, 1.e-08, 1.e-08, 1.e-08,       1.e-08, 1.e-08, 1.e-08, 1.e-08, 1.e-08, 1.e-08, 1.e-08, 1.e-08,       1.e-08, 1.e-08, 1.e-08, 1.e-08, 1.e-08, 1.e-08, 1.e-08, 1.e-08,       1.e-08, 1.e-08, 1.e-08, 1.e-08, 1.e-08, 1.e-08, 1.e-08, 1.e-08,       1.e-08, 1.e-08, 1.e-08, 1.e-08, 1.e-08, 1.e-08, 1.e-08, 1.e-08,       1.e-08, 1.e-08, 1.e-08, 1.e-08, 1.e-08, 1.e-08, 1.e-08, 1.e-08,       1.e-08, 1.e-08, 1.e-08, 1.e-08, 1.e-08, 1.e-08, 1.e-08, 1.e-08,       1.e-08, 1.e-08, 1.e-08, 1.e-08, 1.e-08, 1.e-08, 1.e-08, 1.e-08,       1.e-08, 1.e-08, 1.e-08, 1.e-08, 1.e-08, 1.e-08, 1.e-08, 1.e-08,       1.e-08, 1.e-08, 1.e-08, 1.e-08, 1.e-08, 1.e-08, 1.e-08, 1.e-08,       1.e-08, 1.e-08, 1.e-08, 1.e-08, 1.e-08, 1.e-08, 1.e-08, 1.e-08,       1.e-08, 1.e-08, 1.e-08, 1.e-08, 1.e-08, 1.e-08, 1.e-08, 1.e-08,       1.e-08, 1.e-08, 1.e-08, 1.e-08, 1.e-08, 1.e-08, 1.e-08, 1.e-08,       1.e-08, 1.e-08, 1.e-08, 1.e-08, 1.e-08, 1.e-08, 1.e-08, 1.e-08])
bad_run_indexs=[]
best_cost=-2.610169491525424
best_params=array([0.54084292, 0.13543098])
best_index=61
worst_cost=-1.9084842707340326
worst_index=99
cost_range=0.7016852207913913
costs_count=120
params_count=90
cost_scaler_init_index=3
net_0={'last_hyperfit': 0, 'last_net_reg': 1e-08, 'regularization_history': [1e-08], 'losses_list': [0.70534736, 0.0042537097, 0.002458692, 0.0010621736, 0.0009362481, 0.00059130945, 0.0002085427, 5.6535064e-05, 1.3852906e-05, 2.3109556e-06, 3.1759857e-06, 3.6465121e-06, 2.1305516e-06, 8.7391834e-07, 5.458842e-07, 5.698995e-07, 5.6215003e-07, 5.4118414e-07, 5.3955824e-07, 5.3963737e-07, 5.385733e-07, 5.385864e-07, 5.385452e-07, 5.3850704e-07, 5.385056e-07, 5.385051e-07, 5.385051e-07, 5.3850505e-07, 5.385049e-07, 5.3850476e-07, 2.2287946, 0.28327313, 0.33959916, 0.24630521, 0.24971476, 0.2480421, 1.1875713, 0.427599, 0.34909305, 0.31362966, 3.6974485, 0.69740963, 0.29807618, 0.23973402, 0.21772577, 0.19406964, 1.2390172, 0.60781735, 0.41012946, 0.37150177, 0.4636132, 0.3054409, 2.0025232, 1.1066697, 0.99863154, 0.8313306, 0.5632831, 0.41865164, 0.34382224, 0.339597, 0.2769342, 0.2699768, 5.798896, 1.3182733, 0.8299944, 0.5714009, 0.41965201, 0.28721032, 0.21841666, 0.19936225, 1.6058967, 0.94639415, 0.6730316, 0.59717965, 1.3037812, 1.1509489, 1.3140109, 1.4659452, 1.5276835, 1.2001278, 1.1373501, 1.1790498, 1.2454927, 1.1337736, 1.2438973, 1.1274967, 1.4629387, 1.4891462, 2.36567, 1.2362232, 1.1690412, 1.0968289, 1.8695203, 1.1503116, 0.93731064, 0.8620623, 1.3629407, 0.994547, 0.94407624, 0.95435023, 1.285262, 1.5216794, 2.2575908, 1.3899729, 1.2502929, 1.1411773, 1.0808246, 1.2609389, 1.8372467, 1.4368101, 1.4004147, 1.2524968, 2.0438447, 1.4472901, 1.3631514, 1.3508252, 1.615953, 2.5655346, 2.0412076, 1.7616197, 1.54049, 1.437326, 1.4387764, 1.3447975, 1.3422978, 1.4398586, 1.5217097, 1.207735, 1.189692, 1.0610149, 1.1420635, 2.3119924, 2.2674503, 1.6038039, 1.5332254, 1.3472352, 1.717127, 1.5282174, 1.4806566, 1.4375435, 1.5460742, 1.5339859, 1.2969441, 2.192811, 2.4803395, 1.782449, 1.702803, 1.6853982, 1.8331131, 1.603965, 1.576639, 1.4648046], 'scaler_samples': (array([[0.03557176, 0.73170557],       [0.44806842, 0.31246559],       [0.31939603, 0.41963734]]), array([-2.06604747, -2.23687151, -2.12752391])), 'net': {'saver_path': './M-LOOP_archives/./neural_net_archive_2022-10-23_07-42__RRl9W9o.ckpt'}}
net_1={'last_hyperfit': 0, 'last_net_reg': 1e-08, 'regularization_history': [1e-08], 'losses_list': [0.9049995, 0.017427042, 0.0012277638, 0.0010854698, 0.0007689564, 0.0002015226, 0.00012621084, 0.00014251441, 8.0615435e-05, 2.0629981e-05, 1.9542213e-06, 2.4369615e-06, 1.6178744e-06, 5.4905325e-07, 6.229419e-07, 5.547402e-07, 5.286069e-07, 5.303918e-07, 5.2498194e-07, 5.255228e-07, 5.248317e-07, 5.2486746e-07, 5.247916e-07, 5.2479015e-07, 5.2477833e-07, 5.247775e-07, 5.2477736e-07, 5.2477736e-07, 5.2477736e-07, 5.2477736e-07, 3.3542452, 0.5386669, 0.32886404, 0.24871674, 0.25112656, 0.24750976, 1.0865682, 0.61831844, 0.39526966, 0.36620003, 3.5869074, 0.82910717, 0.4963258, 0.36953348, 0.29534948, 0.26059464, 1.0365078, 0.40017945, 0.44248423, 0.33287743, 0.26011944, 0.29224697, 2.0088656, 0.9768245, 0.7208184, 0.50603807, 0.3516125, 0.50353247, 3.8017268, 1.1133289, 0.7086341, 0.46511853, 0.31655598, 0.25536925, 0.21019414, 0.1986055, 1.6259651, 0.82562363, 0.6015197, 0.56797945, 1.2310178, 1.4268491, 1.7556736, 1.1884083, 1.2195628, 1.027572, 1.208669, 1.0373297, 1.2286074, 0.9953157, 1.3896194, 1.5837394, 2.226463, 1.1024754, 1.011952, 0.90130013, 1.6566083, 1.0365059, 0.9057931, 0.8710997, 1.1013122, 0.93320507, 0.8698568, 0.8070672, 1.3475115, 1.3992435, 1.6133089, 1.3053052, 1.2395873, 1.0987747, 1.1738118, 0.9721138, 1.5598571, 1.2764773, 1.143029, 1.0503528, 1.6768475, 1.139651, 0.96595216, 0.9809211, 1.4099641, 2.193041, 1.8874838, 1.4461089, 1.3545464, 1.1721429, 1.320396, 1.1668055, 1.021513, 0.94619733, 1.2755839, 1.0718614, 1.2845193, 1.1870015, 1.3372302, 1.1643885, 1.4586707, 1.1570976, 1.0868728, 1.1296259, 1.1854122, 1.0595034, 1.372365, 1.3652972, 1.4621667, 1.1187787, 1.2015841, 1.0035126, 1.0111723, 0.861883], 'scaler_samples': (array([[0.03557176, 0.73170557],       [0.44806842, 0.31246559],       [0.31939603, 0.41963734]]), array([-2.06604747, -2.23687151, -2.12752391])), 'net': {'saver_path': './M-LOOP_archives/./neural_net_archive_2022-10-23_07-42_HJ4AgG0X.ckpt'}}
net_2={'last_hyperfit': 0, 'last_net_reg': 1e-08, 'regularization_history': [1e-08], 'losses_list': [0.67899317, 0.078793876, 0.015169204, 0.00040775407, 0.0025826069, 0.0010500574, 7.956151e-05, 1.1322416e-05, 3.5017896e-05, 2.416632e-05, 1.1114538e-05, 4.065938e-06, 1.2568028e-06, 5.9735316e-07, 5.7905925e-07, 5.6499977e-07, 5.372082e-07, 5.353753e-07, 5.3565833e-07, 5.3439817e-07, 5.344364e-07, 5.343567e-07, 5.3430443e-07, 5.342983e-07, 5.3429176e-07, 5.3429017e-07, 5.342898e-07, 5.342893e-07, 5.3428926e-07, 5.3428914e-07, 3.8102477, 0.5936081, 0.36574674, 0.27140462, 0.25616276, 0.24968925, 1.0610622, 0.5063546, 0.38127604, 0.34396797, 3.675519, 0.7415201, 0.40124053, 0.26766187, 0.22027662, 0.20410854, 1.0381777, 0.8522446, 0.65508604, 0.5372, 0.3632054, 0.2436281, 0.2681154, 0.25855374, 2.2906885, 1.1704056, 0.97233206, 0.766112, 0.6213387, 0.48134646, 0.43452376, 0.47337756, 0.3469381, 0.31460115, 3.906165, 1.2996761, 0.74159485, 0.57626235, 0.50185436, 0.41109595, 1.3948628, 0.94760275, 0.67941993, 0.6349015, 1.1731133, 1.6886673, 2.7184613, 1.1743557, 1.0519236, 1.0755776, 1.153822, 1.0973997, 1.2092313, 1.0558531, 1.5091727, 1.9551834, 2.440065, 1.2453463, 1.1124607, 1.0647604, 1.6660107, 1.1819416, 0.98031574, 1.0119088, 1.1364986, 0.95435745, 1.4683303, 1.6489598, 1.6443955, 1.4997938, 1.9264388, 1.4021667, 1.2159674, 1.2846968, 1.9238886, 1.4431759, 1.3613951, 1.2587806, 2.0397227, 1.4384094, 1.3854043, 1.2579798, 1.5331331, 1.9242147, 1.8931804, 1.7322079, 1.5954694, 1.4872417, 1.8696886, 1.5747441, 1.4542029, 1.3970929, 1.4614316, 1.6758258, 1.6041998, 1.4898119, 1.8718853, 1.552024, 1.4533178, 1.3688834, 1.4734982, 1.3684292, 1.5783155, 1.5484452], 'scaler_samples': (array([[0.03557176, 0.73170557],       [0.44806842, 0.31246559],       [0.31939603, 0.41963734]]), array([-2.06604747, -2.23687151, -2.12752391])), 'net': {'saver_path': './M-LOOP_archives/./neural_net_archive_2022-10-23_07-42_3lfc6Y4x.ckpt'}}
