mloop_version='3.3.1'
archive_type='neural_net_learner'
num_params=6
min_boundary=array([0.051, 0.051, 0.051, 0.051, 0.051, 0.051])
max_boundary=array([0.949, 0.949, 0.949, 0.949, 0.949, 0.949])
start_datetime='2022-10-23_20-53'
param_names=['', '', '', '', '', '']
search_precision=1e-06
parameter_searches=10
bad_uncer_frac=0.1
trust_region=nan
has_trust_region=False
predict_global_minima_at_end=True
generation_num=3
update_hyperparameters=False
predicted_best_parameters=array([0.051     , 0.84746834, 0.70877974, 0.051     , 0.949     ,       0.50207246])
predicted_best_scaled_cost=-10.005166
predicted_best_cost=-1.143101483358285
all_params=array([[0.7838013 , 0.4346873 , 0.06655626, 0.81665315, 0.78279518,        0.29365834],       [0.32002864, 0.62416349, 0.35714281, 0.84714211, 0.38255186,        0.82663779],       [0.2060549 , 0.82202047, 0.70246207, 0.33244723, 0.35292863,        0.78474787],       [0.59056832, 0.051     , 0.949     , 0.051     , 0.42218882,        0.30248951],       [0.051     , 0.68486874, 0.949     , 0.051     , 0.949     ,        0.80038806],       [0.051     , 0.949     , 0.949     , 0.949     , 0.949     ,        0.051     ],       [0.15566322, 0.52667155, 0.23467399, 0.93804085, 0.50558869,        0.10119478],       [0.051     , 0.51754149, 0.949     , 0.051     , 0.949     ,        0.949     ],       [0.051     , 0.63135993, 0.949     , 0.051     , 0.949     ,        0.93758139],       [0.051     , 0.051     , 0.949     , 0.71957925, 0.949     ,        0.949     ]])
all_costs=array([-1.06546035, -1.04543081, -1.0609433 , -1.06773333, -1.10546659,       -1.07461084, -1.09458721, -1.07230852, -1.07345845, -1.07230852])
all_uncers=array([0.01720451, 0.01405114, 0.01652751, 0.01753915, 0.02267511,       0.01852992, 0.02125932, 0.01820169, 0.01836604, 0.01820169])
bad_run_indexs=[]
best_cost=-1.105466593042518
best_params=array([0.051     , 0.68486874, 0.949     , 0.051     , 0.949     ,       0.80038806])
best_index=4
worst_cost=-1.0454308093994777
worst_index=1
cost_range=0.0600357836430403
costs_count=10
params_count=8
cost_scaler_init_index=3
net_0={'last_hyperfit': 0, 'last_net_reg': 1e-08, 'regularization_history': [1e-08], 'losses_list': [0.60056704, 0.066442125, 0.010872292, 0.00021047787, 0.002094941, 0.0014701516, 0.0004162897, 7.009359e-05, 1.0979816e-05, 4.0971922e-06, 2.1613268e-06, 1.4348005e-06, 1.0621409e-06, 7.279316e-07, 5.8783843e-07, 5.6013016e-07, 5.4644613e-07, 5.4406536e-07, 5.441939e-07, 5.4404086e-07, 5.4401886e-07, 5.438941e-07, 5.438408e-07, 5.438187e-07, 5.4381155e-07, 5.4380894e-07, 5.438088e-07, 5.438087e-07, 5.4380837e-07, 5.4380786e-07, 2.7638373, 0.2670678, 0.023980971, 0.02108082, 0.0033612398, 0.0022826004, 0.00077181135, 0.00023498244, 0.00015518084, 2.343248e-05, 1.5697557e-05, 6.508424e-06, 1.3121719e-06, 1.4130701e-06, 6.647807e-07, 6.301297e-07, 5.644046e-07, 5.530663e-07, 3.1399665, 0.5717861, 0.1724114, 0.053307187, 0.015733572, 0.0022971602, 0.0010298067, 0.0006150543, 0.0001064955, 3.620934e-05, 1.844704e-05, 9.929372e-06, 2.5938646e-06, 9.687701e-07, 1.0673002e-06, 6.4763e-07, 5.6876337e-07, 5.633811e-07, 5.514643e-07, 5.488568e-07], 'scaler_samples': (array([[0.7838013 , 0.4346873 , 0.06655626, 0.81665315, 0.78279518,        0.29365834],       [0.32002864, 0.62416349, 0.35714281, 0.84714211, 0.38255186,        0.82663779],       [0.2060549 , 0.82202047, 0.70246207, 0.33244723, 0.35292863,        0.78474787]]), array([-1.06546035, -1.04543081, -1.0609433 ])), 'net': {'saver_path': './M-LOOP_archives/./neural_net_archive_2022-10-23_20-53_QkSJ6ou9.ckpt'}}
net_1={'last_hyperfit': 0, 'last_net_reg': 1e-08, 'regularization_history': [1e-08], 'losses_list': [3.1127062, 0.11390678, 0.02643273, 0.023942472, 0.010639416, 0.0022653264, 0.0007233522, 0.00024012935, 3.947933e-05, 9.623404e-06, 1.01186915e-05, 5.7968577e-06, 2.3305984e-06, 1.3083595e-06, 9.0075713e-07, 6.255468e-07, 5.516799e-07, 5.359416e-07, 5.3093845e-07, 5.3203115e-07, 5.3102247e-07, 5.3065054e-07, 5.3052787e-07, 5.3051366e-07, 5.305086e-07, 5.305045e-07, 5.305032e-07, 5.305034e-07, 5.305032e-07, 5.305031e-07, 0.833875, 0.17073528, 0.03620172, 0.009761003, 0.0011107811, 0.0012836078], 'scaler_samples': (array([[0.7838013 , 0.4346873 , 0.06655626, 0.81665315, 0.78279518,        0.29365834],       [0.32002864, 0.62416349, 0.35714281, 0.84714211, 0.38255186,        0.82663779],       [0.2060549 , 0.82202047, 0.70246207, 0.33244723, 0.35292863,        0.78474787]]), array([-1.06546035, -1.04543081, -1.0609433 ])), 'net': {'saver_path': './M-LOOP_archives/./neural_net_archive_2022-10-23_20-53_99sfhG4u.ckpt'}}
net_2={'last_hyperfit': 0, 'last_net_reg': 1e-08, 'regularization_history': [1e-08], 'losses_list': [4.319958, 0.44953886, 0.028849604, 0.0137579525, 0.014545737, 0.0029494143, 6.939179e-05, 0.0005468603, 0.0002522608, 3.951001e-05, 7.53314e-06, 4.258327e-06, 2.1344813e-06, 1.3247296e-06, 9.703631e-07, 7.283532e-07, 6.0000184e-07, 5.5161655e-07, 5.3738745e-07, 5.33528e-07, 5.322963e-07, 5.317854e-07, 5.315744e-07, 5.314926e-07, 5.3146573e-07, 5.3145976e-07, 5.3146243e-07, 5.314599e-07, 5.314598e-07, 5.3146175e-07, 2.7243252, 0.15943913, 0.046428043, 0.016703209, 0.0075322865, 0.0013216996, 0.00026408854, 0.00012243843, 0.000116606854, 4.6473502e-05, 7.538994e-06, 1.5845653e-06, 1.4839134e-06, 1.1752634e-06, 7.2298826e-07, 5.5720733e-07, 5.4592897e-07, 5.4109836e-07], 'scaler_samples': (array([[0.7838013 , 0.4346873 , 0.06655626, 0.81665315, 0.78279518,        0.29365834],       [0.32002864, 0.62416349, 0.35714281, 0.84714211, 0.38255186,        0.82663779],       [0.2060549 , 0.82202047, 0.70246207, 0.33244723, 0.35292863,        0.78474787]]), array([-1.06546035, -1.04543081, -1.0609433 ])), 'net': {'saver_path': './M-LOOP_archives/./neural_net_archive_2022-10-23_20-53_Y1FNaNyR.ckpt'}}
