mloop_version='3.3.1'
archive_type='neural_net_learner'
num_params=6
min_boundary=array([0., 0., 0., 0., 0., 0.])
max_boundary=array([1., 1., 1., 1., 1., 1.])
start_datetime='2022-10-23_16-15'
param_names=['', '', '', '', '', '']
search_precision=1e-06
parameter_searches=10
bad_uncer_frac=0.1
trust_region=nan
has_trust_region=False
predict_global_minima_at_end=True
generation_num=3
update_hyperparameters=False
predicted_best_parameters=array([0.        , 0.80511162, 0.20511153, 0.75861911, 0.25683247,       1.        ])
predicted_best_scaled_cost=-4.18387
predicted_best_cost=-1.2085090895487054
all_params=array([[4.77241783e-01, 4.57656464e-01, 2.82496594e-01, 1.60024548e-01,        4.42062025e-01, 3.48186102e-01],       [2.62174308e-01, 4.92889793e-01, 1.33288841e-01, 7.97050557e-01,        3.61467241e-01, 1.75427880e-03],       [2.19484112e-01, 5.26954665e-01, 7.42619925e-01, 4.14781615e-01,        8.90515388e-01, 7.04251995e-01],       [0.00000000e+00, 0.00000000e+00, 1.89865898e-01, 1.00000000e+00,        0.00000000e+00, 1.00000000e+00],       [1.00000000e+00, 6.47115788e-01, 8.67859553e-01, 1.00000000e+00,        1.20991645e-01, 0.00000000e+00],       [1.00000000e+00, 1.00000000e+00, 0.00000000e+00, 0.00000000e+00,        0.00000000e+00, 5.37892459e-01],       [1.17492108e-02, 2.22636028e-01, 7.81238102e-02, 8.41302519e-01,        1.85179775e-01, 8.47521994e-01],       [1.00000000e+00, 4.57291518e-01, 9.70211490e-01, 6.42358015e-01,        0.00000000e+00, 1.76740166e-01],       [1.00000000e+00, 6.04962349e-01, 2.26600114e-01, 8.62983194e-01,        0.00000000e+00, 8.80969458e-01],       [1.00000000e+00, 5.89836505e-01, 7.64314461e-01, 1.31541680e-01,        0.00000000e+00, 0.00000000e+00],       [6.63440078e-01, 3.57900395e-01, 2.31147039e-01, 5.12058331e-01,        5.57681718e-01, 6.98396527e-02],       [1.00000000e+00, 5.95806993e-01, 5.93728020e-01, 0.00000000e+00,        0.00000000e+00, 0.00000000e+00],       [1.00000000e+00, 5.70580480e-01, 1.00000000e+00, 1.62220592e-01,        0.00000000e+00, 0.00000000e+00],       [0.00000000e+00, 2.04755987e-01, 0.00000000e+00, 0.00000000e+00,        0.00000000e+00, 3.95879565e-01],       [4.42308925e-01, 7.83042846e-01, 5.35065486e-01, 7.08863653e-01,        9.90462678e-01, 1.31049163e-01],       [8.94197135e-01, 0.00000000e+00, 8.59478785e-01, 1.00000000e+00,        1.00000000e+00, 1.00000000e+00],       [1.00000000e+00, 6.31210384e-01, 8.71403221e-01, 1.73509305e-01,        0.00000000e+00, 3.35071943e-04],       [1.00000000e+00, 0.00000000e+00, 0.00000000e+00, 1.00000000e+00,        5.94412581e-01, 0.00000000e+00],       [3.49523622e-01, 9.54500849e-01, 3.28774390e-01, 7.81688790e-01,        7.01362009e-01, 7.01628317e-01],       [1.00000000e+00, 4.15479188e-01, 1.65122267e-01, 5.19778744e-01,        0.00000000e+00, 1.99552086e-01],       [1.00000000e+00, 5.79275970e-01, 6.18386711e-01, 3.11553942e-01,        0.00000000e+00, 4.72371796e-02],       [1.00000000e+00, 1.00000000e+00, 1.00000000e+00, 9.94707481e-01,        1.00000000e+00, 0.00000000e+00],       [6.89274030e-01, 8.30684715e-01, 7.33400765e-01, 9.96855299e-01,        6.96323482e-01, 6.41461184e-01],       [1.00000000e+00, 5.76722304e-01, 8.82651755e-01, 1.34095517e-03,        1.21547575e-01, 0.00000000e+00],       [1.00000000e+00, 5.92180147e-01, 8.31257791e-01, 3.84455996e-02,        0.00000000e+00, 0.00000000e+00],       [1.00000000e+00, 6.04432754e-01, 9.34082125e-01, 1.02225464e-01,        0.00000000e+00, 0.00000000e+00],       [8.73252052e-01, 3.62125977e-01, 8.65279469e-01, 9.30961164e-01,        7.30991128e-01, 6.52295532e-01],       [1.00000000e+00, 5.85397678e-01, 7.13286028e-01, 3.94951771e-01,        3.69396581e-03, 0.00000000e+00],       [1.00000000e+00, 5.89022799e-01, 7.55277728e-01, 1.65796087e-01,        1.33591192e-02, 0.00000000e+00],       [0.00000000e+00, 2.10099553e-01, 0.00000000e+00, 1.00000000e+00,        1.75364390e-01, 1.00000000e+00],       [1.55017944e-01, 8.30870482e-01, 4.42611550e-02, 1.50119157e-01,        8.59318891e-01, 6.65725042e-01],       [1.00000000e+00, 3.11601837e-01, 0.00000000e+00, 5.33383371e-01,        7.84405598e-01, 0.00000000e+00],       [0.00000000e+00, 5.21566305e-01, 0.00000000e+00, 0.00000000e+00,        0.00000000e+00, 9.18966263e-01],       [6.30006994e-01, 1.00000000e+00, 9.46858259e-01, 1.00000000e+00,        1.00000000e+00, 6.81768155e-01],       [2.52642520e-01, 4.09807144e-01, 7.89401405e-01, 8.01269284e-01,        5.34261316e-01, 5.64090710e-01],       [7.36074729e-01, 3.39956492e-01, 0.00000000e+00, 7.33282141e-01,        6.10718009e-01, 0.00000000e+00],       [1.00000000e+00, 5.85225811e-01, 6.92774847e-01, 1.64151646e-01,        0.00000000e+00, 0.00000000e+00],       [0.00000000e+00, 1.50358661e-01, 0.00000000e+00, 1.00000000e+00,        7.04767359e-01, 1.00000000e+00],       [9.28340919e-01, 5.95804515e-02, 5.11509049e-02, 3.23147045e-01,        8.07144804e-02, 6.91228833e-01],       [1.00000000e+00, 2.77962486e-01, 4.17777544e-01, 2.76504163e-01,        6.58672427e-01, 0.00000000e+00],       [7.08473221e-01, 3.21154600e-01, 0.00000000e+00, 9.68193707e-01,        1.00000000e+00, 5.02209126e-01],       [0.00000000e+00, 2.52003305e-01, 1.00000000e+00, 8.85044493e-01,        1.00000000e+00, 7.58283144e-01],       [2.44768770e-01, 5.98843180e-01, 4.18043629e-01, 1.51642247e-01,        8.81932450e-01, 3.47893816e-01],       [1.00000000e+00, 8.74004736e-02, 0.00000000e+00, 0.00000000e+00,        0.00000000e+00, 6.84056444e-01],       [1.00000000e+00, 5.90455874e-01, 7.91502651e-01, 1.27328439e-01,        0.00000000e+00, 0.00000000e+00],       [0.00000000e+00, 2.05639232e-01, 7.54523603e-02, 7.25452396e-01,        0.00000000e+00, 8.07599024e-01],       [2.49348620e-01, 1.55993929e-01, 6.20467481e-01, 4.94079023e-02,        8.07921208e-01, 4.75933379e-01],       [1.00000000e+00, 0.00000000e+00, 0.00000000e+00, 5.02736007e-01,        0.00000000e+00, 6.87100656e-01],       [1.00000000e+00, 5.90245753e-01, 7.49408084e-01, 1.21349150e-01,        0.00000000e+00, 1.52098332e-02],       [9.24779716e-01, 0.00000000e+00, 0.00000000e+00, 2.25516295e-01,        0.00000000e+00, 0.00000000e+00],       [6.96596345e-01, 6.32855062e-01, 7.45371804e-01, 7.96564916e-01,        3.38634554e-02, 7.69439392e-01],       [1.00000000e+00, 0.00000000e+00, 4.60262491e-02, 4.00492429e-02,        5.04283881e-01, 1.00000000e+00],       [0.00000000e+00, 3.53563577e-01, 4.35891258e-01, 9.46578100e-01,        1.51992503e-01, 4.04982596e-01],       [0.00000000e+00, 1.01185641e-01, 1.00000000e+00, 0.00000000e+00,        7.72342396e-01, 1.00000000e+00],       [3.37694574e-01, 6.64462324e-01, 4.08194420e-01, 5.49939634e-01,        2.56351790e-01, 2.53850938e-01],       [1.00000000e+00, 5.82459878e-01, 8.29567989e-01, 1.48165378e-01,        6.92077837e-02, 0.00000000e+00],       [0.00000000e+00, 2.56730912e-01, 1.49556821e-01, 7.62410227e-01,        2.26882588e-01, 7.43924687e-01],       [6.28067014e-01, 9.74132060e-01, 1.00000000e+00, 1.00000000e+00,        0.00000000e+00, 1.00000000e+00],       [8.94390253e-02, 1.75871959e-01, 2.79972950e-01, 5.39668788e-01,        2.96441069e-01, 8.27374039e-01],       [9.42264713e-01, 0.00000000e+00, 4.53014745e-02, 1.95386084e-01,        0.00000000e+00, 7.92009466e-01],       [9.03891818e-01, 5.39480380e-01, 5.22552447e-01, 2.67675779e-01,        4.76231186e-01, 7.95403926e-01],       [1.00000000e+00, 5.56494708e-01, 8.53396407e-01, 6.50852412e-01,        0.00000000e+00, 4.03066248e-01],       [3.68141059e-01, 2.57857415e-01, 5.58919666e-01, 2.29894800e-01,        4.23174734e-01, 9.22907281e-01],       [0.00000000e+00, 1.57424766e-01, 2.06912204e-01, 4.61978878e-01,        3.86171738e-01, 1.00000000e+00],       [1.29287054e-01, 2.63218187e-01, 9.43163662e-02, 5.87719019e-01,        3.48925296e-01, 7.03314288e-01],       [0.00000000e+00, 1.54647176e-01, 2.58523108e-01, 5.55140144e-01,        2.54364281e-01, 7.60718004e-01],       [5.64712320e-01, 9.21458568e-01, 4.65682217e-01, 9.75924574e-01,        1.41015250e-01, 5.67954120e-01],       [9.66090615e-01, 4.03653809e-01, 0.00000000e+00, 0.00000000e+00,        6.65204515e-01, 0.00000000e+00],       [2.44600491e-01, 2.65057174e-01, 1.55708534e-01, 5.17183296e-01,        1.81143320e-01, 7.66301544e-01],       [8.58042837e-01, 2.61962124e-01, 0.00000000e+00, 1.73665685e-01,        6.51308652e-01, 3.08408953e-01],       [5.97098277e-01, 4.67504772e-01, 1.08459880e-01, 4.69209579e-01,        2.35045927e-01, 3.36241299e-01],       [2.31087436e-01, 1.84622237e-01, 6.42980899e-01, 3.01688176e-01,        8.80727624e-01, 6.36829995e-01],       [1.00000000e+00, 5.87612672e-01, 8.32945555e-01, 1.67764155e-01,        1.28848955e-01, 3.13280501e-02],       [1.00000000e+00, 1.04183082e-01, 0.00000000e+00, 1.59145205e-01,        0.00000000e+00, 4.90949780e-01],       [7.43157809e-01, 3.00654766e-01, 7.07608683e-01, 4.79303823e-01,        7.93720924e-01, 7.95780475e-02],       [1.00000000e+00, 5.92002006e-01, 8.90739589e-01, 1.41252557e-01,        2.91346162e-01, 5.95103544e-03],       [1.00000000e+00, 5.95610009e-01, 9.65221128e-01, 2.76271772e-01,        1.00000000e+00, 5.30463942e-02],       [1.00000000e+00, 5.74249780e-01, 1.00000000e+00, 0.00000000e+00,        6.06314514e-01, 0.00000000e+00],       [4.85298163e-01, 7.59395029e-01, 8.30380550e-01, 5.82800820e-01,        8.34214361e-01, 7.93121907e-01],       [1.00000000e+00, 5.82717390e-01, 8.65093146e-01, 2.07129895e-01,        1.87542012e-01, 1.26524753e-01],       [1.00000000e+00, 5.86812685e-01, 8.70996953e-01, 2.04882523e-01,        1.33905644e-01, 6.59362528e-02],       [1.00000000e+00, 6.05473263e-01, 1.00000000e+00, 3.32630522e-01,        5.48491234e-04, 0.00000000e+00],       [3.26655226e-01, 6.44756746e-01, 8.01057513e-01, 3.37637300e-01,        2.11380458e-01, 9.95964415e-01],       [1.00000000e+00, 5.87173749e-01, 8.25394090e-01, 1.71191890e-01,        1.00397264e-01, 8.34549315e-03],       [1.00000000e+00, 6.02818622e-01, 7.90324051e-01, 9.19852856e-02,        1.34858204e-01, 4.62508635e-02],       [4.19570525e-01, 5.02374919e-01, 0.00000000e+00, 9.44158648e-01,        1.00000000e+00, 2.84720889e-01],       [1.93661249e-02, 5.35179344e-01, 8.26345187e-01, 2.51837119e-01,        7.50553957e-01, 9.03943651e-01],       [1.00000000e+00, 5.93343771e-01, 7.80550571e-01, 1.22204722e-01,        1.51424891e-01, 0.00000000e+00],       [1.00000000e+00, 6.00796939e-01, 7.80615036e-01, 1.03957382e-01,        2.41000025e-01, 0.00000000e+00],       [1.00000000e+00, 5.81437921e-01, 7.48938286e-01, 1.91298432e-01,        2.59758205e-01, 0.00000000e+00],       [5.14619751e-01, 1.07303914e-01, 8.44453139e-01, 8.90854594e-01,        2.61322499e-01, 2.94336856e-01],       [1.00000000e+00, 5.96235603e-01, 8.31657185e-01, 1.17800640e-01,        1.50146036e-01, 0.00000000e+00],       [1.00000000e+00, 8.14987786e-01, 4.55509792e-02, 1.00000000e+00,        5.38902047e-01, 0.00000000e+00],       [3.34963570e-01, 0.00000000e+00, 1.00000000e+00, 0.00000000e+00,        6.13256055e-01, 1.93038809e-01],       [2.69303968e-01, 8.30735183e-01, 3.59596553e-01, 9.22826478e-02,        8.33204894e-01, 5.96585010e-01],       [1.00000000e+00, 5.88532650e-01, 8.02704988e-01, 1.56289061e-01,        1.38733803e-01, 1.72224329e-02],       [1.00000000e+00, 6.03186141e-01, 8.30114912e-01, 1.12333012e-01,        1.35821166e-01, 1.20136796e-01],       [1.00000000e+00, 5.94975415e-01, 8.80049523e-01, 1.73226911e-01,        1.12433768e-01, 0.00000000e+00],       [2.45908663e-01, 1.45410448e-01, 5.86629849e-01, 2.93171230e-01,        6.79884547e-01, 1.61144612e-01],       [2.89625414e-01, 8.79489763e-01, 3.29394633e-01, 0.00000000e+00,        6.96449266e-01, 8.33249547e-01],       [1.71987794e-01, 1.00000000e+00, 4.97973076e-01, 0.00000000e+00,        1.00000000e+00, 1.00000000e+00],       [4.37411869e-01, 1.00000000e+00, 8.47991231e-01, 0.00000000e+00,        1.00000000e+00, 5.37469325e-01],       [2.11471288e-01, 5.95712823e-01, 3.48131715e-01, 1.85185165e-01,        7.07356950e-01, 5.22850893e-01],       [2.99382831e-01, 8.93019097e-01, 2.49338818e-01, 0.00000000e+00,        8.81894802e-01, 5.36584388e-01],       [2.90102494e-01, 9.55157377e-01, 4.25011300e-01, 1.15927198e-01,        7.72327295e-01, 3.00483543e-01],       [2.31138234e-01, 9.39966765e-01, 3.18250667e-01, 0.00000000e+00,        1.00000000e+00, 4.78696300e-01],       [1.13021357e-01, 1.04841016e-01, 4.00061849e-01, 9.49459902e-02,        4.89605671e-01, 7.73992272e-01],       [2.78024300e-01, 7.82693216e-01, 3.84932968e-01, 1.90983461e-01,        8.27499619e-01, 6.40815980e-01],       [2.61831281e-01, 7.72643862e-01, 4.44674094e-01, 2.84314652e-01,        7.75698862e-01, 5.68772681e-01],       [2.70545671e-01, 8.36229433e-01, 3.94768867e-01, 5.09415294e-02,        8.11455571e-01, 6.19297112e-01],       [3.03127131e-01, 6.75409741e-01, 4.16768979e-01, 6.53683125e-01,        4.98924985e-02, 6.73604916e-01],       [2.74713867e-01, 8.67268510e-01, 3.06306357e-01, 2.65760498e-02,        8.28907608e-01, 6.19000942e-01],       [2.60083761e-01, 8.04975856e-01, 3.08112650e-01, 0.00000000e+00,        7.99422759e-01, 5.74351915e-01],       [4.92454249e-02, 0.00000000e+00, 5.43037473e-01, 0.00000000e+00,        1.91939275e-01, 8.41732748e-01],       [6.35501727e-01, 9.88784501e-01, 5.46581852e-01, 1.55865937e-01,        2.17988142e-01, 3.06708451e-01],       [1.23166312e-02, 0.00000000e+00, 3.00925606e-01, 0.00000000e+00,        5.64506319e-01, 7.18880118e-01],       [2.57032707e-01, 8.19556179e-01, 3.79857452e-01, 1.10025692e-01,        8.39767413e-01, 5.80920531e-01],       [1.18337318e-01, 2.55197456e-02, 3.40419994e-01, 0.00000000e+00,        6.21232856e-01, 7.03641062e-01],       [1.25555081e-01, 8.54469050e-01, 1.07748770e-01, 8.19018596e-01,        5.95908807e-01, 9.91448612e-01],       [8.90080907e-02, 1.48197056e-01, 4.25928218e-01, 9.28085155e-02,        4.53044402e-01, 7.32509930e-01]])
all_costs=array([-1.11407902, -1.14465409, -1.09100817, -1.11284047, -1.15256189,       -1.09939594, -1.1646306 , -1.12788732, -1.1228267 , -1.18531676,       -1.15522216, -1.11284047, -1.12031337, -1.10668878, -1.14074074,       -1.10546659, -1.12535132, -1.13171283, -1.13043478, -1.09939594,       -1.13944223, -1.1103716 , -1.15123634, -1.15123634, -1.1228267 ,       -1.14204221, -1.0969863 , -1.13944223, -1.14991384, -1.11407902,       -1.09939594, -1.14596451, -1.09939594, -1.13043478, -1.14991384,       -1.0969863 , -1.12156863, -1.10791367, -1.17007598, -1.11284047,       -1.10181618, -1.1228267 , -1.13427762, -1.14859438, -1.16598719,       -1.16057971, -1.15123634, -1.09219858, -1.12915962, -1.11284047,       -1.14074074, -1.09339159, -1.13299377, -1.14727794, -1.09100817,       -1.16327716, -1.17007598, -1.11781128, -1.17419355, -1.12915962,       -1.11532033, -1.11532033, -1.14727794, -1.13299377, -1.1646306 ,       -1.15256189, -1.14991384, -1.10181618, -1.13944223, -1.09939594,       -1.15789474, -1.13556438, -1.20384847, -1.13299377, -1.14859438,       -1.15389049, -1.14334666, -1.12156863, -1.13299377, -1.16057971,       -1.17695473, -1.10060473, -1.14991384, -1.17007598, -1.19522388,       -1.13944223, -1.15389049, -1.15923567, -1.16870987, -1.12031337,       -1.12031337, -1.18391484, -1.12535132, -1.13427762, -1.22296885,       -1.20529801, -1.18672199, -1.15522216, -1.17007598, -1.14596451,       -1.13043478, -1.11284047, -1.15123634, -1.11284047, -1.15123634,       -1.10668878, -1.19952067, -1.14334666, -1.13043478, -1.1783402 ,       -1.14596451, -1.14465409, -1.14334666, -1.0969863 , -1.12788732,       -1.11656442, -1.16598719, -1.15789474, -1.19665272, -1.15389049])
all_uncers=array([1.e-08, 1.e-08, 1.e-08, 1.e-08, 1.e-08, 1.e-08, 1.e-08, 1.e-08,       1.e-08, 1.e-08, 1.e-08, 1.e-08, 1.e-08, 1.e-08, 1.e-08, 1.e-08,       1.e-08, 1.e-08, 1.e-08, 1.e-08, 1.e-08, 1.e-08, 1.e-08, 1.e-08,       1.e-08, 1.e-08, 1.e-08, 1.e-08, 1.e-08, 1.e-08, 1.e-08, 1.e-08,       1.e-08, 1.e-08, 1.e-08, 1.e-08, 1.e-08, 1.e-08, 1.e-08, 1.e-08,       1.e-08, 1.e-08, 1.e-08, 1.e-08, 1.e-08, 1.e-08, 1.e-08, 1.e-08,       1.e-08, 1.e-08, 1.e-08, 1.e-08, 1.e-08, 1.e-08, 1.e-08, 1.e-08,       1.e-08, 1.e-08, 1.e-08, 1.e-08, 1.e-08, 1.e-08, 1.e-08, 1.e-08,       1.e-08, 1.e-08, 1.e-08, 1.e-08, 1.e-08, 1.e-08, 1.e-08, 1.e-08,       1.e-08, 1.e-08, 1.e-08, 1.e-08, 1.e-08, 1.e-08, 1.e-08, 1.e-08,       1.e-08, 1.e-08, 1.e-08, 1.e-08, 1.e-08, 1.e-08, 1.e-08, 1.e-08,       1.e-08, 1.e-08, 1.e-08, 1.e-08, 1.e-08, 1.e-08, 1.e-08, 1.e-08,       1.e-08, 1.e-08, 1.e-08, 1.e-08, 1.e-08, 1.e-08, 1.e-08, 1.e-08,       1.e-08, 1.e-08, 1.e-08, 1.e-08, 1.e-08, 1.e-08, 1.e-08, 1.e-08,       1.e-08, 1.e-08, 1.e-08, 1.e-08, 1.e-08, 1.e-08, 1.e-08, 1.e-08])
bad_run_indexs=[]
best_cost=-1.222968845448992
best_params=array([0.26930397, 0.83073518, 0.35959655, 0.09228265, 0.83320489,       0.59658501])
best_index=94
worst_cost=-1.0910081743869209
worst_index=2
cost_range=0.1319606710620711
costs_count=120
params_count=90
cost_scaler_init_index=3
net_0={'last_hyperfit': 0, 'last_net_reg': 1e-08, 'regularization_history': [1e-08], 'losses_list': [1.6806748, 0.08096928, 0.05796857, 0.023187218, 0.0034833616, 0.0004548456, 0.00081574667, 0.00047009907, 0.00014137742, 2.9178733e-05, 4.395229e-06, 8.775212e-07, 7.384889e-07, 7.5428477e-07, 6.6023784e-07, 5.713974e-07, 5.3525173e-07, 5.291081e-07, 5.2801147e-07, 5.2677206e-07, 5.264783e-07, 5.2652894e-07, 5.264981e-07, 5.264656e-07, 5.2645277e-07, 5.2645044e-07, 5.264507e-07, 5.2645026e-07, 5.2645015e-07, 5.264501e-07, 5.162843, 0.17457034, 0.035570074, 0.00995954, 0.003052989, 0.0009903581, 0.00036105388, 0.00016350436, 4.9242524e-05, 1.7118622e-05, 3.918869e-06, 1.2834186e-06, 9.666392e-07, 6.5918823e-07, 5.862912e-07, 5.4690304e-07, 5.3472326e-07, 5.317796e-07, 1.0744876, 0.035675704, 0.023852825, 0.0067886445, 0.0020318741, 0.0007508815, 0.00022227735, 8.776206e-05, 2.0123418e-05, 6.2608838e-06, 1.3631904e-06, 1.2786259e-06, 9.153366e-07, 6.393731e-07, 1.8316767, 0.47649157, 0.38135862, 0.29709092, 0.19323745, 0.08960254, 0.02086538, 0.00031069238, 0.0017836821, 0.0008049906, 1.9353836e-05, 0.00012202462, 2.1888236e-06, 1.2929066e-05, 2.5593886e-06, 1.2553617e-06, 1.0461267e-06, 5.4572394e-07, 6.077631e-07, 5.340171e-07, 0.7305948, 1.3958651, 2.6520514, 0.38117412, 0.1970893, 0.1332542, 0.09077022, 0.06241905, 0.023802439, 0.009135766, 0.0026893294, 0.00038513652, 0.00046481375, 2.6006353e-05, 4.8431552e-06, 1.251442e-06, 6.7107464e-07, 5.7978616e-07, 0.3752373, 0.15710363, 0.11102829, 0.10038523, 0.48676756, 0.23612392, 0.1983003, 0.1911117, 0.23821677, 0.28003582, 0.47984096, 0.27612755, 0.19361979, 0.14527133, 0.14707953, 0.12602037, 0.09575855, 0.089848, 0.297018, 0.074015096, 0.052648984, 0.04479944, 0.065767564, 0.031973153, 0.02499123, 0.11343265, 0.34802693, 0.2890251, 0.3252019, 0.2380449, 0.38329554, 0.22602664, 0.4271499, 0.17762128, 0.20418854, 0.17249206, 0.09766886, 0.14687768, 0.23548864, 0.059742033, 0.081932046, 0.067311555, 0.07801844, 0.052718002, 0.033768278, 0.03531415, 0.16535614, 0.05097097, 0.047482114, 0.049996316, 0.10192701, 0.28470662, 0.22735296, 0.09039377, 0.0940537, 0.04436958, 0.0449179, 0.03979679, 0.18438224, 0.07862705, 0.13505146, 0.058334272, 0.054890633, 0.042345133, 0.15597226, 0.040455714, 0.03469432, 0.07456679, 0.08739822, 0.095237516, 0.26208758, 0.08551444, 0.05026278, 0.041949056, 0.18333131, 0.04774582, 0.03561245, 0.032623656, 0.038303047, 0.057952575, 0.025172502, 0.020515343, 0.020432323, 0.02158236, 0.25983655, 0.2595281, 0.35592833, 0.18909837, 0.12294726, 0.093574345, 0.050600704, 0.04541447, 0.037656702, 0.062128868, 0.24560966, 0.13701876, 0.061537735, 0.04137242, 0.22371803, 0.04674174, 0.031216498, 0.038556296, 0.01677956, 0.03368772, 0.30126423, 0.18651505, 0.220494, 0.07926571, 0.35725138, 0.21816954, 0.16162573, 0.14233413, 0.11016752, 0.12558581, 0.12811103, 0.1374863, 0.16843323, 0.07311131, 0.101426564, 0.064670995, 0.041887924, 0.04842503], 'scaler_samples': (array([[0.47724178, 0.45765646, 0.28249659, 0.16002455, 0.44206203,        0.3481861 ],       [0.26217431, 0.49288979, 0.13328884, 0.79705056, 0.36146724,        0.00175428],       [0.21948411, 0.52695467, 0.74261992, 0.41478161, 0.89051539,        0.70425199]]), array([-1.11407902, -1.14465409, -1.09100817])), 'net': {'saver_path': './M-LOOP_archives/./neural_net_archive_2022-10-23_16-15_uW2JM8MN.ckpt'}}
net_1={'last_hyperfit': 0, 'last_net_reg': 1e-08, 'regularization_history': [1e-08], 'losses_list': [0.20112354, 0.060549393, 0.02634191, 0.009943512, 0.0034455494, 0.0009463699, 0.00012709723, 1.3957676e-06, 3.1640455e-05, 2.2171254e-05, 2.3576758e-06, 1.4005481e-06, 1.4938826e-06, 5.456245e-07, 6.5935717e-07, 5.4496485e-07, 5.5387676e-07, 5.4017096e-07, 5.416318e-07, 5.3973537e-07, 5.3992846e-07, 5.397435e-07, 5.3973173e-07, 5.39711e-07, 5.397094e-07, 5.39706e-07, 5.3970297e-07, 5.397004e-07, 5.396978e-07, 5.396953e-07, 2.2289484, 0.38991988, 0.03376764, 0.0152339265, 0.0041407067, 0.0024398705, 0.00080294866, 0.0002039664, 0.00010608668, 3.1893032e-05, 9.288598e-06, 4.2575416e-06, 7.4478316e-07, 9.0485105e-07, 7.173605e-07, 5.9602576e-07, 1.1428616, 0.15442437, 0.029676044, 0.0047084447, 0.002921059, 0.0008817898, 0.0002758363, 6.1140396e-05, 1.636935e-05, 1.0405203e-05, 5.4321445e-06, 2.204873e-06, 8.952992e-07, 6.0469483e-07, 5.8675505e-07, 5.7332693e-07, 1.570363, 0.5248607, 0.39621243, 0.32907504, 0.2741448, 0.20867635, 0.14042476, 0.07564983, 0.024791824, 0.0017067454, 0.0007830019, 0.0011212989, 0.00013624034, 2.165093e-05, 4.705286e-05, 6.9150033e-06, 1.3251861e-06, 2.5137163e-06, 0.8128659, 0.39662743, 0.44511345, 0.8318304, 0.36362794, 0.5414027, 0.2834083, 0.2554104, 0.16390534, 0.10037158, 0.2066943, 0.074172765, 0.03155658, 0.026263539, 0.00332753, 0.004100126, 0.00086540385, 0.00036117854, 9.6946584e-05, 4.597275e-05, 5.9076367e-05, 3.6417376e-05, 3.396465e-05, 8.288891e-06, 3.912539e-06, 3.883449e-06, 2.7112635e-06, 8.0804546e-07, 6.725897e-07, 6.4358505e-07, 0.3074728, 0.1305163, 0.08589265, 0.10911565, 0.046340663, 0.022790296, 0.013621942, 0.007113389, 0.0024251193, 0.00065903453, 0.0001663652, 3.7804348e-05, 3.2318057e-06, 9.032609e-07, 5.9583016e-07, 5.9572096e-07, 0.35457644, 0.20496891, 0.1573107, 0.11517715, 0.08605503, 0.06506277, 0.044986192, 0.022279883, 0.008068913, 0.007763179, 0.031106185, 0.0029823221, 0.000741635, 0.000675404, 8.4985186e-05, 2.665378e-05, 8.483345e-06, 6.6465736e-07, 1.1330492e-06, 5.866041e-07, 5.7191454e-07, 5.738968e-07, 0.39940092, 0.12751715, 0.09453955, 0.0704459, 0.04749553, 0.08488653, 0.22071499, 0.32378593, 0.141105, 0.1251506, 0.43531525, 0.17968678, 0.17136261, 0.20046388, 0.496616, 0.11247262, 0.06275305, 0.047286823, 0.052092165, 0.028615316, 0.020584904, 0.010867337, 0.010946326, 0.002543965, 0.11709823, 0.020468147, 0.009122033, 0.007002995, 0.0056008906, 0.0045992546, 0.003993046, 0.0030945302, 0.0023989747, 0.0016929588, 0.0012906329, 0.0016363844, 0.32830012, 0.4868304, 0.5651954, 0.25360534, 0.17947194, 0.16246867, 0.157441, 0.13131416, 0.16756754, 0.083897546, 0.07166225, 0.06727545, 0.055520196, 0.04458067, 0.2206199, 0.056304332, 0.043616697, 0.052597422, 0.046647888, 0.029005079, 0.07777234, 0.22037506, 0.28281134, 0.14503893, 0.07124784, 0.05907563, 0.11856502, 0.10458282, 0.054106683, 0.04772325, 0.03972873, 0.035464216, 0.042203844, 0.029289277, 0.022802291, 0.032248836, 0.18802111, 0.038172822, 0.025450835, 0.020871148, 0.13528755, 0.3684474, 0.115728945, 0.06347, 0.14339428, 0.09324449, 0.057306133, 0.045482535, 0.13929155, 0.06861025, 0.057005674, 0.048736744, 0.07321856, 0.058840122, 0.051263142, 0.049494922, 0.040437568, 0.047963213, 0.2826065, 0.07449446, 0.049714018, 0.22915162, 0.6898637, 0.1675264, 0.16886012, 0.08589224, 0.07603877, 0.06393613, 0.22293858, 0.11762373, 0.13997248, 0.062856615, 0.24711847, 0.11182983, 0.23174988, 0.158652, 0.20321885, 0.20847608, 0.09643824, 0.06352692, 0.05928822, 0.07464492, 0.2501832, 0.15135677, 0.095300876, 0.07659848, 0.052085955, 0.049054384], 'scaler_samples': (array([[0.47724178, 0.45765646, 0.28249659, 0.16002455, 0.44206203,        0.3481861 ],       [0.26217431, 0.49288979, 0.13328884, 0.79705056, 0.36146724,        0.00175428],       [0.21948411, 0.52695467, 0.74261992, 0.41478161, 0.89051539,        0.70425199]]), array([-1.11407902, -1.14465409, -1.09100817])), 'net': {'saver_path': './M-LOOP_archives/./neural_net_archive_2022-10-23_16-15_B72Bh4Vg.ckpt'}}
net_2={'last_hyperfit': 0, 'last_net_reg': 1e-08, 'regularization_history': [1e-08], 'losses_list': [2.4207523, 0.23204607, 0.08291355, 0.021413513, 0.0031338418, 0.00013333332, 0.00013380949, 0.0001376787, 7.4863456e-05, 3.110941e-05, 1.1972682e-05, 3.9928555e-06, 1.2320455e-06, 6.464194e-07, 5.482203e-07, 5.615738e-07, 5.662151e-07, 5.5325717e-07, 5.4267366e-07, 5.3825846e-07, 5.37721e-07, 5.378207e-07, 5.3775966e-07, 5.3771396e-07, 5.3769645e-07, 5.376908e-07, 5.3768844e-07, 5.376882e-07, 5.3768804e-07, 5.37688e-07, 17.747139, 0.6314073, 0.12511611, 0.048518125, 0.02776876, 0.005948384, 0.00251608, 0.00071256363, 0.00018193669, 8.279003e-05, 8.986548e-06, 1.0486827e-05, 2.4272615e-06, 1.0377997e-06, 9.844003e-07, 6.305461e-07, 5.610719e-07, 5.598695e-07, 0.53415847, 0.14022745, 0.00089335704, 0.0037516204, 0.0013978792, 0.00022289378, 6.544538e-05, 4.8218964e-05, 9.1615775e-06, 5.131157e-06, 2.185812e-06, 8.872333e-07, 8.930333e-07, 6.52349e-07, 5.5902956e-07, 5.477132e-07, 2.4463267, 0.5970888, 0.40230158, 0.29638326, 0.1880662, 0.08479251, 0.022230864, 0.0018634541, 0.0002569554, 0.00063812284, 0.9249082, 0.6697093, 0.5252055, 0.53765476, 0.21324089, 0.21286657, 0.70636433, 0.47613814, 0.23697202, 0.13945799, 0.10076667, 0.13863604, 0.06191949, 0.039711025, 0.036776464, 0.018987, 0.012373051, 0.008533244, 0.004783975, 0.0029715402, 0.44545874, 0.2784917, 0.20141767, 0.17727485, 0.15154786, 0.17542455, 0.40318474, 0.23518787, 0.20721614, 0.19340052, 0.22228722, 0.6862699, 0.70452917, 0.3903615, 0.3350819, 0.29932195, 0.2744725, 0.25502938, 0.4973855, 0.25286102, 0.2076882, 0.18175198, 0.16475397, 0.15593292, 0.18316525, 0.13178754, 0.119185165, 0.113618635, 0.5307818, 0.33416054, 0.6381654, 0.26558885, 0.23194732, 0.31775603, 0.32490906, 0.2444033, 0.19138335, 0.19633946, 0.32745534, 0.16560817, 0.1587963, 0.12686805, 0.112156376, 0.1560053, 0.14733647, 0.15497749, 0.4540894, 0.18914597, 0.18120229, 0.11962009, 0.101583116, 0.090567574, 0.28371572, 0.15318725, 0.12751156, 0.10834007, 0.1200765, 0.101290114, 0.12948973, 0.08150847, 0.069889225, 0.075470045, 0.2530604, 0.21241656, 0.12429635, 0.12088823, 0.28948864, 0.12088063, 0.0919182, 0.10272541, 0.070574895, 0.060890883, 0.19890818, 0.12674952, 0.12933877, 0.09833483, 0.092888035, 0.07968144, 0.130865, 0.08946522, 0.06173955, 0.05400182, 0.048274662, 0.05649235, 0.25856817, 0.39092052, 0.2095398, 0.16622753, 0.59461564, 0.31299236, 0.36169896, 0.20892413, 0.11248634, 0.15962003, 0.092388615, 0.10295332, 0.4854673, 0.24543473, 0.18320557, 0.22941956, 0.119374715, 0.15441494, 0.08565097, 0.07926289, 0.06461494, 0.046898343, 0.13700436, 0.08264057, 0.2217213, 0.15156245, 0.06053085, 0.042874556, 0.0428272, 0.04552476, 0.033703852, 0.057272725, 0.25431824, 0.21916263, 0.13320541, 0.11706656, 0.15178493, 0.103430785], 'scaler_samples': (array([[0.47724178, 0.45765646, 0.28249659, 0.16002455, 0.44206203,        0.3481861 ],       [0.26217431, 0.49288979, 0.13328884, 0.79705056, 0.36146724,        0.00175428],       [0.21948411, 0.52695467, 0.74261992, 0.41478161, 0.89051539,        0.70425199]]), array([-1.11407902, -1.14465409, -1.09100817])), 'net': {'saver_path': './M-LOOP_archives/./neural_net_archive_2022-10-23_16-15_l_SocpF-.ckpt'}}
