mloop_version='3.3.1'
archive_type='neural_net_learner'
num_params=6
min_boundary=array([0., 0., 0., 0., 0., 0.])
max_boundary=array([1., 1., 1., 1., 1., 1.])
start_datetime='2022-10-23_16-30'
param_names=['', '', '', '', '', '']
search_precision=1e-06
parameter_searches=10
bad_uncer_frac=0.1
trust_region=nan
has_trust_region=False
predict_global_minima_at_end=True
generation_num=3
update_hyperparameters=False
predicted_best_parameters=array([0.77382698, 0.01077954, 0.6045743 , 0.08713246, 0.50856736,       0.18390142])
predicted_best_scaled_cost=-8.886295
predicted_best_cost=-1.2804668802045924
all_params=array([[6.78992796e-01, 8.51755423e-02, 4.07817390e-01, 6.14958052e-01,        3.96238097e-01, 2.24668050e-01],       [8.89873040e-01, 8.01847921e-01, 7.00567981e-01, 3.68579137e-01,        3.72636836e-01, 6.76034089e-01],       [5.50018503e-01, 2.08334670e-02, 5.23693142e-01, 1.07398025e-01,        4.46417950e-01, 9.93389284e-01],       [1.32299000e-01, 5.20359813e-01, 2.58245653e-01, 1.00000000e+00,        0.00000000e+00, 0.00000000e+00],       [6.19381613e-01, 6.59985225e-02, 6.71792563e-01, 1.00000000e+00,        2.29345987e-01, 1.00000000e+00],       [0.00000000e+00, 0.00000000e+00, 1.30067638e-01, 9.19408525e-01,        3.02811463e-01, 2.34312194e-01],       [9.11961621e-01, 8.07115646e-01, 7.80956238e-01, 1.12135664e-01,        1.00503808e-01, 1.98533130e-01],       [9.23869224e-01, 0.00000000e+00, 5.87579955e-01, 0.00000000e+00,        5.10843706e-01, 1.76584869e-01],       [6.89155651e-01, 3.57379117e-01, 4.70190782e-01, 5.09698776e-01,        4.37167942e-01, 8.29382869e-01],       [1.00000000e+00, 3.53520774e-01, 5.27705630e-01, 0.00000000e+00,        4.63926861e-01, 1.00000000e+00],       [7.08035154e-02, 8.78570582e-01, 9.04456337e-01, 9.75377059e-01,        7.55935337e-02, 8.07203995e-01],       [1.00000000e+00, 1.00000000e+00, 8.44302722e-01, 0.00000000e+00,        0.00000000e+00, 1.43331585e-01],       [9.63724945e-01, 7.95262050e-01, 9.27566393e-01, 0.00000000e+00,        0.00000000e+00, 0.00000000e+00],       [1.00000000e+00, 1.00000000e+00, 1.00000000e+00, 0.00000000e+00,        0.00000000e+00, 0.00000000e+00],       [1.93542892e-01, 9.24053169e-01, 1.63651190e-01, 1.52166201e-01,        5.55100407e-01, 5.61471132e-01],       [9.62685759e-01, 1.00000000e+00, 8.03488525e-01, 3.23662878e-01,        0.00000000e+00, 0.00000000e+00],       [8.84519893e-01, 1.00000000e+00, 7.01769730e-01, 8.65467001e-02,        0.00000000e+00, 1.02566845e-01],       [9.70304304e-01, 1.00000000e+00, 6.96172789e-01, 0.00000000e+00,        0.00000000e+00, 0.00000000e+00],       [8.51205011e-01, 4.22146158e-01, 2.76436254e-02, 9.47837307e-01,        5.67668837e-01, 5.08983110e-01],       [0.00000000e+00, 7.41843657e-01, 9.50424224e-01, 8.36419539e-01,        2.59694958e-01, 1.00000000e+00],       [0.00000000e+00, 1.00000000e+00, 8.35096450e-01, 3.61546786e-01,        1.52119557e-01, 1.00000000e+00],       [0.00000000e+00, 1.00000000e+00, 1.00000000e+00, 0.00000000e+00,        1.08548577e-01, 1.00000000e+00],       [9.75844817e-01, 7.91444265e-01, 7.19929379e-01, 4.14936156e-02,        6.97560339e-01, 8.88033358e-01],       [8.39756932e-01, 1.00000000e+00, 7.99296308e-01, 1.11516397e-01,        6.27773893e-02, 1.91416538e-01],       [8.91060056e-01, 1.00000000e+00, 8.75433560e-01, 0.00000000e+00,        1.03537533e-02, 4.89582824e-01],       [0.00000000e+00, 1.00000000e+00, 1.00000000e+00, 8.57064078e-01,        5.66552369e-04, 1.00000000e+00],       [8.27695669e-01, 4.24216066e-01, 6.20009804e-02, 6.74640321e-01,        7.68317019e-01, 4.62366953e-01],       [9.06828554e-01, 7.57997595e-01, 7.71100027e-01, 1.57538912e-01,        1.25515587e-01, 2.08536421e-01],       [8.90718364e-01, 1.00000000e+00, 7.41924335e-01, 9.91638257e-02,        1.02837560e-01, 2.50500222e-02],       [0.00000000e+00, 1.00000000e+00, 3.49571009e-01, 3.62843903e-01,        0.00000000e+00, 6.44843852e-01],       [3.01198660e-01, 4.71993827e-04, 8.63489833e-01, 9.25460321e-02,        1.86436666e-01, 9.06502484e-01],       [8.33886075e-01, 6.80544166e-01, 7.53331297e-01, 7.57280992e-02,        5.93396186e-02, 1.58070833e-01],       [9.17426454e-01, 7.74417689e-01, 7.64991218e-01, 0.00000000e+00,        1.13621026e-01, 3.23299401e-01],       [9.20438299e-01, 9.58781672e-01, 7.76898133e-01, 8.80700264e-02,        7.37147246e-02, 2.49753218e-01],       [8.46137604e-01, 5.10787011e-01, 6.28457434e-01, 8.27751112e-01,        2.70609844e-01, 9.72923199e-01],       [7.68450321e-01, 5.79681398e-01, 7.30812504e-01, 1.50134561e-01,        1.42046021e-01, 2.38194109e-01],       [7.60239352e-01, 1.00000000e+00, 7.85303357e-01, 1.08509831e-01,        0.00000000e+00, 0.00000000e+00],       [0.00000000e+00, 0.00000000e+00, 7.94585949e-01, 2.91102142e-01,        1.35504434e-01, 1.00000000e+00],       [8.70849619e-01, 5.21363222e-01, 9.06069320e-02, 3.82409968e-01,        2.23205661e-01, 9.71465772e-01],       [8.81862913e-01, 6.75963433e-01, 7.61880650e-01, 1.38929462e-01,        1.48829738e-01, 2.88702397e-01],       [8.87401112e-01, 8.16587771e-01, 8.21083522e-01, 5.27492863e-02,        2.39068619e-02, 0.00000000e+00],       [9.09225051e-01, 9.43494976e-01, 7.83563277e-01, 1.21174753e-01,        5.21110325e-02, 1.99402675e-01],       [7.89941381e-01, 4.14723622e-01, 2.10236099e-02, 8.93695591e-01,        9.35097792e-01, 5.18021640e-01],       [8.64574170e-01, 7.47830350e-01, 7.67110576e-01, 1.19043535e-01,        1.06376745e-01, 2.31776430e-01],       [9.03000335e-01, 8.47103125e-01, 7.65538337e-01, 8.35924173e-02,        1.01471281e-01, 3.06933314e-01],       [9.37341432e-01, 9.68369962e-01, 7.67123700e-01, 1.46760653e-01,        5.58868925e-02, 2.66778169e-01],       [1.17038220e-01, 8.25256687e-01, 6.86909920e-01, 5.14236443e-02,        7.01592028e-01, 2.51612588e-01],       [8.57697830e-01, 7.41963332e-01, 7.59605832e-01, 1.31452559e-01,        1.11458024e-01, 2.53319084e-01],       [8.81365027e-01, 6.88123149e-01, 7.60459041e-01, 1.17834175e-01,        1.09528381e-01, 3.28266833e-01],       [8.72281104e-01, 7.77400323e-01, 7.51744714e-01, 1.33999158e-01,        1.05372322e-01, 2.60034472e-01],       [3.79368928e-01, 4.35222448e-01, 1.67996112e-01, 8.01456298e-01,        1.50900876e-01, 6.56798366e-01],       [8.11497181e-01, 5.45911319e-01, 7.19697706e-01, 1.63387969e-01,        1.46548686e-01, 3.39768537e-01],       [9.12933045e-01, 5.90987527e-01, 7.79353100e-01, 8.54795768e-02,        9.89864638e-02, 2.91567150e-01],       [8.43337600e-01, 7.19878465e-01, 7.23956042e-01, 1.87954077e-01,        1.12366599e-01, 3.57327177e-01],       [4.29894561e-01, 8.87758594e-01, 7.56107115e-01, 3.31447507e-01,        7.76763671e-01, 3.34172431e-01],       [8.92830657e-01, 6.16039674e-01, 7.75425892e-01, 1.33630274e-01,        9.30764558e-02, 3.56437656e-01],       [9.00249232e-01, 5.50328342e-01, 7.73508008e-01, 8.66883752e-02,        9.06807875e-02, 3.68195844e-01],       [8.85013380e-01, 7.36278203e-01, 7.83436786e-01, 1.27212155e-01,        8.19128106e-02, 3.33706385e-01],       [5.32230579e-01, 6.19470832e-01, 4.81575862e-01, 8.67003109e-01,        1.50178878e-01, 4.36092290e-01],       [9.44427317e-01, 5.67689982e-01, 8.07607896e-01, 8.86839792e-02,        4.43582963e-02, 4.23100451e-01],       [9.20010042e-01, 4.05255150e-01, 8.09003429e-01, 3.88654105e-02,        4.01918543e-02, 4.32753911e-01],       [9.25010214e-01, 7.17636139e-01, 8.12312626e-01, 9.99302213e-02,        4.83439028e-02, 3.85572368e-01],       [7.61989975e-01, 2.97744462e-01, 5.08247203e-01, 2.78390027e-01,        6.11697663e-01, 9.66753558e-01],       [9.15816690e-01, 6.58320525e-01, 7.78524297e-01, 8.00114502e-02,        7.88594723e-02, 3.24622021e-01],       [8.70633877e-01, 5.95852323e-01, 7.53736330e-01, 1.04728663e-01,        1.19662609e-01, 3.10869308e-01],       [9.05661417e-01, 7.18875250e-01, 8.14596212e-01, 6.27122317e-02,        6.66662029e-02, 2.54678216e-01],       [7.47691052e-01, 2.76368249e-01, 7.48894798e-02, 5.66279916e-01,        3.07311984e-01, 6.15471795e-01],       [8.77772800e-01, 5.33283650e-01, 7.59430087e-01, 1.49775005e-01,        1.30187760e-01, 3.22024660e-01],       [8.80186395e-01, 4.42052688e-01, 7.63229317e-01, 1.24129903e-01,        1.11507198e-01, 2.34068949e-01],       [9.12860395e-01, 7.43969919e-01, 7.93474349e-01, 1.19168610e-01,        8.22842395e-02, 2.96418469e-01],       [7.20306051e-01, 6.58073721e-01, 5.94679281e-02, 2.29694760e-01,        8.89140255e-01, 8.97214598e-01],       [9.16523202e-01, 5.82248622e-01, 7.72157356e-01, 7.25115472e-02,        8.35467627e-02, 3.35533122e-01],       [8.84986089e-01, 5.47161070e-01, 7.89215032e-01, 1.02686965e-01,        7.83530405e-02, 2.48172508e-01],       [9.41854318e-01, 6.32111322e-01, 7.52579139e-01, 2.33021217e-01,        2.04493914e-02, 4.47112072e-01],       [3.97874362e-01, 7.10356715e-01, 2.69794694e-01, 9.95995105e-01,        3.94058279e-01, 2.38462843e-01],       [9.06006318e-01, 4.75622452e-01, 7.22354919e-01, 8.92894901e-02,        1.14076945e-01, 3.91593549e-01],       [9.05755908e-01, 5.70267416e-01, 7.53833171e-01, 5.28765953e-02,        8.75635408e-02, 3.58429403e-01],       [8.99298269e-01, 6.05266636e-01, 7.50852622e-01, 1.35121439e-01,        8.35882129e-02, 3.94215110e-01],       [9.27854289e-01, 4.26710533e-02, 6.01282865e-02, 7.47002099e-01,        6.38710576e-01, 7.58538034e-01],       [9.00426720e-01, 5.87086252e-01, 7.48928837e-01, 8.43732173e-02,        9.70643516e-02, 3.35141337e-01],       [9.04334549e-01, 6.64953832e-01, 7.69862501e-01, 5.19066236e-02,        7.53714263e-02, 3.49596087e-01],       [8.99058323e-01, 5.89515234e-01, 7.60561443e-01, 1.18691946e-01,        9.42140443e-02, 3.83855413e-01],       [7.93644208e-01, 5.92720664e-02, 6.04099124e-01, 6.62245178e-02,        5.07689321e-01, 1.47586523e-01],       [9.00578266e-01, 7.51933689e-01, 7.96718844e-01, 1.06713232e-01,        7.52910595e-02, 2.12413238e-01],       [8.08868686e-01, 1.00000000e+00, 9.57698791e-01, 3.24519819e-01,        0.00000000e+00, 0.00000000e+00],       [8.45255274e-01, 5.99729593e-01, 7.25243652e-01, 2.83911691e-01,        8.76261617e-02, 5.72578248e-01],       [6.16835008e-01, 4.34343389e-01, 8.32245157e-01, 3.63854053e-01,        5.66649094e-01, 1.51862580e-01],       [9.08652812e-01, 4.62663640e-01, 7.55572170e-01, 7.28535449e-02,        9.62178729e-02, 3.70896030e-01],       [8.73522008e-01, 5.43274793e-01, 7.79773010e-01, 1.38416525e-01,        1.16707934e-01, 3.30361421e-01],       [8.89005787e-01, 6.68679998e-01, 7.80415845e-01, 9.14250148e-02,        1.07074655e-01, 2.94516820e-01],       [4.79148200e-01, 9.88922514e-01, 2.10233120e-01, 1.24276296e-01,        2.58750949e-01, 2.70142239e-01],       [9.17544975e-01, 5.01043906e-01, 7.68295900e-01, 6.01122257e-02,        6.20911312e-02, 3.26210575e-01],       [9.73128041e-01, 0.00000000e+00, 7.01074648e-01, 0.00000000e+00,        1.74051691e-01, 6.28636767e-01],       [7.77564888e-01, 0.00000000e+00, 6.06516804e-01, 0.00000000e+00,        5.12728733e-01, 6.36876250e-02],       [1.88326945e-01, 5.53583376e-01, 6.85278992e-01, 7.85714762e-01,        3.89939231e-01, 9.52816466e-01],       [8.92539072e-01, 7.58602823e-01, 1.20269351e-01, 0.00000000e+00,        7.95450417e-01, 0.00000000e+00],       [8.54749235e-01, 6.33445574e-01, 7.74532227e-01, 1.92648356e-01,        1.24846487e-01, 3.02754510e-01],       [5.28386027e-01, 9.44180879e-01, 0.00000000e+00, 0.00000000e+00,        3.68190126e-01, 2.19220529e-02],       [9.95029007e-01, 1.70142066e-01, 8.17337484e-01, 4.08629288e-02,        6.07895693e-02, 2.82710769e-01],       [8.82230093e-01, 3.96511236e-01, 7.40389413e-01, 8.60584454e-02,        8.81255398e-02, 4.01293975e-01],       [8.90979642e-01, 5.55487280e-01, 8.04808339e-01, 2.15362245e-01,        1.33930579e-01, 2.31262689e-01],       [8.04691495e-01, 1.09694494e-01, 6.12465413e-01, 5.91632211e-02,        5.15286967e-01, 1.87322102e-01],       [3.08845422e-01, 9.52848231e-02, 6.64983130e-01, 5.26716475e-01,        8.33322083e-01, 9.29097309e-01],       [9.40560313e-01, 5.35266712e-01, 7.81596284e-01, 6.43712429e-02,        1.02024817e-01, 2.35253259e-01],       [9.06713048e-01, 5.29781362e-01, 7.79177568e-01, 1.65572732e-01,        1.28841443e-01, 3.26310185e-01],       [9.61612037e-01, 6.41290016e-01, 7.83083226e-01, 1.35595300e-01,        9.94047457e-02, 3.93343804e-01],       [9.75832396e-01, 3.06715325e-01, 9.92428733e-01, 4.88664809e-01,        3.84608737e-01, 9.16675417e-01],       [9.03219974e-01, 5.47439699e-01, 7.77685994e-01, 8.14731455e-02,        8.84244828e-02, 3.60271080e-01],       [9.23482934e-01, 4.85384783e-01, 8.33532554e-01, 2.11640496e-01,        1.04041904e-01, 2.48389219e-01],       [7.96954528e-01, 7.58848725e-02, 6.19724059e-01, 9.26135108e-02,        5.06242732e-01, 1.91892804e-01],       [8.40108753e-01, 9.29439915e-01, 6.53258865e-01, 2.12141571e-01,        8.09881893e-01, 8.66162631e-01],       [8.04796267e-01, 0.00000000e+00, 7.39319183e-01, 3.26661913e-02,        5.55495937e-01, 0.00000000e+00],       [8.54189655e-01, 1.34445458e-01, 6.37280876e-01, 2.14329071e-01,        5.12243538e-01, 2.59775006e-03],       [7.72915920e-01, 1.46032418e-02, 6.51916873e-01, 1.15854757e-01,        5.06339127e-01, 1.65111534e-01],       [8.70147282e-01, 3.72526971e-01, 9.16252902e-01, 1.07255622e-01,        6.15627923e-01, 1.78673965e-01],       [7.58255266e-01, 3.41795928e-03, 6.24715984e-01, 0.00000000e+00,        5.46896378e-01, 1.25734593e-01],       [8.15026190e-01, 1.34703456e-01, 6.19450895e-01, 1.00491512e-01,        5.05448377e-01, 1.54500369e-01],       [7.99801064e-01, 5.82724501e-02, 6.18122690e-01, 7.35583005e-02,        5.16955807e-01, 1.55002974e-01],       [2.22798259e-01, 6.23950396e-01, 7.43266815e-01, 3.31190747e-01,        6.91943886e-01, 1.33023828e-01],       [7.70782242e-01, 3.73114219e-02, 6.24108981e-01, 7.81619836e-02,        4.96227306e-01, 2.54260093e-01]])
all_costs=array([-1.22147651, -1.20529801, -1.21998781, -1.19095776, -1.18391484,       -1.18251624, -1.27597196, -1.15923567, -1.16192687, -1.19808498,       -1.232     , -1.22596448, -1.1783402 , -1.17419355, -1.20966767,       -1.15522216, -1.21554341, -1.1646306 , -1.17144529, -1.1646306 ,       -1.2024024 , -1.15923567, -1.16870987, -1.24735202, -1.17557252,       -1.18813056, -1.22596448, -1.22897483, -1.22147651, -1.17281781,       -1.23809524, -1.24116553, -1.20384847, -1.22746781, -1.20384847,       -1.22596448, -1.22147651, -1.21554341, -1.19379845, -1.24735202,       -1.21554341, -1.2536005 , -1.19379845, -1.30593607, -1.25046846,       -1.22897483, -1.22596448, -1.27111111, -1.28911784, -1.20675105,       -1.20095981, -1.25046846, -1.2646873 , -1.22897483, -1.1565569 ,       -1.2583281 , -1.31451083, -1.27760051, -1.18672199, -1.23809524,       -1.15123634, -1.21850274, -1.21113128, -1.28087012, -1.25517241,       -1.2350401 , -1.21554341, -1.25046846, -1.26628716, -1.25046846,       -1.17557252, -1.26789107, -1.21554341, -1.22446483, -1.17972893,       -1.21850274, -1.26628716, -1.27923323, -1.22296885, -1.25046846,       -1.21113128, -1.24270639, -1.2646873 , -1.23656578, -1.16870987,       -1.20529801, -1.2024024 , -1.26149968, -1.23351818, -1.22296885,       -1.23351818, -1.24579963, -1.17281781, -1.23656578, -1.20529801,       -1.22897483, -1.24425109, -1.15789474, -1.2489083 , -1.19522388,       -1.27597196, -1.26149968, -1.17557252, -1.2024024 , -1.2350401 ,       -1.25046846, -1.14596451, -1.2536005 , -1.2536005 , -1.32319894,       -1.18954248, -1.18251624, -1.18813056, -1.20966767, -1.25674827,       -1.21702128, -1.23962848, -1.2536005 , -1.23656578, -1.22596448])
all_uncers=array([1.e-08, 1.e-08, 1.e-08, 1.e-08, 1.e-08, 1.e-08, 1.e-08, 1.e-08,       1.e-08, 1.e-08, 1.e-08, 1.e-08, 1.e-08, 1.e-08, 1.e-08, 1.e-08,       1.e-08, 1.e-08, 1.e-08, 1.e-08, 1.e-08, 1.e-08, 1.e-08, 1.e-08,       1.e-08, 1.e-08, 1.e-08, 1.e-08, 1.e-08, 1.e-08, 1.e-08, 1.e-08,       1.e-08, 1.e-08, 1.e-08, 1.e-08, 1.e-08, 1.e-08, 1.e-08, 1.e-08,       1.e-08, 1.e-08, 1.e-08, 1.e-08, 1.e-08, 1.e-08, 1.e-08, 1.e-08,       1.e-08, 1.e-08, 1.e-08, 1.e-08, 1.e-08, 1.e-08, 1.e-08, 1.e-08,       1.e-08, 1.e-08, 1.e-08, 1.e-08, 1.e-08, 1.e-08, 1.e-08, 1.e-08,       1.e-08, 1.e-08, 1.e-08, 1.e-08, 1.e-08, 1.e-08, 1.e-08, 1.e-08,       1.e-08, 1.e-08, 1.e-08, 1.e-08, 1.e-08, 1.e-08, 1.e-08, 1.e-08,       1.e-08, 1.e-08, 1.e-08, 1.e-08, 1.e-08, 1.e-08, 1.e-08, 1.e-08,       1.e-08, 1.e-08, 1.e-08, 1.e-08, 1.e-08, 1.e-08, 1.e-08, 1.e-08,       1.e-08, 1.e-08, 1.e-08, 1.e-08, 1.e-08, 1.e-08, 1.e-08, 1.e-08,       1.e-08, 1.e-08, 1.e-08, 1.e-08, 1.e-08, 1.e-08, 1.e-08, 1.e-08,       1.e-08, 1.e-08, 1.e-08, 1.e-08, 1.e-08, 1.e-08, 1.e-08, 1.e-08])
bad_run_indexs=[]
best_cost=-1.3231989424983477
best_params=array([0.79695453, 0.07588487, 0.61972406, 0.09261351, 0.50624273,       0.1918928 ])
best_index=109
worst_cost=-1.1459645105895822
worst_index=106
cost_range=0.17723443190876553
costs_count=120
params_count=90
cost_scaler_init_index=3
net_0={'last_hyperfit': 0, 'last_net_reg': 1e-08, 'regularization_history': [1e-08], 'losses_list': [9.871403, 1.2035573, 0.26797044, 0.04028044, 0.0101694595, 0.010058377, 0.0043212506, 0.0007265709, 0.00028953239, 3.3737022e-05, 1.9714078e-05, 2.122891e-05, 7.689689e-06, 2.9768405e-06, 1.6561646e-06, 9.028371e-07, 6.293664e-07, 5.674156e-07, 5.4520984e-07, 5.336131e-07, 5.296109e-07, 5.288474e-07, 5.2879915e-07, 5.28754e-07, 5.287247e-07, 5.287315e-07, 5.287265e-07, 5.2872434e-07, 5.287243e-07, 5.287241e-07, 7.5010543, 1.3990066, 0.13929684, 0.057631753, 0.041304097, 0.008555379, 0.0019920105, 0.0008611599, 0.0006342778, 0.000107520704, 2.8962095e-05, 2.5002013e-05, 5.839182e-06, 2.0255618e-06, 1.491609e-06, 7.259367e-07, 6.0840375e-07, 5.657066e-07, 26.730902, 1.9742007, 0.7116957, 0.14092307, 0.048004866, 0.022328258, 0.007398321, 0.0019119511, 0.0010903756, 0.0002880277, 7.324025e-05, 3.388449e-05, 1.6774175e-05, 3.0719236e-06, 1.6421861e-06, 1.000557e-06, 6.265315e-07, 5.769484e-07, 31.039722, 10.735771, 8.021491, 6.693388, 5.3046174, 3.7244635, 2.4359362, 1.9338748, 1.6054926, 1.2628088, 0.9486217, 0.6410587, 0.39428535, 0.22888264, 0.15826295, 0.12038173, 0.06566006, 0.046054374, 0.034408063, 0.022093607, 0.015430999, 0.011407184, 0.009025271, 0.0050018313, 0.0041273395, 0.010985213, 38.54274, 9.664656, 8.287451, 9.709239, 12.432169, 5.3178864, 3.5290742, 2.5237932, 1.9531673, 1.6010437, 0.9121097, 0.4206683, 0.2442103, 0.06591309, 0.028688392, 0.012295191, 0.004819321, 0.008640744, 0.002410411, 0.005195649, 1.4861932, 0.3171559, 0.25056246, 0.12147813, 0.04170635, 0.027184319, 0.013289294, 0.009107815, 0.006426947, 0.0043006083, 0.0028958695, 0.00205981, 0.0018639927, 0.001196518, 0.0010220039, 0.00075768377, 0.0005382319, 0.00046521722, 0.0006160394, 0.00034086636, 0.00037853644, 0.0002199605, 0.00013999901, 0.00014320655, 2.9917028, 0.80555725, 0.69627595, 0.5770173, 4.347446, 2.0290878, 1.6636161, 0.995495, 1.6937946, 0.95522547, 0.8527584, 0.78410417, 1.6978246, 0.8674383, 1.0049404, 0.757136, 0.7390012, 0.69974667, 2.0527182, 1.6759259, 1.734559, 2.123943, 4.1398196, 6.9145694, 4.78796, 4.055966, 5.050183, 3.0983894, 4.4022427, 3.206515, 2.9651525, 2.4642751, 6.770097, 4.085388, 3.2968771, 2.851883, 3.1720204, 7.7316484, 4.609601, 3.7445807, 4.4573455, 3.1513417, 2.8964229, 2.6019762, 3.6314135, 3.1147726, 3.5334356, 4.6192007, 5.442227, 3.5599763, 2.8426461, 2.3518467, 2.480881, 2.4691913, 1.6793613, 1.2832693, 1.088054, 1.3534492, 2.444856, 1.5964265, 1.5147953, 0.9186492, 1.2514797, 1.9801298, 0.8047148, 0.92979556, 1.5910356, 0.71658206, 4.882939, 2.2934806, 1.2167978, 1.0320644, 0.87059873, 0.54090685, 0.42050433, 0.3173179, 2.9028592, 1.4019232, 0.7409461, 0.37540942, 0.783179, 1.1704085, 0.24828684, 0.19392893, 1.3035893, 0.80709183, 0.63662, 1.0009477, 0.69991934, 0.4684641, 3.8097835, 3.2406576, 4.6829567, 1.1141659, 0.9863613, 1.8834832, 4.414618, 2.058446, 1.2916491, 1.3129758, 0.9692895, 0.9270664, 1.6987449, 1.1935246, 1.2859312, 0.9775857], 'scaler_samples': (array([[0.6789928 , 0.08517554, 0.40781739, 0.61495805, 0.3962381 ,        0.22466805],       [0.88987304, 0.80184792, 0.70056798, 0.36857914, 0.37263684,        0.67603409],       [0.5500185 , 0.02083347, 0.52369314, 0.10739802, 0.44641795,        0.99338928]]), array([-1.22147651, -1.20529801, -1.21998781])), 'net': {'saver_path': './M-LOOP_archives/./neural_net_archive_2022-10-23_16-30_TMkbHcB_.ckpt'}}
net_1={'last_hyperfit': 0, 'last_net_reg': 1e-08, 'regularization_history': [1e-08], 'losses_list': [5.272927, 0.33688068, 0.13878304, 0.057476975, 0.015240871, 0.0034755566, 0.0017717966, 0.0008951694, 0.0003314139, 9.428116e-05, 1.8096991e-05, 1.5673337e-06, 1.4902624e-06, 1.9442991e-06, 1.1055391e-06, 6.25564e-07, 5.9789136e-07, 5.7423586e-07, 5.481897e-07, 5.4776274e-07, 5.4608597e-07, 5.452987e-07, 5.4532956e-07, 5.45224e-07, 5.4521445e-07, 5.452142e-07, 5.452113e-07, 5.452109e-07, 5.452109e-07, 5.452108e-07, 6.822087, 0.37687236, 0.052291848, 0.0019837907, 0.007857344, 0.0032339143, 0.00074545754, 0.00011618614, 9.447415e-05, 5.16395e-05, 4.2895736e-06, 4.435676e-06, 2.6277205e-06, 1.0163138e-06, 6.99251e-07, 6.5743376e-07, 19.058855, 2.004085, 0.24156609, 0.076700136, 0.026335916, 0.00976073, 0.0036897543, 0.0008815749, 0.00044040248, 0.00014088221, 2.959936e-05, 2.1570768e-05, 4.989178e-06, 2.543758e-06, 1.1413173e-06, 7.8654926e-07, 6.428743e-07, 5.90031e-07, 28.958363, 8.350747, 6.3605156, 4.529743, 2.6832876, 1.5080932, 0.6843581, 0.18207097, 0.047923163, 0.010757423, 0.008457279, 0.00087226595, 0.0008417711, 7.5660486e-05, 9.824255e-05, 1.5579799e-05, 6.852242e-06, 5.2032024e-06, 2.2331626e-06, 8.80523e-07, 7.2355175e-07, 6.181814e-07, 6.0188273e-07, 5.766391e-07, 33.61855, 13.94945, 11.248255, 10.582756, 10.826503, 10.089247, 15.70678, 8.167276, 6.4988813, 5.44134, 4.466665, 3.5751672, 3.0191648, 2.4690838, 2.3839953, 1.7543976, 1.4955714, 1.3154325, 1.0358645, 0.667939, 0.3745106, 0.50531906, 0.17392118, 0.08312794, 0.05349486, 0.034351416, 0.028006352, 0.058013387, 8.855705, 2.6072, 1.0966723, 0.37608677, 0.112711586, 0.054767165, 0.030658422, 0.021802682, 0.012821948, 0.008900892, 6.2611194, 1.735814, 1.120226, 0.89123803, 0.7078313, 0.6819192, 3.8208168, 4.812534, 2.6590087, 1.6547295, 1.3761262, 1.148949, 1.4452347, 1.3115337, 3.9548025, 0.981883, 0.7463336, 0.64990664, 0.5922433, 0.53470594, 1.6713719, 1.0531949, 0.8981522, 0.7917238, 2.3193288, 1.9052429, 1.9033535, 1.7159152, 2.7869751, 4.7912307, 4.0904737, 2.7571204, 2.6143649, 2.6077235, 3.1197772, 2.7300243, 2.3140376, 2.1733403, 8.075502, 4.1238847, 3.354084, 2.791888, 3.6886175, 4.7443695, 4.523329, 3.104806, 2.9390986, 2.652015, 9.650338, 3.5465567, 3.1073217, 3.0043306, 3.4263446, 3.1222239, 3.841654, 4.046539, 11.444429, 5.849987, 3.9744625, 3.7550433, 3.4592462, 3.2921853, 3.5451722, 3.2667837, 3.1961758, 3.4285147, 4.9900885, 2.7808514, 2.7736452, 2.5016086, 3.706072, 3.3132768, 3.9892147, 3.1890717, 2.9704251, 2.3943622, 4.188711, 3.2051969, 2.4365478, 2.3465211, 3.3471212, 2.2542467, 1.9609485, 1.9825923, 3.9748876, 3.0960112, 2.4412355, 2.5194137, 1.6550326, 2.0952134, 4.3239603, 1.5343143, 1.1896034, 1.2272404], 'scaler_samples': (array([[0.6789928 , 0.08517554, 0.40781739, 0.61495805, 0.3962381 ,        0.22466805],       [0.88987304, 0.80184792, 0.70056798, 0.36857914, 0.37263684,        0.67603409],       [0.5500185 , 0.02083347, 0.52369314, 0.10739802, 0.44641795,        0.99338928]]), array([-1.22147651, -1.20529801, -1.21998781])), 'net': {'saver_path': './M-LOOP_archives/./neural_net_archive_2022-10-23_16-30_qq55NlVI.ckpt'}}
net_2={'last_hyperfit': 0, 'last_net_reg': 1e-08, 'regularization_history': [1e-08], 'losses_list': [0.34001887, 0.022218958, 0.0042061186, 0.00036799852, 0.00042066173, 0.00047224647, 0.0002137973, 7.188336e-05, 3.047249e-05, 8.700914e-06, 2.3475163e-06, 7.7885437e-07, 6.195095e-07, 6.384828e-07, 6.1781026e-07, 5.4933e-07, 5.267118e-07, 5.243423e-07, 5.247089e-07, 5.2381915e-07, 5.2347326e-07, 5.235032e-07, 5.2347514e-07, 5.234604e-07, 5.2345644e-07, 5.2345604e-07, 5.234555e-07, 5.234552e-07, 5.234551e-07, 5.23455e-07, 8.601542, 0.05719012, 0.043379508, 0.017987553, 0.0010751018, 0.0011884174, 0.0007163834, 8.701792e-05, 16.060698, 0.8183807, 0.29704502, 0.066494055, 0.0063250014, 0.011424728, 0.0039544436, 0.0008826453, 0.0001119414, 0.00013004887, 6.840285e-05, 1.6986516e-05, 4.260312e-06, 9.0925164e-07, 1.1669675e-06, 8.345767e-07, 6.372055e-07, 5.738205e-07, 25.313164, 11.651858, 9.038238, 6.6232386, 4.377909, 2.3032172, 1.1520667, 0.7513364, 0.45162794, 0.24756171, 0.118550286, 0.02099851, 0.048289534, 0.04004732, 0.01111028, 0.0040763463, 0.0015029131, 0.00054148183, 0.00018234957, 3.6865942e-05, 6.715155e-07, 8.706603e-06, 1.6712245e-06, 1.9049997e-06, 24.019047, 14.803224, 11.605423, 10.976352, 16.06447, 10.3278, 8.828052, 8.390525, 10.216643, 8.673574, 8.010526, 7.1676574, 6.3286786, 5.9399595, 4.3387785, 3.3829243, 2.4985924, 1.7616115, 1.2000647, 0.72631705, 0.6362426, 0.46828642, 9.26625, 1.5417565, 0.7561045, 0.67213005, 0.6123551, 0.5776965, 3.7599344, 4.471798, 3.0451722, 1.596971, 2.484715, 1.7469993, 3.2985346, 1.2850461, 1.1012117, 1.1575227, 1.0771848, 0.9385975, 0.8204908, 0.7934936, 2.4661617, 2.0957406, 1.8654176, 1.7934867, 3.31147, 6.636328, 5.1645346, 3.6467645, 3.0162954, 2.9260006, 3.9493968, 3.3092623, 3.0986035, 3.3410072, 5.0858226, 3.8784373, 3.2295754, 3.4313104, 3.3723526, 4.513008, 4.532567, 3.655273, 3.3342087, 3.2028725, 6.1309047, 3.7030363, 3.216756, 3.0826848, 3.4884362, 2.9973228, 3.9202175, 7.7689548, 11.767137, 6.354626, 5.2093835, 4.927749, 4.7902174, 4.5539446, 4.574159, 4.1733384, 4.9305077, 4.3553033, 5.3662586, 3.7279925, 6.1963387, 4.781167, 4.393097, 4.3465858, 4.4365053, 4.0151143, 4.583872, 4.284061, 5.1005297, 4.104691, 3.7585616, 3.3437443], 'scaler_samples': (array([[0.6789928 , 0.08517554, 0.40781739, 0.61495805, 0.3962381 ,        0.22466805],       [0.88987304, 0.80184792, 0.70056798, 0.36857914, 0.37263684,        0.67603409],       [0.5500185 , 0.02083347, 0.52369314, 0.10739802, 0.44641795,        0.99338928]]), array([-1.22147651, -1.20529801, -1.21998781])), 'net': {'saver_path': './M-LOOP_archives/./neural_net_archive_2022-10-23_16-30_6h56QI2a.ckpt'}}
