mloop_version='3.3.1'
archive_type='neural_net_learner'
num_params=2
min_boundary=array([0., 0.])
max_boundary=array([1., 1.])
start_datetime='2022-10-23_10-33'
param_names=['', '']
search_precision=1e-06
parameter_searches=10
bad_uncer_frac=0.1
trust_region=nan
has_trust_region=False
predict_global_minima_at_end=True
generation_num=3
update_hyperparameters=False
predicted_best_parameters=array([0.61884545, 0.1589416 ])
predicted_best_scaled_cost=-12.113624
predicted_best_cost=-3.246645792337251
all_params=array([[0.39848469, 0.85335302],       [0.53479259, 0.73452969],       [0.93699432, 0.45727425],       [0.54033608, 0.72268916],       [0.5796594 , 0.70422493],       [0.54838542, 0.71867126],       [0.9498007 , 0.08308073],       [0.47239979, 0.73333143],       [0.49506013, 0.73715413],       [0.50907942, 0.74686604],       [0.30119107, 0.84499192],       [0.        , 1.        ],       [1.        , 1.        ],       [0.5750864 , 1.        ],       [0.01331561, 0.98342425],       [0.20146362, 0.79966563],       [0.29220938, 0.79813148],       [0.29579056, 0.78238412],       [0.40051861, 0.69583665],       [0.        , 0.64990622],       [0.        , 0.73289713],       [0.        , 0.71544383],       [0.90945082, 0.42393054],       [0.37556196, 0.69228453],       [0.36330164, 0.6799816 ],       [0.36284577, 0.68844763],       [0.446011  , 0.57005896],       [0.40555519, 0.70878125],       [0.38659026, 0.71594942],       [0.39384049, 0.70991157],       [0.50963642, 0.14509529],       [0.39202775, 0.71546843],       [0.40048926, 0.70315162],       [0.        , 0.        ],       [0.54498178, 0.9933543 ],       [0.3440069 , 0.73057319],       [0.5208551 , 0.        ],       [0.3362636 , 0.73084886],       [0.63616042, 0.21144816],       [0.33057561, 0.74274486],       [0.52073056, 0.        ],       [0.32092893, 0.74095471],       [0.62313087, 0.39431048],       [0.73184931, 0.        ],       [0.7166632 , 0.        ],       [0.73201963, 0.        ],       [0.50736461, 0.62199157],       [0.63630697, 0.20563287],       [0.62744309, 0.21902912],       [0.63272994, 0.20876348],       [0.39666206, 0.79959902],       [0.61333229, 0.23960699],       [0.62695914, 0.28380859],       [0.60319495, 0.25722368],       [0.44997085, 0.44083792],       [0.64433077, 0.1798576 ],       [0.64151028, 0.17995452],       [0.63681857, 0.18123357],       [0.76434685, 0.41327036],       [0.63743092, 0.19412014],       [0.63147455, 0.17249794],       [0.6454376 , 0.15410347],       [0.59417497, 0.77618904],       [0.63089048, 0.21297729],       [0.37638162, 0.72255942],       [0.63815478, 0.19480795],       [0.39819779, 0.83699013],       [0.62844252, 0.10589373],       [0.74821034, 0.43673827],       [0.627519  , 0.1915081 ],       [0.05374626, 0.51374615],       [0.62311339, 0.19539665],       [0.62152393, 0.1977592 ],       [0.63007827, 0.20601378],       [0.16897696, 0.9976718 ],       [0.61900887, 0.17624205],       [0.61032652, 0.1907244 ],       [0.6197607 , 0.16236477],       [0.26992802, 0.92321274],       [0.61270372, 0.19135223],       [0.60005921, 0.17195568],       [0.60387628, 0.17449455],       [0.7243866 , 0.00974908],       [0.61461965, 0.16550004],       [0.61685775, 0.20426814],       [0.60741436, 0.15962623],       [0.75874217, 0.62372757],       [0.61018776, 0.16377419],       [0.61090542, 0.19585114],       [0.6073401 , 0.17798448],       [0.31105502, 0.32336441],       [0.60171162, 0.10053379],       [0.6108191 , 0.19961732],       [0.61055107, 0.1680173 ],       [0.67234974, 0.8567314 ],       [0.61587388, 0.16217707],       [0.61540358, 0.18587934],       [0.61445413, 0.16801048],       [0.0258603 , 0.54356154],       [0.60582083, 0.14345833],       [0.59660865, 0.17432361],       [0.6108895 , 0.24838672],       [0.87303425, 0.13737342],       [0.61532907, 0.16076869],       [0.6164109 , 0.17786435],       [0.61356432, 0.19503265],       [0.85039034, 0.94062432],       [0.61609679, 0.15417239],       [0.61563655, 0.16425719],       [0.61963779, 0.15147956],       [0.88926012, 0.35567278],       [0.61407589, 0.16432115],       [0.61765408, 0.1664705 ],       [0.61618583, 0.16370368],       [0.78450799, 0.9885528 ],       [0.61659103, 0.1484449 ],       [0.57217378, 0.12118909],       [0.61618695, 0.16072719],       [0.59341883, 0.06800982],       [0.61442324, 0.15304489]])
all_costs=array([-2.44444444, -2.54383736, -2.38617402, -2.52459016, -2.49937578,       -2.54383736, -2.34701055, -2.30379747, -2.28278221, -2.31445087,       -2.55031847, -2.43256379, -2.46248462, -2.17845484, -2.65165563,       -2.76901798, -2.58322581, -2.79218968, -2.97473997, -2.44444444,       -2.46248462, -2.80785414, -2.33605601, -2.61016949, -2.68005355,       -2.65869854, -2.71641791, -2.49315068, -3.07526882, -2.80785414,       -2.77669903, -2.74622771, -2.49315068, -2.19277108, -2.54383736,       -2.75378267, -2.74622771, -2.85592011, -3.51845343, -2.66577896,       -2.73871409, -2.89725036, -2.40914561, -2.18797814, -2.42666667,       -2.49937578, -2.64464993, -2.70906631, -3.08474576, -2.63074901,       -2.2932417 , -2.70906631, -2.62385321, -2.65869854, -2.8       ,       -2.79218968, -3.12324493, -3.26590538, -2.85592011, -2.78442281,       -2.94845361, -2.70175439, -2.55683269, -3.12324493, -2.40336134,       -2.75378267, -2.39187575, -2.96592593, -2.34701055, -3.05648855,       -2.75378267, -2.93979442, -3.37605396, -2.66577896, -2.96592593,       -3.16271722, -3.37605396, -2.93979442, -2.3198146 , -3.25528455,       -2.82369535, -2.85592011, -2.6728972 , -3.43396226, -2.83168317,       -2.84779516, -2.56996149, -3.25528455, -3.45768566, -2.94845361,       -2.84779516, -2.98360656, -2.96592593, -3.55595027, -2.68724832,       -2.99252616, -3.24473258, -3.4938918 , -2.38617402, -2.99252616,       -2.56996149, -3.29818781, -2.77669903, -3.59425494, -3.42222222,       -3.02874433, -3.00149925, -3.11353033, -2.95716396, -3.14285714,       -2.41495778, -3.28735632, -3.35343384, -3.18282989, -2.47466007,       -3.17274168, -2.86409156, -3.77024482, -2.65165563, -2.99252616])
all_uncers=array([1.e-08, 1.e-08, 1.e-08, 1.e-08, 1.e-08, 1.e-08, 1.e-08, 1.e-08,       1.e-08, 1.e-08, 1.e-08, 1.e-08, 1.e-08, 1.e-08, 1.e-08, 1.e-08,       1.e-08, 1.e-08, 1.e-08, 1.e-08, 1.e-08, 1.e-08, 1.e-08, 1.e-08,       1.e-08, 1.e-08, 1.e-08, 1.e-08, 1.e-08, 1.e-08, 1.e-08, 1.e-08,       1.e-08, 1.e-08, 1.e-08, 1.e-08, 1.e-08, 1.e-08, 1.e-08, 1.e-08,       1.e-08, 1.e-08, 1.e-08, 1.e-08, 1.e-08, 1.e-08, 1.e-08, 1.e-08,       1.e-08, 1.e-08, 1.e-08, 1.e-08, 1.e-08, 1.e-08, 1.e-08, 1.e-08,       1.e-08, 1.e-08, 1.e-08, 1.e-08, 1.e-08, 1.e-08, 1.e-08, 1.e-08,       1.e-08, 1.e-08, 1.e-08, 1.e-08, 1.e-08, 1.e-08, 1.e-08, 1.e-08,       1.e-08, 1.e-08, 1.e-08, 1.e-08, 1.e-08, 1.e-08, 1.e-08, 1.e-08,       1.e-08, 1.e-08, 1.e-08, 1.e-08, 1.e-08, 1.e-08, 1.e-08, 1.e-08,       1.e-08, 1.e-08, 1.e-08, 1.e-08, 1.e-08, 1.e-08, 1.e-08, 1.e-08,       1.e-08, 1.e-08, 1.e-08, 1.e-08, 1.e-08, 1.e-08, 1.e-08, 1.e-08,       1.e-08, 1.e-08, 1.e-08, 1.e-08, 1.e-08, 1.e-08, 1.e-08, 1.e-08,       1.e-08, 1.e-08, 1.e-08, 1.e-08, 1.e-08, 1.e-08, 1.e-08, 1.e-08])
bad_run_indexs=[]
best_cost=-3.7702448210922794
best_params=array([0.61618695, 0.16072719])
best_index=117
worst_cost=-2.1784548422198045
worst_index=13
cost_range=1.591789978872475
costs_count=120
params_count=91
cost_scaler_init_index=3
net_0={'last_hyperfit': 0, 'last_net_reg': 1e-08, 'regularization_history': [1e-08], 'losses_list': [1.361757, 0.06886102, 0.0585464, 0.0143450545, 0.0031634225, 0.0025962086, 0.00011528891, 0.00016208693, 0.00013926177, 1.6268254e-05, 2.3741088e-06, 5.9536865e-06, 2.3247626e-06, 8.817061e-07, 5.5842236e-07, 5.702547e-07, 5.588133e-07, 5.4618897e-07, 5.3662575e-07, 5.3448275e-07, 5.3366335e-07, 5.3359105e-07, 5.3357513e-07, 5.3357365e-07, 5.335699e-07, 5.335654e-07, 5.335643e-07, 5.3356433e-07, 5.335642e-07, 5.3356416e-07, 0.07109533, 0.038457226, 0.019869793, 0.014807889, 0.014312375, 0.014055777, 3.9950902, 1.8308942, 0.65963936, 0.3072654, 0.13777998, 0.06045081, 0.027876101, 0.015110229, 0.010886869, 0.008970318, 0.008303585, 0.008073117, 2.2948065, 0.22854634, 0.10927436, 0.035048675, 0.020146113, 0.008009709, 0.00667122, 0.0065504396, 5.496665, 0.83304906, 1.0881426, 0.57491606, 5.8203716, 3.8515315, 2.3321767, 1.948342, 1.5806878, 1.4177003, 2.761332, 1.7243966, 1.6300833, 1.7231747, 3.1878505, 2.7292547, 3.7631018, 4.50739, 4.2496595, 3.0796614, 2.9426966, 2.8811169, 6.270057, 3.6069236, 2.7979527, 2.521655, 11.879178, 5.2328715, 3.7823746, 2.890489, 2.535733, 2.272932, 1.9564568, 2.0201447, 6.193565, 6.1677675, 5.0004807, 5.874252, 5.376039, 4.3306737, 3.9879282, 4.1066594, 4.3682475, 4.0805874, 4.9611325, 4.0077243, 3.9321475, 3.9869401, 4.8240566, 5.4720836, 5.9515004, 4.910774, 4.937583, 4.939469, 5.87157, 5.377455, 6.020037, 5.6075687, 5.9125257, 6.4291315, 6.662496, 6.5906725, 7.145762, 6.5989594, 7.635078, 6.7381506, 6.9643974, 8.850244, 8.001229, 7.8012505, 8.197842, 7.807664, 7.5839486, 7.1773176, 6.7246327, 6.9190516, 7.46429, 7.728258, 6.8986034, 6.572754], 'scaler_samples': (array([[0.39848469, 0.85335302],       [0.53479259, 0.73452969],       [0.93699432, 0.45727425]]), array([-2.44444444, -2.54383736, -2.38617402])), 'net': {'saver_path': './M-LOOP_archives/./neural_net_archive_2022-10-23_10-33_LhYBYsfj.ckpt'}}
net_1={'last_hyperfit': 0, 'last_net_reg': 1e-08, 'regularization_history': [1e-08], 'losses_list': [0.6914697, 0.09375351, 0.0029990948, 0.018287072, 0.0022747687, 0.0006400563, 0.00077180704, 0.00017138121, 9.655961e-06, 2.6634487e-05, 1.1939999e-05, 3.6846077e-06, 1.3002457e-06, 7.303692e-07, 6.138111e-07, 5.723088e-07, 5.5038123e-07, 5.3912856e-07, 5.341416e-07, 5.3233316e-07, 5.317229e-07, 5.315092e-07, 5.314381e-07, 5.314133e-07, 5.314109e-07, 5.314103e-07, 5.3140957e-07, 5.314095e-07, 5.314094e-07, 5.314093e-07, 0.109038286, 0.049409438, 0.018530019, 0.015831709, 0.0141252875, 0.013399138, 3.4992278, 1.8507125, 0.9375843, 0.5051917, 0.28256875, 0.11183822, 0.03304379, 0.02471875, 0.013633159, 0.012999756, 2.1366177, 0.22014728, 0.072352275, 0.035533812, 0.01399304, 0.014328147, 0.010843543, 0.010184774, 1.7199439, 2.572869, 7.110226, 3.0951607, 2.2630029, 1.6315392, 1.2613267, 1.3228518, 4.3498626, 1.9951131, 1.7388659, 1.65572, 3.1752036, 2.7750022, 3.6746862, 3.7673748, 2.974604, 2.87509, 3.1797457, 2.906021, 6.3541317, 3.5595608, 2.506227, 2.5884702, 7.2956395, 5.6861486, 3.863041, 3.1132183, 2.2362354, 1.8372974, 1.7141924, 1.7226653, 6.507877, 5.565428, 9.43284, 4.886792, 6.4406767, 4.53705, 4.199735, 4.2015667, 4.250024, 3.88133, 4.911101, 4.080651, 4.02315, 3.7126381, 5.0304074, 4.782811, 6.252282, 4.6910334, 4.7766757, 4.405994, 5.522262, 4.830714, 5.745383, 4.861792, 5.2066803, 5.583382, 6.745896, 6.60993, 6.5083427, 6.27561, 6.6257644, 6.3687468, 6.381153, 7.670097, 8.290969, 8.160676, 7.4908414, 7.227575, 7.664152, 7.008441, 7.0048347, 6.4068055, 5.856436, 5.8795776, 8.876201, 7.372219], 'scaler_samples': (array([[0.39848469, 0.85335302],       [0.53479259, 0.73452969],       [0.93699432, 0.45727425]]), array([-2.44444444, -2.54383736, -2.38617402])), 'net': {'saver_path': './M-LOOP_archives/./neural_net_archive_2022-10-23_10-33_78CkLYqg.ckpt'}}
net_2={'last_hyperfit': 0, 'last_net_reg': 1e-08, 'regularization_history': [1e-08], 'losses_list': [2.3915026, 0.055681724, 0.055082027, 0.03005292, 0.006165139, 0.0050446973, 0.0015413223, 0.0004643135, 0.00017946056, 2.187502e-05, 1.0706197e-05, 1.0768324e-05, 2.9075559e-06, 1.2540379e-06, 8.5833835e-07, 5.349052e-07, 5.824559e-07, 5.387252e-07, 5.34298e-07, 5.277864e-07, 5.2722777e-07, 5.265301e-07, 5.2656503e-07, 5.2651865e-07, 5.2650506e-07, 5.265005e-07, 5.2649995e-07, 5.2649995e-07, 5.2649966e-07, 5.2649966e-07, 0.070078865, 0.036856133, 0.017542506, 0.0134646725, 0.013669068, 0.012693354, 3.5685644, 1.801632, 0.7576051, 0.48484004, 0.2589108, 0.12285324, 0.06381048, 0.0333107, 0.016278194, 0.011714037, 0.010245995, 0.010044723, 3.2554848, 0.27612737, 0.06513354, 0.024408547, 0.01261908, 0.009848029, 4.839916, 1.1194041, 0.7725596, 0.6518505, 5.148009, 2.3621526, 2.011674, 1.5125127, 1.3448217, 1.170247, 3.867944, 2.0059829, 1.7193986, 1.6434371, 3.5835023, 2.6974843, 2.645847, 2.5977948, 4.6792474, 3.7467518, 3.163983, 2.9399273, 3.3178508, 2.9856808, 6.4735594, 3.9880297, 2.6876383, 2.6489954, 11.55643, 7.8683248, 6.819247, 5.7689624, 4.4893556, 3.782451, 3.2193284, 2.5730963, 11.1318865, 4.8745227, 4.912479, 5.4457574, 5.3390303, 4.674897, 4.6045303, 4.4149117, 4.7976575, 4.523281, 5.4851146, 4.6923394, 4.2942185, 4.421829, 5.9087677, 5.5664086, 6.613173, 4.8843384, 5.2251487, 5.184325, 5.469645, 5.0220017, 5.7052884, 5.053108, 5.6870666, 6.966113, 6.7403584, 6.035705, 6.1045747, 5.8252516, 5.994869, 5.82733, 5.699388, 7.940289, 9.072609, 7.218564, 7.783206, 6.832099, 8.293702, 7.762449, 6.6885095, 7.906581, 7.082593, 8.545657], 'scaler_samples': (array([[0.39848469, 0.85335302],       [0.53479259, 0.73452969],       [0.93699432, 0.45727425]]), array([-2.44444444, -2.54383736, -2.38617402])), 'net': {'saver_path': './M-LOOP_archives/./neural_net_archive_2022-10-23_10-33_yq_Y6gPX.ckpt'}}
