mloop_version='3.3.1'
archive_type='neural_net_learner'
num_params=6
min_boundary=array([0.05001, 0.05001, 0.05001, 0.05001, 0.05001, 0.05001])
max_boundary=array([0.94999, 0.94999, 0.94999, 0.94999, 0.94999, 0.94999])
start_datetime='2022-10-23_20-55'
param_names=['', '', '', '', '', '']
search_precision=1e-06
parameter_searches=10
bad_uncer_frac=0.1
trust_region=nan
has_trust_region=False
predict_global_minima_at_end=True
generation_num=3
update_hyperparameters=False
predicted_best_parameters=array([0.94999   , 0.94999   , 0.05001   , 0.05001   , 0.59111502,       0.05001   ])
predicted_best_scaled_cost=-4.9555793
predicted_best_cost=-1.1310278130516762
all_params=array([[0.49095793, 0.62681705, 0.83524162, 0.08476204, 0.46130267,        0.45227668],       [0.53363166, 0.27510558, 0.76034208, 0.79093928, 0.78780661,        0.81859301],       [0.11490345, 0.54973238, 0.58184306, 0.82559175, 0.91988675,        0.67427553],       [0.35487894, 0.06655888, 0.05001   , 0.37262532, 0.48071428,        0.37134128],       [0.05001   , 0.94999   , 0.94999   , 0.05001   , 0.05001   ,        0.44499997],       [0.05001   , 0.94999   , 0.05001   , 0.94999   , 0.88716884,        0.05001   ],       [0.11733476, 0.12932973, 0.61843344, 0.55567213, 0.54566712,        0.26953583],       [0.84299183, 0.94999   , 0.05001   , 0.05001   , 0.61754695,        0.07927585],       [0.94999   , 0.94999   , 0.05001   , 0.86315218, 0.69088605,        0.72204488],       [0.94999   , 0.94999   , 0.76593652, 0.94999   , 0.65792288,        0.94999   ]])
all_costs=array([-1.05982001, -1.04      , -1.07576572, -1.08157753, -1.0981898 ,       -1.09100817, -1.07461084, -1.12915962, -1.05758056, -1.04216554])
all_uncers=array([0.01635651, 0.0131111 , 0.01869334, 0.01950424, 0.02173281,       0.0207839 , 0.01852992, 0.02563709, 0.01601217, 0.01349156])
bad_run_indexs=[]
best_cost=-1.129159616469261
best_params=array([0.84299183, 0.94999   , 0.05001   , 0.05001   , 0.61754695,       0.07927585])
best_index=7
worst_cost=-1.04
worst_index=1
cost_range=0.08915961646926096
costs_count=10
params_count=8
cost_scaler_init_index=3
net_0={'last_hyperfit': 0, 'last_net_reg': 1e-08, 'regularization_history': [1e-08], 'losses_list': [4.7418804, 0.012210913, 0.0027505332, 0.01195228, 0.0086065745, 0.0037762031, 0.0014171617, 0.00057713786, 0.00018974782, 3.973087e-05, 8.227695e-06, 8.6300327e-07, 2.3192938e-06, 1.8204281e-06, 1.0460428e-06, 5.827984e-07, 5.2698846e-07, 5.436778e-07, 5.2875663e-07, 5.2190535e-07, 5.2261544e-07, 5.221713e-07, 5.218576e-07, 5.21851e-07, 5.2184737e-07, 5.2184e-07, 5.2183765e-07, 5.218369e-07, 5.218369e-07, 5.2183674e-07, 0.13960955, 0.0521315, 0.021695934, 0.0076208944, 0.00085925154, 9.253908e-05, 0.0001709614, 0.00010747654, 3.172652e-05, 5.628501e-06, 2.8189456e-06, 2.1258427e-06, 9.979349e-07, 5.8523955e-07, 5.655172e-07, 5.468284e-07, 0.5563792, 0.043379944, 0.023817329, 0.0040971753, 0.0017423432, 0.00070104987, 0.00024828728, 9.176449e-05, 3.716437e-05, 4.8916245e-06, 5.0232775e-06, 2.0441944e-06, 7.953607e-07, 7.416974e-07, 5.624504e-07, 5.394291e-07, 5.2895996e-07, 5.243023e-07], 'scaler_samples': (array([[0.49095793, 0.62681705, 0.83524162, 0.08476204, 0.46130267,        0.45227668],       [0.53363166, 0.27510558, 0.76034208, 0.79093928, 0.78780661,        0.81859301],       [0.11490345, 0.54973238, 0.58184306, 0.82559175, 0.91988675,        0.67427553]]), array([-1.05982001, -1.04      , -1.07576572])), 'net': {'saver_path': './M-LOOP_archives/./neural_net_archive_2022-10-23_20-55_aA_lU7Og.ckpt'}}
net_1={'last_hyperfit': 0, 'last_net_reg': 1e-08, 'regularization_history': [1e-08], 'losses_list': [1.0921261, 0.028512616, 0.015116827, 0.01033338, 0.003629697, 0.00053292635, 6.37844e-05, 7.7998106e-05, 6.50835e-05, 2.1514175e-05, 3.97094e-06, 2.5114105e-06, 8.3866803e-07, 6.442871e-07, 5.746541e-07, 5.395711e-07, 5.3419876e-07, 5.3186466e-07, 5.3018084e-07, 5.3028003e-07, 5.2987247e-07, 5.298513e-07, 5.298123e-07, 5.2979254e-07, 5.297846e-07, 5.2978305e-07, 5.2978265e-07, 5.297826e-07, 5.2978254e-07, 5.2978254e-07, 1.2466415, 0.07423708, 0.010571603, 0.0066489493, 0.0021541405, 0.0010332759, 0.00021676849, 0.000111179, 1.2821261e-05, 1.17390255e-05, 3.1202712e-06, 2.5609506e-06, 9.2521526e-07, 7.0961534e-07, 5.8025825e-07, 5.5587515e-07], 'scaler_samples': (array([[0.49095793, 0.62681705, 0.83524162, 0.08476204, 0.46130267,        0.45227668],       [0.53363166, 0.27510558, 0.76034208, 0.79093928, 0.78780661,        0.81859301],       [0.11490345, 0.54973238, 0.58184306, 0.82559175, 0.91988675,        0.67427553]]), array([-1.05982001, -1.04      , -1.07576572])), 'net': {'saver_path': './M-LOOP_archives/./neural_net_archive_2022-10-23_20-55_9pagvtXw.ckpt'}}
net_2={'last_hyperfit': 0, 'last_net_reg': 1e-08, 'regularization_history': [1e-08], 'losses_list': [7.1582108, 0.7314791, 0.14604236, 0.019585542, 0.020209957, 0.0044513396, 8.762229e-05, 0.0006141158, 0.00028547752, 3.7320766e-05, 6.0280317e-06, 8.258536e-06, 5.045179e-06, 2.0193106e-06, 8.741896e-07, 6.0842075e-07, 5.6028586e-07, 5.4569443e-07, 5.383597e-07, 5.355606e-07, 5.3478e-07, 5.343943e-07, 5.341239e-07, 5.340092e-07, 5.339724e-07, 5.3396303e-07, 5.3395854e-07, 5.339574e-07, 5.339574e-07, 5.339573e-07, 0.79822326, 0.16261941, 0.037938368, 0.020426497, 0.0046937154, 0.0012914327, 0.00062013464, 0.00016446161, 5.260246e-05, 9.627759e-06, 1.5743663e-06, 3.054632e-06, 1.2660264e-06, 8.5546446e-07, 6.9007217e-07, 5.923764e-07], 'scaler_samples': (array([[0.49095793, 0.62681705, 0.83524162, 0.08476204, 0.46130267,        0.45227668],       [0.53363166, 0.27510558, 0.76034208, 0.79093928, 0.78780661,        0.81859301],       [0.11490345, 0.54973238, 0.58184306, 0.82559175, 0.91988675,        0.67427553]]), array([-1.05982001, -1.04      , -1.07576572])), 'net': {'saver_path': './M-LOOP_archives/./neural_net_archive_2022-10-23_20-55_xMpwEubI.ckpt'}}
