mloop_version='3.3.1'
archive_type='neural_net_learner'
num_params=2
min_boundary=array([0., 0.])
max_boundary=array([1., 1.])
start_datetime='2022-10-23_10-46'
param_names=['', '']
search_precision=1e-06
parameter_searches=10
bad_uncer_frac=0.1
trust_region=nan
has_trust_region=False
predict_global_minima_at_end=True
generation_num=3
update_hyperparameters=False
predicted_best_parameters=array([0.16569284, 0.11724231])
predicted_best_scaled_cost=-8.031604
predicted_best_cost=-3.6460162914603056
all_params=array([[0.53784312, 0.15772767],       [0.02371431, 0.9135989 ],       [0.20381355, 0.26690864],       [1.        , 1.        ],       [1.        , 0.        ],       [1.        , 0.        ],       [0.6667955 , 0.607409  ],       [0.04617895, 0.86601481],       [0.01564454, 1.        ],       [0.        , 0.92295217],       [0.95859068, 0.53837372],       [0.47479766, 0.03680722],       [0.49239042, 0.08835378],       [0.48316933, 0.        ],       [0.7782669 , 0.25820819],       [0.16878576, 0.28904348],       [0.53571006, 0.19794769],       [0.18758957, 0.26542883],       [0.17931401, 0.29997478],       [0.53957782, 0.21605958],       [0.14326347, 0.24643043],       [0.15969036, 0.24821845],       [0.73779171, 0.54955826],       [0.54310038, 0.20402989],       [0.56841162, 0.15986783],       [0.63537029, 0.08477821],       [0.54684158, 0.22166275],       [0.50842878, 0.21202927],       [0.49690896, 0.2390791 ],       [0.20186919, 0.15184589],       [0.0369617 , 0.5993194 ],       [0.51946124, 0.18234778],       [0.16811421, 0.11597988],       [0.2010817 , 0.18033809],       [0.21926127, 0.60707911],       [0.1331857 , 0.        ],       [0.14574718, 0.        ],       [0.11874434, 0.        ],       [0.38946869, 0.24551567],       [0.17382165, 0.09741051],       [0.16699276, 0.12334744],       [0.17628546, 0.11878798],       [0.26796227, 0.73019162],       [0.16258272, 0.14034686],       [0.16575884, 0.138963  ],       [0.15686499, 0.14250401],       [0.92981051, 0.66177554],       [0.16589859, 0.11692636],       [0.16879424, 0.12438981],       [0.16339389, 0.12260986],       [0.66775447, 0.63605946],       [0.17393825, 0.10225434],       [0.16816666, 0.11506589],       [0.12696291, 0.116191  ],       [0.70820995, 0.62801562],       [0.16632487, 0.11054511],       [0.16285525, 0.11247712],       [0.16677937, 0.11442421],       [0.81274202, 0.02240141],       [0.166246  , 0.09949577],       [0.16730311, 0.10925806],       [0.16014184, 0.11707079],       [0.26958978, 0.72456701],       [0.16856296, 0.11472231],       [0.17262969, 0.12480237],       [0.1696474 , 0.11577878],       [0.78701578, 0.30943789],       [0.16440213, 0.11596091],       [0.16728037, 0.1128563 ],       [0.14445931, 0.10879198],       [0.96853445, 0.8645097 ],       [0.1638013 , 0.11149014],       [0.16467695, 0.11404752],       [0.16706859, 0.11662562],       [0.94611255, 0.90754444],       [0.16643654, 0.11624342],       [0.16654812, 0.11223509],       [0.1669379 , 0.11680486],       [0.81730714, 0.73249207],       [0.1659801 , 0.11214808],       [0.16714012, 0.1187212 ],       [0.16385202, 0.1143728 ],       [0.68214726, 0.64853432],       [0.16093067, 0.10909104],       [0.17906789, 0.13261579],       [0.15263311, 0.09101529],       [0.74218243, 0.58075127],       [0.16608804, 0.1151894 ],       [0.16338432, 0.10928118],       [0.16436515, 0.11482277],       [0.90811529, 0.16191492],       [0.1648881 , 0.11405381],       [0.17010998, 0.1218097 ],       [0.1672815 , 0.11811353],       [0.08984214, 0.87328268],       [0.16874744, 0.11785369],       [0.16720932, 0.11684947],       [0.16563258, 0.11683013],       [0.67338112, 0.1101025 ],       [0.16752569, 0.11951189],       [0.1705884 , 0.12185117],       [0.16317316, 0.11231744],       [0.23450311, 0.07139956],       [0.1670733 , 0.11312393],       [0.16624872, 0.1142667 ],       [0.17017801, 0.12245161],       [0.83886708, 0.28853269],       [0.16741037, 0.11854811],       [0.16567352, 0.11502332],       [0.16618401, 0.1149925 ],       [0.15546162, 0.31729159],       [0.16768498, 0.11371478],       [0.16554965, 0.11691784],       [0.16632116, 0.11803043],       [0.77049556, 0.64001404],       [0.16971139, 0.11377094],       [0.16965186, 0.12726522],       [0.16954443, 0.11397355],       [0.78976108, 0.76775281],       [0.16601235, 0.11865018]])
all_costs=array([-3.35343384, -3.36470588, -3.27659574, -3.00149925, -2.84779516,       -2.90566038, -2.75378267, -2.98360656, -2.97473997, -2.8723099 ,       -2.84779516, -2.88888889, -2.81575246, -2.89725036, -2.83971631,       -3.38747885, -3.4938918 , -3.48173913, -3.05648855, -3.45768566,       -3.32006633, -3.25528455, -2.88057554, -3.12324493, -3.32006633,       -3.02874433, -2.99252616, -3.41056218, -2.85592011, -3.34223706,       -3.05648855, -3.41056218, -4.02816901, -3.37605396, -3.03793627,       -3.23424879, -3.10387597, -2.93118594, -3.15275591, -3.11353033,       -3.74205607, -3.62025316, -2.98360656, -3.39898132, -3.37605396,       -3.25528455, -2.97473997, -3.77024482, -3.55595027, -3.72811918,       -2.98360656, -3.5061296 , -4.30537634, -3.37605396, -2.8723099 ,       -3.82791587, -3.64663024, -3.68692449, -3.44578313, -3.29818781,       -3.43396226, -3.41056218, -2.72380952, -3.56862745, -3.30909091,       -3.51845343, -2.94845361, -3.94871795, -3.63339383, -3.38747885,       -2.77669903, -3.42222222, -3.48173913, -3.70055453, -3.07526882,       -3.70055453, -3.5308642 , -3.60720721, -3.28735632, -3.88737864,       -3.56862745, -3.87234043, -3.05648855, -3.19298246, -3.34223706,       -3.48173913, -3.70055453, -3.37605396, -3.42222222, -3.71428571,       -3.62025316, -3.62025316, -3.45768566, -3.64663024, -2.81575246,       -3.90253411, -3.32006633, -3.46967071, -3.37605396, -3.60720721,       -3.34223706, -3.87234043, -3.29818781, -3.43396226, -3.6733945 ,       -3.45768566, -3.27659574, -3.55595027, -4.06085193, -3.70055453,       -3.22383253, -3.63339383, -3.54336283, -3.98011928, -2.71641791,       -3.46967071, -3.13302034, -3.23424879, -3.17274168, -3.29818781])
all_uncers=array([1.e-08, 1.e-08, 1.e-08, 1.e-08, 1.e-08, 1.e-08, 1.e-08, 1.e-08,       1.e-08, 1.e-08, 1.e-08, 1.e-08, 1.e-08, 1.e-08, 1.e-08, 1.e-08,       1.e-08, 1.e-08, 1.e-08, 1.e-08, 1.e-08, 1.e-08, 1.e-08, 1.e-08,       1.e-08, 1.e-08, 1.e-08, 1.e-08, 1.e-08, 1.e-08, 1.e-08, 1.e-08,       1.e-08, 1.e-08, 1.e-08, 1.e-08, 1.e-08, 1.e-08, 1.e-08, 1.e-08,       1.e-08, 1.e-08, 1.e-08, 1.e-08, 1.e-08, 1.e-08, 1.e-08, 1.e-08,       1.e-08, 1.e-08, 1.e-08, 1.e-08, 1.e-08, 1.e-08, 1.e-08, 1.e-08,       1.e-08, 1.e-08, 1.e-08, 1.e-08, 1.e-08, 1.e-08, 1.e-08, 1.e-08,       1.e-08, 1.e-08, 1.e-08, 1.e-08, 1.e-08, 1.e-08, 1.e-08, 1.e-08,       1.e-08, 1.e-08, 1.e-08, 1.e-08, 1.e-08, 1.e-08, 1.e-08, 1.e-08,       1.e-08, 1.e-08, 1.e-08, 1.e-08, 1.e-08, 1.e-08, 1.e-08, 1.e-08,       1.e-08, 1.e-08, 1.e-08, 1.e-08, 1.e-08, 1.e-08, 1.e-08, 1.e-08,       1.e-08, 1.e-08, 1.e-08, 1.e-08, 1.e-08, 1.e-08, 1.e-08, 1.e-08,       1.e-08, 1.e-08, 1.e-08, 1.e-08, 1.e-08, 1.e-08, 1.e-08, 1.e-08,       1.e-08, 1.e-08, 1.e-08, 1.e-08, 1.e-08, 1.e-08, 1.e-08, 1.e-08])
bad_run_indexs=[]
best_cost=-4.305376344086022
best_params=array([0.16816666, 0.11506589])
best_index=52
worst_cost=-2.716417910447761
worst_index=114
cost_range=1.5889584336382607
costs_count=120
params_count=91
cost_scaler_init_index=3
net_0={'last_hyperfit': 0, 'last_net_reg': 1e-08, 'regularization_history': [1e-08], 'losses_list': [4.174333, 0.34700537, 0.12880276, 0.033961583, 0.010191825, 0.0006007219, 0.0015262103, 0.0008476707, 0.0001561889, 5.3515636e-05, 2.081747e-05, 2.8604302e-06, 6.909652e-07, 1.0136158e-06, 8.048861e-07, 6.0601377e-07, 5.4527334e-07, 5.351268e-07, 5.33287e-07, 5.323815e-07, 5.318678e-07, 5.3161597e-07, 5.314811e-07, 5.314158e-07, 5.313895e-07, 5.31382e-07, 5.31381e-07, 5.3138115e-07, 5.313807e-07, 5.313807e-07, 70.191536, 4.5459943, 1.0077918, 0.21801189, 0.21664004, 0.19787262, 42.611607, 15.275081, 10.106169, 9.18901, 45.242825, 17.305855, 13.448349, 11.45889, 10.01569, 9.145863, 11.328866, 9.760451, 11.431445, 8.069375, 7.5039873, 7.2641907, 11.027459, 8.470997, 8.033476, 7.793891, 14.752068, 10.770632, 9.350249, 8.547847, 15.79145, 18.9956, 35.331936, 16.463335, 13.208266, 13.68659, 14.657536, 12.738111, 13.829892, 12.833813, 12.818238, 15.61847, 20.523252, 17.715008, 16.40838, 15.561611, 13.811443, 12.642612, 16.66177, 15.948856, 12.633992, 11.638205, 12.855326, 22.02153, 16.535442, 15.398794, 13.033732, 13.085008, 13.283343, 13.848781, 12.416066, 12.240175, 13.65055, 22.190056, 15.153316, 14.309644, 18.915504, 18.067646, 21.9387, 19.283936, 19.503939, 27.686647, 23.054987, 18.90996, 17.985899, 17.279642, 16.673347, 15.527529, 16.463053, 15.590249, 16.003668, 25.65203, 25.640017, 19.791706, 20.012278, 21.413338], 'scaler_samples': (array([[0.53784312, 0.15772767],       [0.02371431, 0.9135989 ],       [0.20381355, 0.26690864]]), array([-3.35343384, -3.36470588, -3.27659574])), 'net': {'saver_path': './M-LOOP_archives/./neural_net_archive_2022-10-23_10-46_zC9U-DMh.ckpt'}}
net_1={'last_hyperfit': 0, 'last_net_reg': 1e-08, 'regularization_history': [1e-08], 'losses_list': [1.2508872, 0.044207912, 0.02628375, 0.018043175, 0.0073558977, 0.0018915711, 0.0006308959, 0.0002266174, 5.6930323e-05, 2.3717712e-05, 1.37494535e-05, 2.4477395e-06, 6.9328604e-07, 1.070674e-06, 5.87976e-07, 5.672465e-07, 5.431366e-07, 5.284126e-07, 5.2752966e-07, 5.253633e-07, 5.2521483e-07, 5.250468e-07, 5.249994e-07, 5.2498e-07, 5.2497666e-07, 5.249741e-07, 5.249731e-07, 5.249726e-07, 5.249727e-07, 5.249725e-07, 50.66415, 4.30254, 0.70474774, 0.2692298, 0.2539457, 0.19513045, 44.434185, 16.792547, 12.934217, 9.599755, 8.982534, 8.845396, 39.056343, 15.573598, 12.705287, 10.284176, 8.889736, 7.9665346, 9.5610485, 10.820701, 14.649307, 8.513458, 7.792642, 7.4718018, 13.380916, 9.1363125, 8.368101, 8.173498, 15.112957, 12.789835, 11.869276, 10.940474, 16.936543, 15.3891, 38.250122, 15.557899, 12.087778, 10.264663, 8.371626, 7.1209636, 6.622205, 6.071063, 16.828733, 9.70795, 9.102322, 7.842772, 18.010937, 8.902266, 7.4221325, 6.0007763, 5.1165347, 4.396927, 5.6575193, 6.213676, 12.552737, 9.772573, 21.026438, 8.483058, 8.066173, 7.661892, 13.9641075, 10.954086, 10.427514, 10.854241, 13.732997, 16.404293, 15.77133, 11.360588, 11.2533455, 10.606613, 14.227196, 11.771087, 11.452887, 10.683379, 11.204739, 14.570643, 16.843498, 14.202048, 16.432232, 13.727729, 18.10252, 15.984845, 15.881062, 15.475028, 19.652025, 17.072376, 16.679972, 16.05303, 16.680199, 15.972997, 21.138353, 16.625475, 16.24967, 15.076271, 19.874119, 14.119503, 14.311991, 14.661955, 14.119784, 15.592622, 30.471079, 18.476278, 19.728622, 18.011215], 'scaler_samples': (array([[0.53784312, 0.15772767],       [0.02371431, 0.9135989 ],       [0.20381355, 0.26690864]]), array([-3.35343384, -3.36470588, -3.27659574])), 'net': {'saver_path': './M-LOOP_archives/./neural_net_archive_2022-10-23_10-46_Tk_ZiXgy.ckpt'}}
net_2={'last_hyperfit': 0, 'last_net_reg': 1e-08, 'regularization_history': [1e-08], 'losses_list': [0.69532514, 0.10854058, 0.031129558, 0.00052255514, 0.0023658555, 0.0016768483, 0.00053054, 5.60668e-05, 2.3010957e-06, 6.562071e-06, 5.3834606e-06, 2.95682e-06, 1.5427922e-06, 9.1818663e-07, 6.7350766e-07, 5.817925e-07, 6.1795356e-07, 0.00072486117, 0.00017695269, 5.2432402e-05, 73.55574, 3.936779, 1.7961332, 0.37954748, 0.21599609, 0.200243, 44.381504, 17.69394, 13.156141, 10.143013, 9.020179, 9.031609, 47.508633, 17.300583, 14.242105, 12.012976, 10.217922, 9.253239, 12.829457, 14.25746, 11.574908, 8.844971, 7.838826, 7.6180477, 14.241927, 10.0118065, 9.473315, 8.995109, 14.725305, 13.865018, 20.654476, 23.27108, 36.267315, 21.078753, 18.704311, 16.615015, 17.160187, 16.01715, 16.986736, 15.52717, 15.125596, 17.20023, 24.689602, 19.28955, 18.723188, 16.993202, 15.10735, 13.437747, 13.156242, 10.59089, 14.283489, 13.961336, 12.880025, 11.84824, 16.16022, 13.048835, 16.828709, 13.060256, 15.08781, 14.454009, 12.834337, 13.180973, 12.145371, 12.160481, 12.311402, 16.664911, 19.924318, 17.620924, 21.640398, 20.353682, 22.439285, 21.183565, 21.68389, 22.265478, 20.513416, 20.251152, 20.570345, 19.300222, 19.038044, 18.621075, 18.818539, 19.464125, 22.53909, 21.46777], 'scaler_samples': (array([[0.53784312, 0.15772767],       [0.02371431, 0.9135989 ],       [0.20381355, 0.26690864]]), array([-3.35343384, -3.36470588, -3.27659574])), 'net': {'saver_path': './M-LOOP_archives/./neural_net_archive_2022-10-23_10-46_uFUFbhs8.ckpt'}}
