mloop_version='3.3.1'
archive_type='neural_net_learner'
num_params=6
min_boundary=array([0., 0., 0., 0., 0., 0.])
max_boundary=array([1., 1., 1., 1., 1., 1.])
start_datetime='2022-10-23_19-51'
param_names=['', '', '', '', '', '']
search_precision=1e-06
parameter_searches=10
bad_uncer_frac=0.1
trust_region=nan
has_trust_region=False
predict_global_minima_at_end=True
generation_num=3
update_hyperparameters=False
predicted_best_parameters=array([0.        , 0.4283254 , 0.55150947, 0.76626914, 0.24654371,       0.69196442])
predicted_best_scaled_cost=-2.2450113
predicted_best_cost=-2.3740407589836363
all_params=array([[3.67954121e-01, 7.85954005e-01, 5.21784387e-01, 1.94855001e-01,        8.93361961e-01, 3.62207805e-01],       [5.31858941e-01, 1.71619981e-01, 2.53466283e-01, 6.57564161e-01,        7.76368858e-01, 3.08222110e-01],       [1.40289866e-02, 1.55782904e-01, 7.53835181e-01, 6.11217099e-01,        1.11340825e-01, 6.22306667e-01],       [2.55537168e-01, 4.52383623e-02, 0.00000000e+00, 1.00000000e+00,        0.00000000e+00, 9.25281608e-01],       [0.00000000e+00, 1.33202400e-01, 0.00000000e+00, 1.00000000e+00,        1.00000000e+00, 1.00000000e+00],       [5.83656102e-01, 4.54380599e-01, 1.00000000e+00, 1.00000000e+00,        4.69069658e-01, 1.00000000e+00],       [1.89353135e-01, 6.03390099e-01, 2.50671392e-02, 4.48753854e-01,        9.33715981e-01, 7.46395719e-01],       [0.00000000e+00, 5.55111512e-17, 1.00000000e+00, 2.53765202e-01,        0.00000000e+00, 6.19902086e-01],       [0.00000000e+00, 4.88549660e-02, 1.00000000e+00, 5.88805565e-01,        0.00000000e+00, 7.56980966e-01],       [0.00000000e+00, 5.55111512e-17, 8.49654835e-01, 4.47347013e-01,        0.00000000e+00, 7.43330642e-01],       [1.40422196e-01, 3.81013223e-01, 1.31044426e-02, 8.64568985e-01,        3.44970182e-01, 5.37104419e-01],       [0.00000000e+00, 5.55111512e-17, 9.64700095e-01, 6.16969795e-01,        0.00000000e+00, 3.37986098e-01],       [0.00000000e+00, 2.19638072e-01, 7.47083399e-01, 7.51144688e-01,        0.00000000e+00, 5.70036927e-01],       [0.00000000e+00, 5.55111512e-17, 7.08395465e-01, 7.51382338e-01,        0.00000000e+00, 5.30513983e-01],       [9.76323721e-01, 8.43870434e-01, 4.64133264e-01, 5.88831203e-02,        5.56312226e-01, 7.83874947e-01],       [0.00000000e+00, 2.98478600e-01, 7.52283005e-01, 6.62666341e-01,        1.03639559e-01, 6.56842750e-01],       [0.00000000e+00, 2.73647639e-01, 6.88874139e-01, 5.84045510e-01,        1.47374745e-01, 6.05628864e-01],       [0.00000000e+00, 2.95753488e-01, 7.71630843e-01, 6.27859989e-01,        1.38711313e-01, 6.28280488e-01],       [3.42307974e-01, 1.90517926e-01, 3.64098032e-02, 5.35331352e-01,        6.21375347e-01, 2.94417529e-01],       [0.00000000e+00, 3.86379479e-01, 8.28054093e-01, 6.39714536e-01,        2.06667488e-01, 5.91216454e-01],       [0.00000000e+00, 3.76986077e-01, 1.00000000e+00, 7.50674313e-01,        1.23502553e-01, 6.36526551e-01],       [1.00000000e+00, 5.55111512e-17, 8.33229924e-01, 5.55111512e-17,        0.00000000e+00, 1.00000000e+00],       [6.19223100e-01, 9.01476929e-01, 1.60591822e-01, 7.18692019e-02,        1.77124310e-01, 9.32246004e-01],       [0.00000000e+00, 2.73377942e-01, 7.88571748e-01, 5.89900201e-01,        1.24141991e-01, 6.16325219e-01],       [0.00000000e+00, 2.39887426e-01, 8.60374600e-01, 6.30531017e-01,        1.14812360e-01, 6.17495632e-01],       [2.03067932e-02, 1.43578625e-01, 8.55514889e-01, 6.67788093e-01,        1.93323042e-01, 6.29565520e-01],       [8.74269482e-01, 2.08845753e-01, 2.51376938e-01, 3.58347749e-01,        7.24956338e-01, 3.02524790e-01],       [0.00000000e+00, 3.03336448e-01, 7.56243214e-01, 5.90667240e-01,        6.92567722e-02, 6.46445411e-01],       [4.77421712e-03, 3.51581936e-01, 8.00346932e-01, 6.38005370e-01,        6.29318752e-02, 6.11350380e-01],       [0.00000000e+00, 4.03430910e-01, 8.30604930e-01, 6.41686821e-01,        0.00000000e+00, 6.69612314e-01],       [3.99925669e-01, 5.47623965e-01, 8.74419481e-01, 7.11814531e-01,        6.61521272e-01, 2.48324620e-02],       [0.00000000e+00, 3.16455937e-01, 7.74065172e-01, 6.57202797e-01,        2.23729204e-01, 6.14956012e-01],       [0.00000000e+00, 2.70719109e-01, 7.72031158e-01, 6.06797597e-01,        2.55817429e-01, 6.51684063e-01],       [0.00000000e+00, 3.01634534e-01, 7.66781250e-01, 6.12469608e-01,        1.64056517e-01, 6.26589730e-01],       [6.81856744e-02, 9.62199761e-02, 4.70918148e-01, 5.83695616e-01,        7.10648617e-01, 1.28368556e-02],       [7.48977300e-03, 2.89810949e-01, 7.96286786e-01, 6.08454729e-01,        0.00000000e+00, 6.37442599e-01],       [1.00658560e-02, 2.60892274e-01, 7.99409402e-01, 5.95307852e-01,        0.00000000e+00, 5.99118548e-01],       [0.00000000e+00, 2.50542015e-01, 8.05794407e-01, 6.40972884e-01,        0.00000000e+00, 6.22327766e-01],       [6.51325221e-01, 4.24142026e-01, 4.81871302e-02, 8.65476905e-01,        2.10502063e-01, 4.50072977e-01],       [0.00000000e+00, 2.36265194e-01, 8.12940789e-01, 5.48421918e-01,        8.84949895e-02, 6.41296053e-01],       [0.00000000e+00, 2.39400959e-01, 7.95961802e-01, 5.99365952e-01,        1.43045921e-01, 6.38153298e-01],       [1.00000000e+00, 1.00000000e+00, 5.21467373e-01, 5.55111512e-17,        1.00000000e+00, 9.03012750e-01],       [1.84499582e-01, 6.50340186e-01, 8.74464864e-01, 6.23920301e-01,        7.23192610e-01, 1.98046576e-02],       [0.00000000e+00, 2.94689851e-01, 7.72275693e-01, 6.23907266e-01,        9.97054083e-02, 6.22478553e-01],       [3.14120382e-02, 2.81433734e-01, 7.67888430e-01, 6.06019794e-01,        1.25710013e-01, 6.08236362e-01],       [0.00000000e+00, 2.69863684e-01, 7.93555482e-01, 6.01934413e-01,        1.12545763e-01, 6.18468996e-01],       [1.84916781e-01, 5.50116339e-01, 1.78528465e-01, 8.10371485e-01,        7.30040893e-02, 7.22390019e-01],       [5.48935692e-04, 2.90514523e-01, 7.77122635e-01, 6.22340277e-01,        1.33818213e-01, 6.31319341e-01],       [3.25647061e-03, 2.78825385e-01, 7.82876490e-01, 5.98273092e-01,        1.19928902e-01, 6.35297253e-01],       [0.00000000e+00, 2.33381832e-01, 7.83086306e-01, 6.03721225e-01,        1.44581475e-01, 6.35207209e-01],       [6.04041379e-02, 1.00058690e-01, 3.19614004e-01, 1.35848133e-01,        2.11199454e-01, 8.18131919e-01],       [0.00000000e+00, 2.66576801e-01, 7.72321037e-01, 6.23649812e-01,        1.52618827e-01, 6.29179379e-01],       [0.00000000e+00, 2.33683718e-01, 7.76702954e-01, 5.97567973e-01,        1.33721674e-01, 6.46807107e-01],       [0.00000000e+00, 4.90297988e-01, 8.25560905e-01, 6.11896070e-01,        0.00000000e+00, 5.93401893e-01],       [1.05302798e-01, 4.47416181e-01, 5.87002362e-01, 1.83019208e-01,        8.46252865e-03, 3.68438819e-01],       [0.00000000e+00, 3.16281730e-01, 7.87098258e-01, 6.03257168e-01,        1.09867804e-01, 6.25324379e-01],       [0.00000000e+00, 3.33668775e-01, 7.87139668e-01, 5.63277924e-01,        3.12805166e-02, 6.02750064e-01],       [0.00000000e+00, 2.37306240e-01, 8.12054711e-01, 5.73969034e-01,        1.29720612e-01, 6.24065535e-01],       [4.48577828e-01, 2.78993925e-01, 3.62040367e-01, 9.87791633e-01,        3.61778165e-01, 6.75897303e-01],       [7.31369542e-02, 4.04555706e-01, 8.95311562e-01, 6.48601547e-01,        0.00000000e+00, 5.82499364e-01],       [6.32083222e-02, 9.60028327e-01, 1.00000000e+00, 9.63408270e-01,        6.34859646e-02, 1.00000000e+00],       [0.00000000e+00, 2.10734712e-01, 7.97355636e-01, 5.79302550e-01,        1.46716149e-01, 6.18533956e-01],       [6.71741822e-01, 8.36282586e-01, 4.01097226e-01, 2.46358002e-01,        6.71645014e-01, 5.49589727e-01],       [0.00000000e+00, 1.82677936e-01, 7.50696450e-01, 5.27118992e-01,        3.23110280e-02, 6.44976484e-01],       [8.85088554e-03, 1.85759573e-01, 7.93038179e-01, 6.00063940e-01,        1.87526180e-01, 6.42710133e-01],       [0.00000000e+00, 2.07257950e-01, 8.01936801e-01, 5.64020932e-01,        1.58473276e-01, 6.11572161e-01],       [5.55674390e-01, 1.44273756e-01, 9.40960694e-01, 4.42948914e-01,        3.07571480e-01, 8.52936203e-01],       [1.00000000e+00, 1.00000000e+00, 9.02786480e-01, 2.95263502e-01,        8.89370180e-01, 6.33598525e-01],       [1.00000000e+00, 7.81078966e-01, 3.69895860e-01, 2.27390232e-02,        4.62201821e-01, 7.48642860e-01],       [1.00000000e+00, 8.53786050e-01, 4.66400805e-01, 5.55111512e-17,        4.65320694e-01, 8.21444788e-01],       [2.61726783e-01, 1.11350200e-01, 9.57101288e-01, 5.92227967e-01,        1.15462539e-01, 1.30280205e-01],       [0.00000000e+00, 2.28315267e-01, 7.80978087e-01, 5.98073204e-01,        1.29737179e-01, 6.24849360e-01],       [0.00000000e+00, 2.47145290e-01, 7.92200231e-01, 5.92489759e-01,        1.46207840e-01, 6.05911293e-01],       [0.00000000e+00, 2.18782276e-01, 8.05184644e-01, 5.84691296e-01,        1.17702234e-01, 6.26078573e-01],       [2.16384658e-01, 3.44803318e-01, 4.70685476e-01, 1.59279132e-02,        9.97956511e-01, 4.08117159e-01],       [0.00000000e+00, 2.86008795e-01, 7.61167791e-01, 5.89126621e-01,        8.60982775e-02, 6.38479779e-01],       [0.00000000e+00, 3.22954183e-01, 7.76164062e-01, 6.45314773e-01,        1.30456722e-01, 6.23348764e-01],       [4.93766970e-02, 2.88105052e-01, 7.18807800e-01, 5.94951986e-01,        1.56115470e-02, 6.59835149e-01],       [4.48294412e-01, 4.63430540e-01, 5.73507525e-01, 1.14713709e-01,        8.03338465e-01, 5.81993613e-01],       [0.00000000e+00, 2.13070934e-01, 7.93623321e-01, 6.00715994e-01,        1.41916989e-01, 6.32001220e-01],       [0.00000000e+00, 3.05845387e-01, 7.74293150e-01, 6.28611620e-01,        1.22846947e-01, 6.50431741e-01],       [0.00000000e+00, 3.59312154e-01, 7.66286042e-01, 7.60145910e-01,        1.14410353e-02, 5.99644888e-01],       [9.78018733e-02, 9.97539884e-01, 3.73782670e-01, 4.03972898e-02,        7.20605853e-01, 8.05175321e-01],       [0.00000000e+00, 2.12504244e-01, 8.04852138e-01, 5.40014456e-01,        1.45830599e-01, 6.02160383e-01],       [9.00190978e-03, 2.30888942e-01, 7.60021367e-01, 6.16044870e-01,        1.35890958e-01, 6.30299218e-01],       [7.28292931e-01, 7.67502344e-01, 4.86103320e-01, 4.80554079e-02,        7.11092536e-01, 6.52167210e-01],       [1.49533581e-01, 1.06014437e-01, 6.43163314e-04, 7.32736180e-02,        4.51893616e-01, 9.38510035e-01],       [1.00000000e+00, 1.00000000e+00, 3.75717258e-01, 1.64179695e-01,        5.96029854e-01, 8.41659059e-01],       [3.80701048e-01, 3.39481135e-01, 6.06610364e-01, 2.20516100e-01,        9.10425874e-01, 6.26089583e-01],       [4.27130547e-01, 3.43837384e-01, 6.26091791e-01, 2.01221893e-01,        7.22902026e-01, 5.56840488e-01],       [6.67248999e-01, 1.40502952e-01, 7.67607930e-01, 7.14294545e-01,        9.20182858e-01, 5.74152616e-01],       [0.00000000e+00, 3.86818000e-01, 7.11873911e-01, 6.94936133e-01,        1.39791804e-01, 5.92108273e-01],       [1.95137438e-02, 3.18628204e-01, 7.40398656e-01, 6.24290689e-01,        1.52818950e-01, 5.86851620e-01],       [0.00000000e+00, 5.55111512e-17, 1.00000000e+00, 8.23854180e-01,        1.00000000e+00, 9.83226253e-01],       [6.43934483e-01, 1.39006936e-01, 1.12406518e-01, 6.89029638e-01,        1.68096999e-01, 9.03484307e-01],       [4.55016823e-01, 5.75898106e-01, 6.30546007e-01, 5.55111512e-17,        8.25144831e-01, 5.72284480e-01],       [0.00000000e+00, 2.87536037e-01, 7.88345141e-01, 6.56206179e-01,        1.55465763e-01, 6.58955822e-01],       [0.00000000e+00, 3.07526584e-01, 7.93044652e-01, 6.43323614e-01,        1.38648954e-01, 6.32816450e-01],       [3.73196267e-01, 5.44988779e-01, 5.20373487e-01, 2.30609813e-01,        8.47779895e-01, 4.62133072e-01],       [0.00000000e+00, 2.83849911e-01, 7.70176974e-01, 5.86482150e-01,        1.06048357e-01, 6.40680523e-01],       [4.10973310e-01, 4.96872327e-01, 5.18877842e-01, 1.65145857e-01,        7.29016103e-01, 6.00100074e-01],       [0.00000000e+00, 3.04473274e-01, 7.62707494e-01, 6.34327896e-01,        1.30924471e-01, 6.19958773e-01],       [4.39286660e-01, 7.31572716e-01, 8.17495436e-01, 2.45086641e-01,        2.81181336e-01, 7.68359482e-01],       [4.70037407e-01, 4.36886966e-01, 5.41072931e-01, 6.20949057e-02,        8.06130274e-01, 6.20341434e-01],       [3.85511690e-02, 3.20664244e-01, 7.37419234e-01, 6.08852032e-01,        1.40218436e-01, 6.14884720e-01],       [6.00369414e-01, 6.23562646e-01, 5.92728770e-01, 4.09471030e-01,        2.04819913e-01, 6.76764884e-01],       [5.90336329e-01, 3.42099792e-01, 7.05472903e-01, 3.02607208e-01,        8.02182790e-01, 1.32810310e-01],       [0.00000000e+00, 3.16592865e-01, 7.65523381e-01, 6.38805219e-01,        1.40275310e-01, 6.28971563e-01],       [0.00000000e+00, 3.01057256e-01, 7.75141428e-01, 6.39437123e-01,        1.47254461e-01, 6.27366286e-01],       [0.00000000e+00, 3.05361843e-01, 7.74253604e-01, 6.36042196e-01,        1.36697277e-01, 6.28462535e-01],       [1.37715007e-01, 8.78123112e-01, 6.49209736e-01, 1.42967843e-01,        3.42386067e-01, 5.83175334e-01],       [0.00000000e+00, 3.08663060e-01, 7.73856247e-01, 6.37177507e-01,        1.49475993e-01, 6.22862087e-01],       [0.00000000e+00, 3.02156126e-01, 7.71643846e-01, 6.32468414e-01,        1.33083409e-01, 6.28469892e-01],       [0.00000000e+00, 3.02798025e-01, 7.71795008e-01, 6.33475259e-01,        1.38080917e-01, 6.27927750e-01],       [1.61811539e-01, 3.27103192e-01, 2.57425532e-01, 2.62460772e-01,        8.04767840e-01, 7.85507932e-01],       [0.00000000e+00, 8.60120973e-01, 8.73253613e-01, 1.69087573e-01,        0.00000000e+00, 1.00000000e+00],       [4.60986161e-01, 4.82323891e-01, 6.00861114e-01, 1.17509514e-01,        8.23182045e-01, 5.46819263e-01],       [0.00000000e+00, 3.18943742e-01, 7.71440327e-01, 6.40374110e-01,        1.52899390e-01, 6.31696729e-01],       [3.66703695e-01, 2.47500026e-01, 8.62853042e-01, 5.70078199e-01,        4.70401835e-01, 7.29866874e-01],       [0.00000000e+00, 3.07229508e-01, 7.64056469e-01, 6.35854697e-01,        1.25409975e-01, 6.31672258e-01]])
all_costs=array([-2.07892004, -2.03662258, -2.28278221, -2.07892004, -1.94936709,       -1.99601196, -2.02426694, -2.10073452, -2.07032058, -2.00802407,       -2.08324662, -2.07032058, -2.16432432, -2.02018163, -2.30379747,       -2.27241771, -2.06179197, -2.40336134, -2.11851852, -2.16432432,       -2.2121547 , -2.03662258, -2.04494382, -2.36923077, -2.23188406,       -2.04912999, -2.04494382, -2.31445087, -2.3198146 , -2.23687151,       -1.94557823, -2.15037594, -2.1596548 , -2.17372421, -2.09195402,       -2.23687151, -2.14117647, -2.06604747, -1.98808342, -2.27758817,       -2.330617  , -2.05333333, -1.96853491, -2.20727674, -2.26214689,       -2.2519685 , -2.15500538, -2.23687151, -2.32520325, -2.34152047,       -2.17372421, -2.1596548 , -2.22197558, -2.05755396, -2.03662258,       -2.16901408, -2.09195402, -2.31445087, -2.04077472, -2.17372421,       -2.04077472, -2.37485172, -2.04077472, -2.16901408, -2.16901408,       -2.17372421, -2.0746114 , -2.02018163, -2.12752391, -2.15500538,       -2.26727067, -2.330617  , -2.22197558, -2.15037594, -2.10958904,       -2.32520325, -2.330617  , -1.94936709, -2.34152047, -2.32520325,       -2.25704622, -2.09195402, -2.08324662, -2.24691358, -2.23188406,       -2.06179197, -2.21705426, -2.17372421, -2.14117647, -1.98808342,       -2.16901408, -2.14576635, -2.13205538, -1.97241379, -2.10515247,       -2.08324662, -1.96082272, -2.18797814, -2.08324662, -2.19758507,       -1.94180407, -2.30911188, -2.17845484, -2.15037594, -2.17845484,       -2.13660619, -2.25704622, -2.34152047, -2.35806832, -2.39760479,       -2.15037594, -2.2932417 , -2.34152047, -2.27758817, -2.10073452,       -2.0746114 , -2.24691358, -2.2269188 , -2.0120603 , -2.26727067])
all_uncers=array([1.e-08, 1.e-08, 1.e-08, 1.e-08, 1.e-08, 1.e-08, 1.e-08, 1.e-08,       1.e-08, 1.e-08, 1.e-08, 1.e-08, 1.e-08, 1.e-08, 1.e-08, 1.e-08,       1.e-08, 1.e-08, 1.e-08, 1.e-08, 1.e-08, 1.e-08, 1.e-08, 1.e-08,       1.e-08, 1.e-08, 1.e-08, 1.e-08, 1.e-08, 1.e-08, 1.e-08, 1.e-08,       1.e-08, 1.e-08, 1.e-08, 1.e-08, 1.e-08, 1.e-08, 1.e-08, 1.e-08,       1.e-08, 1.e-08, 1.e-08, 1.e-08, 1.e-08, 1.e-08, 1.e-08, 1.e-08,       1.e-08, 1.e-08, 1.e-08, 1.e-08, 1.e-08, 1.e-08, 1.e-08, 1.e-08,       1.e-08, 1.e-08, 1.e-08, 1.e-08, 1.e-08, 1.e-08, 1.e-08, 1.e-08,       1.e-08, 1.e-08, 1.e-08, 1.e-08, 1.e-08, 1.e-08, 1.e-08, 1.e-08,       1.e-08, 1.e-08, 1.e-08, 1.e-08, 1.e-08, 1.e-08, 1.e-08, 1.e-08,       1.e-08, 1.e-08, 1.e-08, 1.e-08, 1.e-08, 1.e-08, 1.e-08, 1.e-08,       1.e-08, 1.e-08, 1.e-08, 1.e-08, 1.e-08, 1.e-08, 1.e-08, 1.e-08,       1.e-08, 1.e-08, 1.e-08, 1.e-08, 1.e-08, 1.e-08, 1.e-08, 1.e-08,       1.e-08, 1.e-08, 1.e-08, 1.e-08, 1.e-08, 1.e-08, 1.e-08, 1.e-08,       1.e-08, 1.e-08, 1.e-08, 1.e-08, 1.e-08, 1.e-08, 1.e-08, 1.e-08])
bad_run_indexs=[]
best_cost=-2.4033613445378146
best_params=array([0.        , 0.29575349, 0.77163084, 0.62785999, 0.13871131,       0.62828049])
best_index=17
worst_cost=-1.94180407371484
worst_index=100
cost_range=0.4615572708229745
costs_count=120
params_count=90
cost_scaler_init_index=3
net_0={'last_hyperfit': 0, 'last_net_reg': 1e-08, 'regularization_history': [1e-08], 'losses_list': [0.5984106, 0.033719484, 0.02059277, 0.004987142, 0.0012612313, 0.00071276864, 0.00043363546, 0.00022390408, 4.8954e-05, 2.6461052e-05, 8.383275e-06, 3.5270446e-06, 1.4597897e-06, 9.700353e-07, 6.2061065e-07, 5.6914405e-07, 5.3898606e-07, 5.339626e-07, 5.349625e-07, 5.3419603e-07, 5.33544e-07, 5.333796e-07, 5.333714e-07, 5.3335907e-07, 5.3335845e-07, 5.3335697e-07, 5.33357e-07, 5.333567e-07, 5.3335657e-07, 5.3335646e-07, 1.1264788, 0.06870745, 0.02831966, 0.012429004, 0.74064195, 0.16846119, 0.032467566, 0.0143652195, 0.0022981237, 0.0007207388, 0.0006277245, 6.1154016e-05, 6.869662e-05, 1.4180459e-05, 5.3945646e-06, 2.7898302e-06, 8.837642e-07, 9.108423e-07, 5.9871275e-07, 5.686581e-07, 1.1300911, 0.27867627, 0.1758744, 0.09078945, 0.03994541, 0.016485702, 0.0023924916, 0.00027973155, 0.00054728356, 0.00015957124, 7.0745464e-06, 1.7466744e-05, 0.39638492, 0.32398802, 0.22901443, 0.14295839, 0.094174266, 0.08532576, 0.045877773, 0.04146585, 0.27686188, 0.087540835, 0.05844206, 0.051548343, 0.036631722, 0.027232135, 0.020826098, 0.016552556, 0.012977034, 0.0064844177, 0.0044321767, 0.0027714518, 0.0007506548, 0.00038083317, 0.0001819844, 7.407606e-05, 1.3996485e-05, 1.0694472e-05, 1.993875e-06, 1.4282139e-06, 9.4774373e-07, 7.981451e-07, 5.8141285e-07, 5.81977e-07, 0.24328098, 0.04777911, 0.011606874, 0.007946241, 0.0031416984, 0.001957705, 0.0009815294, 0.00049047754, 0.00027072127, 0.00015755031, 9.929313e-05, 5.6308414e-05, 1.7570423e-05, 7.941215e-06, 4.389246e-06, 2.0679106e-06, 1.1802765e-06, 8.050779e-07, 6.425099e-07, 5.931841e-07, 0.034878947, 0.014489692, 0.0047534877, 0.002124087, 0.0011939105, 0.00068799657, 0.00039084765, 0.00030751867, 0.00012186786, 5.2943175e-05, 2.594366e-05, 1.0936566e-05, 5.5108117e-06, 2.7162655e-06, 1.3867084e-06, 1.7117768e-06, 6.898256e-07, 6.036631e-07, 0.44755825, 0.30406067, 0.23496546, 0.2297262, 0.4477078, 0.24677625, 0.20168202, 0.15675366, 0.11614668, 0.08183304, 0.063195825, 0.05127867, 0.049267, 0.052703124, 0.033200577, 0.040403403, 0.12149739, 0.049857765, 0.035581257, 0.027224379, 0.021237561, 0.023417704, 0.0134652, 0.01061514, 0.007804573, 0.0064869886, 0.12458551, 0.060122315, 0.04897479, 0.04125171, 0.032784864, 0.027178315, 0.037823785, 0.03202475, 0.044580683, 0.10067911, 0.1599927, 0.090015516, 0.09011206, 0.096749194, 0.16612662, 0.08823922, 0.07925815, 0.06621862, 0.12086776, 0.10306846, 0.06695978, 0.05870523, 0.050411113, 0.04208881, 0.16786872, 0.1949502, 0.23568659, 0.10915762, 0.0874477, 0.07106581, 0.071525045, 0.0559104, 0.16168368, 0.07509908, 0.07060931, 0.07386605, 0.16626926, 0.0508854, 0.04549889, 0.036869217, 0.042952795, 0.027107857, 0.025024362, 0.039033484, 0.072653785, 0.11005101, 0.22848278, 0.078730755, 0.058926668, 0.04373123, 0.035851847, 0.16601346, 0.16047043, 0.060377732, 0.02639014, 0.043403074, 0.017834395, 0.016801646, 0.094539516, 0.025399685, 0.034036495, 0.017555458, 0.020136358, 0.016470281, 0.116397664, 0.6114047, 0.247916, 0.14188176, 0.099015415, 0.07045875, 0.05049504, 0.03273135, 0.084921926, 0.047019955, 0.027197689, 0.02361186, 0.011840531, 0.06616329, 0.028660122, 0.012765898, 0.01314935, 0.04667653, 0.03738604, 0.060786232, 0.02448515, 0.05261744, 0.17153078, 0.040670972, 0.042810537, 0.023870762, 0.029149987, 0.019270454, 0.027860995, 0.03788173, 0.021871805, 0.019955397], 'scaler_samples': (array([[0.36795412, 0.785954  , 0.52178439, 0.194855  , 0.89336196,        0.36220781],       [0.53185894, 0.17161998, 0.25346628, 0.65756416, 0.77636886,        0.30822211],       [0.01402899, 0.1557829 , 0.75383518, 0.6112171 , 0.11134082,        0.62230667]]), array([-2.07892004, -2.03662258, -2.28278221])), 'net': {'saver_path': './M-LOOP_archives/./neural_net_archive_2022-10-23_19-51_2cQ5Eu7_.ckpt'}}
net_1={'last_hyperfit': 0, 'last_net_reg': 1e-08, 'regularization_history': [1e-08], 'losses_list': [1.5765338, 0.22247157, 0.07001317, 0.011217351, 0.0016542454, 0.0013526074, 0.0008766326, 0.00036211574, 8.254098e-05, 7.116234e-06, 7.3210363e-06, 2.8774582e-06, 1.4089862e-06, 1.0135918e-06, 6.4430026e-07, 5.881483e-07, 5.488358e-07, 5.3686244e-07, 5.340955e-07, 5.319154e-07, 5.319953e-07, 5.319423e-07, 5.31867e-07, 5.318617e-07, 5.318519e-07, 5.318506e-07, 5.318506e-07, 5.318505e-07, 5.318503e-07, 5.318502e-07, 1.8143162, 0.10941439, 0.025796363, 0.021355063, 0.0027332136, 0.00093265466, 0.001049874, 9.6809505e-05, 9.281884e-05, 3.659575e-05, 5.886845e-06, 7.159413e-06, 1.3567657e-06, 1.1962363e-06, 6.565954e-07, 5.725596e-07, 5.508567e-07, 5.348775e-07, 1.180058, 0.21900183, 0.05421777, 0.012792682, 0.0030083999, 0.0023497352, 0.00023601505, 0.00032192326, 2.1411644e-05, 3.6600577e-05, 4.194393e-06, 4.6603545e-06, 1.1137249e-06, 9.939823e-07, 6.3337643e-07, 5.726935e-07, 0.54287887, 0.15038177, 0.074847035, 0.019032786, 0.0049834186, 0.0010634395, 0.0004424753, 0.00026079538, 5.2629242e-05, 2.5355712e-05, 9.530062e-06, 3.2365865e-06, 1.2701241e-06, 8.2805786e-07, 6.8501794e-07, 5.6873847e-07, 5.451724e-07, 5.4216736e-07, 0.89396995, 0.4945556, 0.4807784, 0.28825852, 0.27949664, 0.22265038, 0.1976106, 0.23342955, 0.48061624, 0.18772183, 0.14011946, 0.09825605, 0.062206924, 0.04571691, 0.03688954, 0.025368256, 0.017342128, 0.011596696, 0.005356028, 0.0025591645, 0.0035288224, 0.0013131496, 0.00053696666, 0.00088382565, 0.00042908304, 5.096899e-05, 1.2580249e-05, 2.7216652e-06, 2.2875515e-06, 3.869892e-06, 0.6008441, 0.10954155, 0.021900631, 0.016344383, 0.01191971, 0.0101339035, 0.008757765, 0.0078764865, 0.0057426332, 0.0051297816, 0.0045450237, 0.003269048, 0.0026215874, 0.0020005703, 0.0016385536, 0.0013442202, 0.0010002771, 0.00065456884, 0.00044632607, 0.00038135232, 0.00023465267, 0.00018752323, 0.00015453376, 9.337022e-05, 3.9826013e-05, 2.1374033e-05, 2.0310883e-05, 9.524975e-06, 6.8540153e-06, 3.7551765e-06, 2.2880472e-06, 1.4219781e-06, 1.0660704e-06, 9.598659e-07, 7.1842226e-07, 6.4629836e-07, 0.08843672, 0.018265279, 0.0039007834, 0.0016639709, 0.001005572, 0.0007265547, 0.0007638701, 0.0004029031, 0.00032484496, 0.00018298539, 0.0001313123, 9.0365436e-05, 0.25973895, 0.14391589, 0.14970692, 0.070098825, 0.37760213, 0.14187028, 0.098713234, 0.060214587, 0.04720265, 0.046664536, 0.026685983, 0.058745407, 0.13578704, 0.025947649, 0.019227957, 0.017591849, 0.115336, 0.08192488, 0.07242716, 0.06907298, 0.08332356, 0.07830177, 0.16652748, 0.106734425, 0.103685856, 0.09404897, 0.1857318, 0.13843074, 0.11696941, 0.10564273, 0.09467613, 0.09201872, 0.13020062, 0.07992005, 0.07273137, 0.112331815, 0.06636985, 0.07023823, 0.16549808, 0.1085667, 0.091202684, 0.067147456, 0.12006883, 0.06799031, 0.0516459, 0.045154832, 0.1320536, 0.07485704, 0.06495831, 0.07172428, 0.13591525, 0.05084827, 0.08834349, 0.100270934, 0.10468563, 0.29734316, 0.06855882, 0.08600905, 0.04839839, 0.05910602, 0.03764698, 0.04378496, 0.15137881, 0.038870204, 0.032287758, 0.03149153, 0.09165342, 0.044817705, 0.020815352, 0.019428555, 0.015040743, 0.032914057, 0.086359516, 0.028177232, 0.01961186, 0.01165571, 0.01856024, 0.008022114, 0.24771813, 0.12266872, 0.09929595, 0.13158876, 0.26051307, 0.087542236, 0.043777242, 0.033096544, 0.020657338, 0.021640494, 0.016080914, 0.017028812, 0.07191286, 0.026639936, 0.013103161, 0.010330938, 0.007314368, 0.008184857, 0.054493215, 0.018642517, 0.017370883, 0.0064229043, 0.03076069, 0.035388313, 0.035934947, 0.025363002, 0.01470355, 0.05166999], 'scaler_samples': (array([[0.36795412, 0.785954  , 0.52178439, 0.194855  , 0.89336196,        0.36220781],       [0.53185894, 0.17161998, 0.25346628, 0.65756416, 0.77636886,        0.30822211],       [0.01402899, 0.1557829 , 0.75383518, 0.6112171 , 0.11134082,        0.62230667]]), array([-2.07892004, -2.03662258, -2.28278221])), 'net': {'saver_path': './M-LOOP_archives/./neural_net_archive_2022-10-23_19-51_vQj5G6vd.ckpt'}}
net_2={'last_hyperfit': 0, 'last_net_reg': 1e-08, 'regularization_history': [1e-08], 'losses_list': [0.9688909, 0.08472561, 0.04617048, 0.023191046, 0.0071865576, 0.0010122597, 0.00025067068, 0.00028315018, 0.00017684208, 5.5118882e-05, 1.3740795e-05, 3.880368e-06, 6.119441e-07, 1.2114665e-06, 7.631728e-07, 5.92246e-07, 5.473502e-07, 5.440488e-07, 5.30007e-07, 5.296949e-07, 5.288316e-07, 5.28418e-07, 5.284204e-07, 5.2836447e-07, 5.2836054e-07, 5.2835895e-07, 5.2835844e-07, 5.2835856e-07, 5.283582e-07, 5.2835827e-07, 3.2649624, 0.19998093, 0.067702375, 0.01062605, 0.0036293746, 0.0021146147, 0.00043814504, 0.00027847887, 5.569967e-05, 2.6847016e-05, 7.5309995e-06, 1.909941e-06, 1.5531998e-06, 6.981127e-07, 6.3368265e-07, 5.8071635e-07, 1.1166253, 0.30338788, 0.06031583, 0.011981298, 0.0054868516, 0.0016901868, 0.0004521953, 9.2791975e-05, 9.307438e-05, 2.6271437e-05, 6.90711e-06, 3.6963547e-06, 1.5066281e-06, 9.812978e-07, 6.16527e-07, 5.6556956e-07, 0.8300503, 0.23465034, 0.11163087, 0.03452753, 0.009780374, 0.0033158457, 0.0006378015, 0.00033396654, 0.00013459602, 4.8000536e-05, 1.0832018e-05, 5.806775e-06, 2.9426146e-06, 1.1027248e-06, 6.543131e-07, 6.355672e-07, 0.5358506, 0.2035577, 0.29184043, 0.64984643, 0.7538445, 0.18680876, 0.09257739, 0.057697143, 0.038211714, 0.02481637, 0.021503648, 0.011211849, 0.0052433587, 0.0016174269, 0.00045780462, 0.00019464719, 5.8777205e-05, 5.52528e-06, 1.6088055e-05, 9.93766e-07, 0.62379336, 0.17326733, 0.054543592, 0.012292038, 0.0029501216, 0.0019106733, 0.0014637181, 0.0012634909, 0.00045032342, 0.00032977728, 0.0002238901, 0.0001312525, 6.672185e-05, 7.434478e-05, 4.1485848e-05, 3.6617756e-05, 1.3128725e-05, 9.715954e-06, 1.1920621e-05, 1.1636655e-05, 3.876544e-06, 2.4451817e-06, 8.2148756e-07, 6.787509e-07, 6.065627e-07, 6.432047e-07, 0.13475922, 0.03427802, 0.011543188, 0.0034746972, 0.0010366826, 0.00027699646, 9.967384e-05, 3.641199e-05, 1.8947127e-05, 8.017771e-06, 6.861507e-06, 3.3883268e-06, 2.4790122e-06, 1.2598887e-06, 9.614569e-07, 7.012427e-07, 1.1015562e-06, 1.1400648e-06, 0.29455498, 0.29502255, 0.11469371, 0.08248912, 0.4786007, 0.21651007, 0.1619574, 0.15063687, 0.2345691, 0.089375116, 0.07408314, 0.07298342, 0.053103458, 0.06167339, 0.11241214, 0.09383959, 0.08216496, 0.075137615, 0.08082329, 0.1003037, 0.35204402, 0.16586569, 0.13619131, 0.12406052, 0.1571422, 0.13219118, 0.12834011, 0.12425487, 0.123906426, 0.11029205, 0.15135342, 0.18390971, 0.22339706, 0.1391644, 0.12543723, 0.13999902, 0.20547152, 0.13452181, 0.12812297, 0.12061649, 0.2619192, 0.16523343, 0.12369837, 0.108951874, 0.091755986, 0.085531086, 0.18996125, 0.092787765, 0.13136102, 0.1063657, 0.09419407, 0.1086671, 0.274506, 0.071071416, 0.065256014, 0.0496393, 0.045447484, 0.041202743, 0.1928563, 0.050021682, 0.037709143, 0.037987817, 0.019840783, 0.08310781, 0.16452615, 0.025612274, 0.028374406, 0.019185077, 0.022741368, 0.08082607, 0.18452638, 0.074953884, 0.06440307, 0.044445295, 0.023543365, 0.020195628, 0.021499775, 0.025583768, 0.12323838, 0.025543047, 0.01577935, 0.04719653, 0.077729896, 0.01632072, 0.008049231, 0.019265855, 0.011701126, 0.027707458, 0.02840168, 0.018819233], 'scaler_samples': (array([[0.36795412, 0.785954  , 0.52178439, 0.194855  , 0.89336196,        0.36220781],       [0.53185894, 0.17161998, 0.25346628, 0.65756416, 0.77636886,        0.30822211],       [0.01402899, 0.1557829 , 0.75383518, 0.6112171 , 0.11134082,        0.62230667]]), array([-2.07892004, -2.03662258, -2.28278221])), 'net': {'saver_path': './M-LOOP_archives/./neural_net_archive_2022-10-23_19-51_R9C5YS4i.ckpt'}}
