mloop_version='3.3.1'
archive_type='neural_net_learner'
num_params=6
min_boundary=array([0., 0., 0., 0., 0., 0.])
max_boundary=array([1., 1., 1., 1., 1., 1.])
start_datetime='2022-10-23_17-03'
param_names=['', '', '', '', '', '']
search_precision=1e-06
parameter_searches=10
bad_uncer_frac=0.1
trust_region=nan
has_trust_region=False
predict_global_minima_at_end=True
generation_num=3
update_hyperparameters=False
predicted_best_parameters=array([0.24670634, 0.10132157, 0.06405614, 0.55340003, 0.839406  ,       0.08027934])
predicted_best_scaled_cost=-4.8196564
predicted_best_cost=-1.6404458055543614
all_params=array([[3.71193631e-01, 2.63045690e-01, 9.40668193e-01, 4.89710294e-02,        9.92083023e-01, 9.04487064e-01],       [9.99808198e-01, 1.96142215e-01, 4.59168729e-01, 4.09101943e-01,        8.92829811e-01, 4.67585625e-01],       [3.73361669e-01, 1.36331214e-01, 1.78194481e-01, 5.99422474e-01,        9.16271912e-01, 3.83853969e-01],       [1.51379645e-02, 0.00000000e+00, 0.00000000e+00, 8.81854327e-01,        9.27368947e-01, 1.60416435e-01],       [1.00000000e+00, 2.06724292e-01, 1.00000000e+00, 2.97428522e-01,        0.00000000e+00, 0.00000000e+00],       [0.00000000e+00, 1.00000000e+00, 0.00000000e+00, 1.00000000e+00,        8.75810506e-01, 0.00000000e+00],       [2.55985606e-01, 7.31925377e-01, 6.93175673e-01, 5.43929465e-01,        8.31810146e-01, 6.60355196e-01],       [1.00000000e+00, 9.20353947e-01, 1.00000000e+00, 1.00000000e+00,        8.98455380e-01, 0.00000000e+00],       [1.53628376e-01, 0.00000000e+00, 0.00000000e+00, 1.00000000e+00,        6.46087249e-02, 1.00000000e+00],       [1.00000000e+00, 0.00000000e+00, 7.50057693e-01, 1.00000000e+00,        3.63213979e-01, 0.00000000e+00],       [1.46494939e-01, 5.27717572e-01, 1.84565500e-01, 8.61755347e-02,        1.33949175e-01, 2.16882248e-01],       [4.56491700e-01, 1.50596634e-01, 9.73431485e-02, 6.09338816e-01,        9.26371440e-01, 3.32945870e-01],       [0.00000000e+00, 4.22552511e-02, 0.00000000e+00, 1.00000000e+00,        7.66512339e-01, 3.03828381e-01],       [2.16416037e-01, 1.38039083e-01, 0.00000000e+00, 1.00000000e+00,        8.43661036e-01, 6.76399469e-01],       [9.51936640e-02, 2.10756245e-01, 3.37867390e-01, 1.53760153e-01,        9.58660194e-01, 7.90018112e-01],       [2.34952156e-01, 1.13515849e-01, 8.49104038e-02, 5.58093437e-01,        8.92600687e-01, 3.27190047e-01],       [3.59942602e-01, 1.21767494e-01, 3.15830870e-01, 6.42392242e-01,        9.24276071e-01, 4.27586142e-01],       [1.18987598e-01, 1.00000000e+00, 0.00000000e+00, 9.21097012e-01,        5.16706235e-01, 1.00000000e+00],       [6.61040477e-02, 9.92299995e-01, 9.17049630e-01, 8.99105432e-01,        2.46593697e-01, 4.01453325e-01],       [0.00000000e+00, 7.34926579e-01, 5.86127339e-01, 6.34155985e-02,        0.00000000e+00, 1.00000000e+00],       [2.46938290e-01, 1.15911217e-01, 5.74686781e-02, 5.34419489e-01,        9.06885975e-01, 3.53094415e-01],       [1.98682209e-01, 1.25066869e-01, 1.17110636e-01, 5.28955390e-01,        9.09701508e-01, 3.78969216e-01],       [7.52332502e-01, 4.57388411e-01, 4.28211931e-01, 4.16388438e-01,        7.26006076e-01, 1.12904103e-01],       [1.48050390e-01, 9.95227872e-02, 9.88388250e-02, 6.02065253e-01,        8.54572967e-01, 1.79822875e-01],       [2.11831246e-01, 1.10937445e-01, 1.88123632e-01, 5.69698218e-01,        8.66589730e-01, 2.82151621e-01],       [0.00000000e+00, 5.57299026e-01, 0.00000000e+00, 1.00000000e+00,        0.00000000e+00, 4.28634406e-01],       [1.19529181e-01, 6.52382995e-01, 7.04447343e-01, 3.14711897e-01,        6.13179315e-01, 4.39746353e-01],       [8.71675465e-02, 5.53739699e-02, 0.00000000e+00, 6.47548745e-01,        8.12278667e-01, 0.00000000e+00],       [0.00000000e+00, 7.78296129e-02, 4.08024554e-02, 6.53146372e-01,        8.24681425e-01, 0.00000000e+00],       [9.02179566e-04, 7.71562136e-02, 0.00000000e+00, 6.49684563e-01,        8.24534561e-01, 0.00000000e+00],       [7.06742411e-01, 6.11356305e-01, 7.23637044e-01, 5.10298471e-01,        5.40692069e-01, 4.70752655e-01],       [1.00316213e-01, 1.06938151e-01, 0.00000000e+00, 7.31480656e-01,        8.46916888e-01, 8.77690946e-02],       [2.22216946e-01, 7.76984913e-02, 0.00000000e+00, 6.60316942e-01,        8.47926257e-01, 1.42396792e-01],       [1.49327675e-01, 7.47587190e-02, 6.52309413e-02, 5.48490886e-01,        8.42945440e-01, 2.25919268e-01],       [3.97281507e-01, 1.88448231e-01, 6.22799577e-01, 6.97683147e-01,        4.49459358e-01, 1.18181824e-01],       [2.34102768e-01, 8.91908403e-02, 9.89700296e-02, 3.99136555e-01,        8.66332126e-01, 2.60647010e-01],       [1.71156730e-01, 1.06970802e-01, 1.25889538e-01, 6.06141079e-01,        8.45662532e-01, 1.47505537e-01],       [2.33969849e-01, 9.19507987e-02, 8.32134611e-02, 5.84854773e-01,        8.39932870e-01, 2.03834730e-01],       [5.99867460e-01, 2.41545431e-01, 7.11100418e-02, 7.63357691e-01,        7.11409083e-01, 6.28248401e-01],       [1.63008771e-01, 8.53526520e-02, 2.69107372e-02, 5.47968998e-01,        8.22146447e-01, 2.07664301e-01],       [2.49381228e-01, 7.01394753e-02, 0.00000000e+00, 6.86683665e-01,        7.99396289e-01, 1.14062711e-01],       [3.94668504e-02, 9.11849803e-02, 1.11495964e-01, 3.91327984e-01,        8.11823300e-01, 2.52882118e-01],       [3.42307954e-01, 5.32604639e-01, 6.24590850e-02, 2.38336714e-01,        9.71007326e-01, 4.22851832e-01],       [0.00000000e+00, 1.70232867e-01, 3.27376745e-01, 5.68151586e-01,        7.52083906e-01, 0.00000000e+00],       [0.00000000e+00, 1.46966199e-01, 6.00335715e-01, 0.00000000e+00,        0.00000000e+00, 0.00000000e+00],       [0.00000000e+00, 9.36605109e-02, 2.12791775e-01, 4.03556960e-01,        8.10836272e-01, 2.13729296e-01],       [6.11304679e-01, 8.43885105e-01, 3.33329650e-01, 3.35986016e-01,        7.52847909e-02, 2.67047750e-01],       [2.66855503e-01, 1.05584788e-01, 1.10340687e-01, 5.65366470e-01,        8.63215425e-01, 1.28236806e-01],       [2.84033676e-01, 1.04838427e-01, 1.34637335e-01, 5.51790050e-01,        8.48841959e-01, 1.48591911e-01],       [2.52773826e-01, 8.00389397e-02, 1.91607282e-01, 5.30273989e-01,        8.39717606e-01, 1.56812680e-01],       [2.80674787e-01, 1.64903668e-01, 4.67062367e-01, 6.85259869e-01,        5.46452051e-01, 6.77582300e-01],       [3.50571378e-01, 1.25802336e-01, 1.70278781e-01, 4.95659499e-01,        8.66517080e-01, 1.92577874e-01],       [2.66981067e-01, 9.83377703e-02, 1.66961326e-01, 5.44642150e-01,        8.46360409e-01, 7.72899911e-02],       [3.06601187e-01, 1.46294004e-01, 1.59122501e-01, 6.10232472e-01,        8.74076478e-01, 1.41753348e-01],       [8.23365751e-01, 4.04445431e-01, 1.09344662e-01, 1.10826618e-01,        8.57515664e-01, 2.13070231e-01],       [2.54881699e-01, 1.11398408e-01, 1.60152989e-01, 6.01510630e-01,        8.27208239e-01, 1.09650633e-01],       [2.87849308e-01, 1.03403300e-01, 1.12421860e-01, 5.63591126e-01,        8.52247124e-01, 1.24889148e-01],       [2.64904392e-01, 1.14719205e-01, 1.04023931e-01, 6.10864259e-01,        8.50710967e-01, 1.03700768e-01],       [4.55071415e-01, 6.21584114e-01, 3.76130116e-01, 5.68319750e-01,        7.52521891e-02, 3.54758493e-01],       [2.07530914e-01, 1.02954023e-01, 1.41101363e-01, 5.69556558e-01,        8.34770847e-01, 1.61834414e-01],       [2.32338619e-01, 8.36314757e-02, 1.23682097e-01, 5.71997272e-01,        8.39307223e-01, 1.96019334e-01],       [2.38823342e-01, 1.10803258e-01, 1.49312653e-01, 5.64054107e-01,        8.48119108e-01, 1.60231766e-01],       [5.57670893e-01, 5.59387599e-01, 7.13375111e-01, 5.89448864e-01,        1.18421144e-01, 7.83124136e-02],       [2.24383220e-01, 1.20059208e-01, 1.38445937e-01, 5.59836733e-01,        8.57252060e-01, 1.63778700e-01],       [1.99508923e-01, 1.25801048e-01, 1.14877933e-01, 4.86060982e-01,        8.56323671e-01, 1.42246640e-01],       [2.08239215e-01, 1.06885730e-01, 1.41538181e-01, 5.42856161e-01,        8.53591210e-01, 1.60236281e-01],       [8.01756953e-01, 4.61284003e-01, 1.44438728e-02, 6.50686573e-01,        5.23294098e-01, 7.71043278e-01],       [3.38928116e-01, 1.21375100e-01, 2.16176320e-01, 5.92786169e-01,        8.47809273e-01, 1.69124761e-01],       [2.67510209e-01, 1.16945989e-01, 1.72463302e-01, 5.88388751e-01,        8.26645026e-01, 1.17219319e-01],       [5.10288208e-01, 5.67611360e-01, 1.00000000e+00, 0.00000000e+00,        0.00000000e+00, 0.00000000e+00],       [5.39129229e-01, 1.53475442e-01, 3.11312010e-01, 6.94049561e-01,        6.31401643e-01, 7.71026024e-01],       [2.03280868e-01, 9.83539074e-02, 1.12465963e-01, 5.77965448e-01,        8.29424408e-01, 1.03607664e-01],       [2.42663738e-01, 9.76882046e-02, 9.79877215e-02, 5.32226824e-01,        8.52992461e-01, 1.85646493e-01],       [2.72801926e-01, 1.04081862e-01, 1.30603179e-01, 5.85605641e-01,        8.43165502e-01, 1.31331081e-01],       [1.79881220e-01, 9.47475055e-01, 3.15589556e-01, 1.66667355e-01,        4.43857930e-01, 2.17801214e-01],       [3.82851066e-02, 0.00000000e+00, 0.00000000e+00, 1.18190824e-01,        6.00417535e-01, 0.00000000e+00],       [2.79552362e-01, 1.14399441e-01, 1.62267227e-01, 5.43795884e-01,        8.46555448e-01, 1.56103446e-01],       [2.81828824e-01, 1.15888231e-01, 1.57340043e-01, 5.65098712e-01,        8.49962822e-01, 1.41612588e-01],       [3.64714182e-01, 7.99750119e-01, 1.70407185e-01, 1.10849536e-01,        4.31423924e-01, 8.47586940e-01],       [2.61371010e-01, 1.11489339e-01, 1.56135311e-01, 5.76321671e-01,        8.51213952e-01, 1.68726086e-01],       [2.49968986e-01, 1.07816232e-01, 1.43840731e-01, 5.77228966e-01,        8.49044514e-01, 1.51929955e-01],       [5.11502354e-01, 6.60695955e-02, 1.16891784e-01, 0.00000000e+00,        7.50862804e-01, 0.00000000e+00],       [2.22513718e-02, 2.94021248e-02, 6.79716324e-01, 9.67630904e-01,        7.46268128e-02, 4.07708328e-01],       [2.52623972e-01, 1.45987917e-01, 1.85838513e-01, 5.84885628e-01,        8.14067714e-01, 0.00000000e+00],       [5.14073627e-01, 1.52790917e-01, 3.23770340e-01, 5.87188362e-01,        8.18664808e-01, 2.86744792e-01],       [3.02327041e-01, 1.01134662e-01, 1.47070646e-01, 5.88136678e-01,        8.04702481e-01, 3.08816700e-02],       [7.04265868e-01, 4.76161632e-01, 4.74677794e-01, 3.53411322e-01,        9.92400166e-01, 1.36084480e-01],       [1.60208324e-01, 1.06476775e-01, 5.76115351e-02, 6.14413009e-01,        8.33458899e-01, 0.00000000e+00],       [2.48689071e-01, 7.90563281e-02, 7.02578106e-02, 5.58171379e-01,        8.18750401e-01, 3.57674103e-02],       [1.98605673e-01, 1.00176309e-01, 1.14574965e-01, 5.81516262e-01,        8.40467402e-01, 1.19621862e-01],       [6.83424485e-01, 8.20270084e-01, 1.62492346e-01, 8.18925941e-01,        4.69344474e-01, 2.83021204e-01],       [1.36843414e-01, 7.87821927e-02, 2.99792893e-03, 5.79033413e-01,        8.12679335e-01, 4.70317831e-03],       [2.36466346e-01, 5.77921239e-02, 1.03310457e-02, 5.79132777e-01,        8.10431463e-01, 5.66885224e-03],       [2.13387334e-01, 4.96605397e-02, 2.20476619e-02, 5.30788987e-01,        7.92427828e-01, 2.85116156e-02],       [4.29230418e-02, 9.79319315e-01, 9.45816623e-01, 3.90158918e-01,        5.46741006e-01, 6.57735833e-01],       [2.73817842e-01, 9.25618775e-02, 1.19480182e-01, 5.50965575e-01,        8.25821537e-01, 8.80601770e-02],       [2.05314764e-01, 1.00434971e-01, 9.75680671e-02, 6.24472892e-01,        8.08244848e-01, 0.00000000e+00],       [2.87104305e-01, 1.04010483e-01, 1.41416465e-01, 5.50267398e-01,        8.47825159e-01, 1.43480666e-01],       [2.13222243e-01, 1.16595290e-01, 1.64625186e-01, 4.44304181e-01,        4.81987910e-01, 3.40921366e-01],       [2.16835580e-01, 8.77276059e-02, 8.46907959e-02, 6.36248414e-01,        8.30076262e-01, 0.00000000e+00],       [2.59597392e-01, 1.00258138e-01, 1.22191892e-01, 5.72702262e-01,        8.37118702e-01, 8.84285325e-02],       [3.77382920e-01, 9.63756711e-02, 1.03360136e-01, 5.60425628e-01,        8.26520779e-01, 0.00000000e+00],       [8.40258862e-01, 7.28940813e-01, 9.97265230e-01, 1.58547264e-02,        6.45930617e-03, 4.34759362e-01],       [3.15571831e-01, 9.84894852e-02, 1.55578407e-01, 5.45635558e-01,        8.43920690e-01, 1.46894245e-01],       [1.00000000e+00, 0.00000000e+00, 6.05717557e-01, 0.00000000e+00,        1.00000000e+00, 0.00000000e+00],       [2.91647891e-01, 7.42507175e-02, 9.39352243e-02, 5.73156897e-01,        8.08160072e-01, 1.71826544e-03],       [7.68916008e-01, 2.43171077e-02, 9.57008881e-01, 1.37935949e-01,        8.13230181e-01, 1.96232113e-03],       [2.24454694e-01, 1.21818895e-01, 8.47175338e-02, 5.73563191e-01,        8.64167442e-01, 1.26048507e-01],       [2.78499579e-01, 1.02190609e-01, 1.19907935e-01, 5.51104942e-01,        8.47075578e-01, 1.45128219e-01],       [2.63529896e-01, 9.75238641e-02, 1.21003682e-01, 5.50071736e-01,        8.45746376e-01, 1.34730725e-01],       [2.57369587e-01, 1.62783060e-01, 7.91906077e-01, 8.38632617e-01,        5.01730983e-01, 9.13332404e-01],       [2.84889922e-01, 1.18646935e-01, 1.41914797e-01, 5.49729583e-01,        8.67406407e-01, 1.82430177e-01],       [2.95217276e-01, 1.07273478e-01, 1.60820239e-01, 5.42460947e-01,        8.51335494e-01, 1.33203442e-01],       [2.81658165e-01, 9.98047442e-02, 1.30243574e-01, 5.54623532e-01,        8.47472869e-01, 1.33146555e-01],       [2.11407049e-01, 7.27911521e-01, 1.63119734e-01, 6.19848964e-03,        4.04525638e-01, 6.17875188e-01],       [2.22712303e-01, 7.87901966e-02, 0.00000000e+00, 5.57239540e-01,        8.27328064e-01, 1.89915243e-03],       [2.67991406e-01, 1.02416501e-01, 1.33435572e-01, 5.54461034e-01,        8.45350144e-01, 1.55211569e-01],       [2.58336118e-01, 1.00793665e-01, 1.26050401e-01, 5.55185639e-01,        8.45790847e-01, 1.47217394e-01],       [6.85877041e-01, 1.79402022e-01, 3.98506264e-01, 8.28267941e-01,        7.63010688e-01, 6.41025525e-01],       [2.40919641e-01, 9.96215997e-02, 7.78752637e-02, 5.54821628e-01,        8.37183471e-01, 7.46348170e-02]])
all_costs=array([-1.36468984, -1.37405628, -1.47314202, -1.38738739, -1.30764206,       -1.33734135, -1.37029432, -1.37783895, -1.40491228, -1.35178933,       -1.43925234, -1.37973811, -1.37783895, -1.37973811, -1.4289793 ,       -1.4796748 , -1.42491103, -1.33734135, -1.36842105, -1.43307087,       -1.42491103, -1.4289793 , -1.40294324, -1.50866616, -1.38931298,       -1.35913103, -1.44967415, -1.49514563, -1.36842105, -1.46024799,       -1.39124392, -1.47097722, -1.49514563, -1.51322751, -1.44340303,       -1.41085271, -1.5317521 , -1.51551855, -1.47531319, -1.40491228,       -1.4168436 , -1.49291573, -1.43307087, -1.36468984, -1.40491228,       -1.37217272, -1.42288557, -1.53409962, -1.5801105 , -1.41885188,       -1.37973811, -1.44967415, -1.44548736, -1.51551855, -1.42694227,       -1.53645434, -1.46881878, -1.48847584, -1.41085271, -1.49291573,       -1.4623813 , -1.56528538, -1.49291573, -1.48186528, -1.43718593,       -1.42694227, -1.37405628, -1.49069248, -1.52475248, -1.37594502,       -1.35361731, -1.5388163 , -1.39124392, -1.52941176, -1.38355218,       -1.47531319, -1.47531319, -1.54118553, -1.43925234, -1.37217272,       -1.52012149, -1.42288557, -1.38355218, -1.48847584, -1.34092431,       -1.48847584, -1.40097971, -1.46881878, -1.56284153, -1.51551855,       -1.34452653, -1.47314202, -1.45388526, -1.34814815, -1.32846715,       -1.49962547, -1.50639579, -1.60803213, -1.3463349 , -1.45177665,       -1.51551855, -1.48186528, -1.31970995, -1.43718593, -1.40491228,       -1.49291573, -1.45388526, -1.50639579, -1.49069248, -1.57762017,       -1.37973811, -1.4168436 , -1.42288557, -1.52012149, -1.37783895,       -1.46666667, -1.48406227, -1.52941176, -1.4581209 , -1.61581921])
all_uncers=array([1.e-08, 1.e-08, 1.e-08, 1.e-08, 1.e-08, 1.e-08, 1.e-08, 1.e-08,       1.e-08, 1.e-08, 1.e-08, 1.e-08, 1.e-08, 1.e-08, 1.e-08, 1.e-08,       1.e-08, 1.e-08, 1.e-08, 1.e-08, 1.e-08, 1.e-08, 1.e-08, 1.e-08,       1.e-08, 1.e-08, 1.e-08, 1.e-08, 1.e-08, 1.e-08, 1.e-08, 1.e-08,       1.e-08, 1.e-08, 1.e-08, 1.e-08, 1.e-08, 1.e-08, 1.e-08, 1.e-08,       1.e-08, 1.e-08, 1.e-08, 1.e-08, 1.e-08, 1.e-08, 1.e-08, 1.e-08,       1.e-08, 1.e-08, 1.e-08, 1.e-08, 1.e-08, 1.e-08, 1.e-08, 1.e-08,       1.e-08, 1.e-08, 1.e-08, 1.e-08, 1.e-08, 1.e-08, 1.e-08, 1.e-08,       1.e-08, 1.e-08, 1.e-08, 1.e-08, 1.e-08, 1.e-08, 1.e-08, 1.e-08,       1.e-08, 1.e-08, 1.e-08, 1.e-08, 1.e-08, 1.e-08, 1.e-08, 1.e-08,       1.e-08, 1.e-08, 1.e-08, 1.e-08, 1.e-08, 1.e-08, 1.e-08, 1.e-08,       1.e-08, 1.e-08, 1.e-08, 1.e-08, 1.e-08, 1.e-08, 1.e-08, 1.e-08,       1.e-08, 1.e-08, 1.e-08, 1.e-08, 1.e-08, 1.e-08, 1.e-08, 1.e-08,       1.e-08, 1.e-08, 1.e-08, 1.e-08, 1.e-08, 1.e-08, 1.e-08, 1.e-08,       1.e-08, 1.e-08, 1.e-08, 1.e-08, 1.e-08, 1.e-08, 1.e-08, 1.e-08])
bad_run_indexs=[]
best_cost=-1.615819209039548
best_params=array([0.24091964, 0.0996216 , 0.07787526, 0.55482163, 0.83718347,       0.07463482])
best_index=119
worst_cost=-1.3076420640104507
worst_index=4
cost_range=0.3081771450290973
costs_count=120
params_count=90
cost_scaler_init_index=3
net_0={'last_hyperfit': 0, 'last_net_reg': 1e-08, 'regularization_history': [1e-08], 'losses_list': [1.4198607, 0.35747054, 0.06862608, 0.030236661, 0.0075437864, 0.0022124287, 0.0017138313, 0.00042317074, 0.00019134763, 3.9407783e-05, 1.3414064e-05, 6.8353097e-06, 3.7831614e-06, 1.5247854e-06, 1.1816376e-06, 6.835862e-07, 5.935648e-07, 5.7119564e-07, 5.567235e-07, 5.498688e-07, 5.488295e-07, 5.485256e-07, 5.4836835e-07, 5.482587e-07, 5.482518e-07, 5.4823914e-07, 5.482387e-07, 5.482387e-07, 5.4823846e-07, 5.482386e-07, 2.9814901, 0.5030762, 0.07824345, 0.04561178, 0.805436, 0.091674216, 0.011477037, 0.0098890485, 0.0012958107, 0.0007797791, 0.00030672803, 5.8466154e-05, 3.8053942e-05, 4.778229e-06, 3.7223383e-06, 2.5136465e-06, 8.5058497e-07, 6.7685687e-07, 0.43653202, 0.14086391, 0.11574581, 0.080272436, 0.046662312, 0.018737374, 0.002371197, 0.00039204163, 0.0007654009, 0.00010023971, 1.7393577e-05, 3.3441847e-05, 5.827227e-06, 1.0741265e-06, 1.8802876e-06, 8.084953e-07, 5.7073754e-07, 6.107e-07, 0.06359276, 0.07147043, 0.045874372, 1.213935, 0.2810072, 0.074302055, 0.033809017, 0.020085944, 0.019684115, 0.009570208, 0.005467269, 0.003241471, 0.002215866, 0.001284744, 0.0007567494, 0.00035904028, 0.0001569656, 7.8363584e-05, 3.7939113e-05, 1.9920672e-05, 1.0209529e-05, 1.2481301e-05, 3.4956972e-06, 8.259411e-07, 6.530495e-07, 5.725374e-07, 0.3538588, 0.12954146, 0.09993954, 0.058864355, 0.02908824, 0.0026483058, 0.0007010733, 0.00011127484, 4.159651e-05, 1.4337771e-05, 4.018355e-06, 1.1529344e-06, 7.7214594e-07, 6.1196033e-07, 0.684913, 0.12657973, 0.07944356, 0.0364428, 0.018729677, 0.049665876, 0.098272875, 0.045394856, 0.48826972, 0.15017495, 0.053540472, 0.046729114, 0.7366792, 0.3055925, 0.17015266, 0.08894383, 0.053567015, 0.03443355, 0.026648548, 0.019506902, 0.015693543, 0.014453182, 0.021818083, 0.010321243, 0.01181097, 0.0063279583, 0.40655646, 0.028103812, 0.0067658434, 0.002840489, 0.0023189646, 0.000986005, 0.00086992234, 0.0007096432, 0.020129161, 0.05422262, 0.2819844, 0.06260016, 0.033763822, 0.029207295, 0.015594199, 0.011467448, 0.010693732, 0.008335297, 0.0066341674, 0.0073747374, 0.00862618, 0.0029177784, 0.0023021419, 0.0031333235, 0.10156242, 0.045426253, 0.039604265, 0.037281074, 0.10846426, 0.06735132, 0.05457438, 0.035084248, 0.019089304, 0.028320944, 0.4769683, 0.21998852, 0.11421691, 0.4594912, 0.14732237, 0.09938293, 0.071423024, 0.061025333, 0.059358828, 0.043233644, 0.15468392, 0.035606913, 0.029805548, 0.032454893, 0.025723929, 0.02001005, 0.12339427, 0.047556, 0.055438213, 0.039890084, 0.021556726, 0.023514317, 0.01716237, 0.014479211, 0.07674051, 0.033045128, 0.018932879, 0.020057926, 0.23805192, 0.23518775, 0.18331079, 0.31148836, 0.3378727, 0.19458826, 0.17175378, 0.16589248, 0.19003454, 0.14853168, 0.2095513, 0.1438, 0.11043797, 0.10432614, 0.15257019, 0.17845093, 0.29662418, 0.13893929, 0.10214418, 0.08599193, 0.15513158, 0.118691415, 0.12921487, 0.10128072, 0.13448164, 0.09074807, 0.3436434, 0.42915034, 0.22119112, 0.11368723, 0.118051484, 0.24155918, 0.2583484, 0.14941968, 0.10473145, 0.06601486, 0.071236804, 0.06524553, 0.038197797, 0.041953683], 'scaler_samples': (array([[0.37119363, 0.26304569, 0.94066819, 0.04897103, 0.99208302,        0.90448706],       [0.9998082 , 0.19614221, 0.45916873, 0.40910194, 0.89282981,        0.46758562],       [0.37336167, 0.13633121, 0.17819448, 0.59942247, 0.91627191,        0.38385397]]), array([-1.36468984, -1.37405628, -1.47314202])), 'net': {'saver_path': './M-LOOP_archives/./neural_net_archive_2022-10-23_17-03_agthCTux.ckpt'}}
net_1={'last_hyperfit': 0, 'last_net_reg': 1e-08, 'regularization_history': [1e-08], 'losses_list': [1.2287676, 0.013955095, 0.015455034, 0.012693505, 0.006043849, 0.0018015702, 0.00048041198, 0.00016015834, 6.787234e-05, 2.1576501e-05, 4.0374284e-06, 2.323589e-06, 2.2263312e-06, 1.1548332e-06, 7.5726246e-07, 6.408676e-07, 5.4718265e-07, 5.3788114e-07, 5.352639e-07, 5.3525054e-07, 5.3439436e-07, 5.340002e-07, 5.3393336e-07, 5.339354e-07, 5.339372e-07, 5.3391926e-07, 5.339177e-07, 5.339157e-07, 5.3391614e-07, 5.3391597e-07, 4.986858, 0.22671765, 0.06514102, 0.026039604, 0.0069277687, 0.0015099115, 0.0001896479, 0.00017833048, 9.756332e-05, 4.9045357e-05, 1.0329573e-05, 2.2020868e-06, 1.7120428e-06, 1.3264448e-06, 0.18226592, 0.012614794, 0.0041614044, 0.0013415182, 0.00074557407, 0.000276401, 3.4455137e-05, 4.18498e-05, 1.1889176e-05, 3.1686677e-06, 1.7987576e-06, 1.1412537e-06, 7.2753846e-07, 6.001434e-07, 0.7187668, 0.1570863, 0.052989345, 0.010617922, 0.0027089496, 0.0014326324, 0.00042471662, 4.9317994e-05, 6.667531e-05, 2.4940702e-05, 2.3163395e-06, 2.6977216e-06, 1.5160533e-06, 6.8886675e-07, 6.252296e-07, 5.72098e-07, 0.32583943, 0.25703722, 0.18143445, 0.044430073, 0.04807975, 0.110815026, 0.3373697, 0.05888708, 0.02913662, 0.017802536, 0.020538086, 0.011976465, 0.010681099, 0.006000264, 0.0068553216, 0.0036145698, 0.0031365298, 0.002615043, 0.0026531108, 0.0021203684, 0.0015047997, 0.0011401017, 0.36160558, 0.13921247, 0.08893651, 0.050420508, 0.018225892, 0.005236111, 0.001791488, 0.0009986034, 0.00069493224, 0.0005128946, 0.00031010367, 0.00023492341, 0.00015137586, 0.00011153945, 7.167423e-05, 6.5515465e-05, 3.4837143e-05, 2.700164e-05, 1.6908081e-05, 1.1687346e-05, 8.644659e-06, 5.463099e-06, 3.8730227e-06, 2.8015793e-06, 2.023768e-06, 1.5457999e-06, 1.2117532e-06, 9.655384e-07, 8.2924697e-07, 7.311415e-07, 0.40250587, 0.124990284, 0.082575634, 0.109389886, 0.06258154, 0.06109824, 0.06411888, 0.060412988, 0.12105059, 0.14335467, 0.043403458, 0.03655289, 0.50711066, 0.13077153, 0.08111815, 0.06061582, 0.5413734, 0.17490867, 0.120579205, 0.09437154, 0.07545337, 0.05306375, 0.054090306, 0.040922046, 0.033475652, 0.0382237, 0.18762529, 0.040298507, 0.019613115, 0.040794697, 0.084395304, 0.25573885, 0.5373219, 0.07839321, 0.046468016, 0.028277293, 0.14156571, 0.09974682, 0.063106015, 0.054399364, 0.11848924, 0.08556127, 0.07678618, 0.068212785, 0.054592606, 0.051562913, 0.25499323, 0.13675453, 0.09074941, 0.12980951, 0.16869135, 0.07457385, 0.070357844, 0.040714122, 0.0541427, 0.029024167, 0.23576005, 0.14309135, 0.09143549, 0.08175531, 0.055404957, 0.046821058, 0.019417608, 0.009441178, 0.00803689, 0.004923996, 0.0038304145, 0.005011348, 0.08773519, 0.074192524, 0.053647395, 0.032836188, 0.02348981, 0.020406498, 0.017259259, 0.01856061, 0.20246635, 0.6152324, 0.45979008, 0.1981277, 0.16690381, 0.16674343, 0.15680268, 0.14140049, 0.1204549, 0.102233574, 0.2878133, 0.11931655, 0.11778513, 0.08445595, 0.14146958, 0.20635948, 0.15105432, 0.078735985, 0.08234687, 0.10977977, 0.30527264, 0.06321775, 0.048936047, 0.12080168, 0.09507567, 0.06972919, 0.06486641, 0.045528173, 0.051076327, 0.037289906, 0.03353166, 0.04685128, 0.023525957, 0.055289246, 0.1866561, 0.25263768, 0.22579832, 0.1392851, 0.12866996, 0.10530795, 0.098241, 0.0999234], 'scaler_samples': (array([[0.37119363, 0.26304569, 0.94066819, 0.04897103, 0.99208302,        0.90448706],       [0.9998082 , 0.19614221, 0.45916873, 0.40910194, 0.89282981,        0.46758562],       [0.37336167, 0.13633121, 0.17819448, 0.59942247, 0.91627191,        0.38385397]]), array([-1.36468984, -1.37405628, -1.47314202])), 'net': {'saver_path': './M-LOOP_archives/./neural_net_archive_2022-10-23_17-03_JWM71A2B.ckpt'}}
net_2={'last_hyperfit': 0, 'last_net_reg': 1e-08, 'regularization_history': [1e-08], 'losses_list': [2.0137901, 0.14100063, 0.04075573, 0.019226847, 0.0023201997, 0.0019281418, 0.000538827, 0.00025146955, 0.0002182648, 5.3046057e-05, 2.8004965e-06, 2.9113119e-06, 2.1177393e-06, 7.8907885e-07, 7.955771e-07, 5.8855784e-07, 5.533561e-07, 5.399926e-07, 5.367133e-07, 5.362364e-07, 5.358073e-07, 5.3527987e-07, 5.3517215e-07, 5.3511747e-07, 5.351016e-07, 5.350973e-07, 5.3509535e-07, 5.350948e-07, 5.3509484e-07, 5.350947e-07, 9.820972, 0.2163072, 0.16445974, 0.077283606, 0.0106838215, 0.00742672, 0.00082124025, 0.0005994695, 0.00012625806, 6.575281e-05, 2.327893e-05, 6.6649804e-06, 4.1897047e-06, 9.082007e-07, 9.6644e-07, 6.230154e-07, 5.7678625e-07, 5.6370055e-07, 1.4561493, 0.0803903, 0.02960435, 0.005715268, 0.001488899, 0.00090632285, 0.00023883433, 9.6604424e-05, 4.3401033e-05, 6.3917605e-06, 3.7323834e-06, 2.2019158e-06, 1.0503057e-06, 5.9826806e-07, 6.113911e-07, 5.545062e-07, 1.0738709, 0.264975, 0.16980155, 0.11840833, 0.08484933, 0.059491437, 0.029790625, 0.0076015107, 0.00018733286, 0.0006370716, 0.45049712, 0.45345816, 0.24644288, 0.73874885, 0.07354076, 0.15615201, 0.36011824, 0.07580191, 0.06223036, 0.05112678, 0.04670117, 0.041604422, 0.3318261, 0.15716101, 0.12847862, 0.11099937, 0.090459175, 0.056099292, 0.029973337, 0.008635673, 0.002291228, 0.00027312472, 7.203424e-05, 1.7095592e-05, 2.8610687e-06, 1.3151246e-06, 6.5449456e-07, 5.612265e-07, 0.47897768, 0.1922179, 0.11302683, 0.0772875, 0.08643484, 0.053298563, 0.033702713, 0.029011894, 0.05024515, 0.29426822, 0.24761152, 0.079620495, 0.07717015, 0.04760449, 0.036761288, 0.057237484, 0.042917438, 0.019183742, 0.014820275, 0.016578868, 0.2167106, 0.07505638, 0.044901963, 0.021954963, 0.0386179, 0.013114543, 0.0092663625, 0.008279542, 0.0035128654, 0.0042236475, 0.0017420765, 0.0010570834, 0.0012151656, 0.0006515252, 0.0024278015, 0.0036733618, 0.32013264, 0.025263598, 0.008621351, 0.0049681496, 0.0028026502, 0.0025420638, 0.0006077143, 0.00056108605, 0.00022116533, 0.00017084758, 7.7525365e-05, 3.898982e-05, 2.4564415e-05, 1.6584332e-05, 1.0285958e-05, 3.1879143e-05, 0.17839102, 0.43773693, 0.44282594, 0.17561938, 0.09269243, 0.06970052, 0.044113014, 0.0330125, 0.024298998, 0.012240323, 0.036546156, 0.035903104, 0.11430711, 0.0611161, 0.049800873, 0.055903576, 0.050829053, 0.03408619, 0.071210906, 0.05419232, 0.056696203, 0.050191816, 0.2119747, 0.2381364, 0.28726104, 0.12584233, 0.10368332, 0.09679785, 0.0899303, 0.08432192, 0.1669919, 0.09989994, 0.0848729, 0.09357074, 0.0591538, 0.05745451, 0.12093587, 0.08899583, 0.05358432, 0.04689888, 0.079218656, 0.054687094, 0.040148467, 0.030388152, 0.17173742, 0.51452273, 0.39554286, 0.20489931, 0.19069272, 0.13590053, 0.14705826, 0.14921725, 0.09256759, 0.15448833, 0.14005573, 0.15848768, 0.091120474, 0.093148716, 0.09773694, 0.06557561, 0.0486169, 0.038092628, 0.26287106, 0.073809884, 0.042607743, 0.0473084, 0.06769249, 0.5813366, 0.36124182, 0.23857068, 0.1797877, 0.13821621, 0.112666406, 0.08282501, 0.2668774, 0.12942958, 0.07476383, 0.06406713, 0.08011605, 0.07122307, 0.092204064, 0.04221159, 0.03231603, 0.038285337, 0.13316217, 0.09976157, 0.1173732, 0.077302314], 'scaler_samples': (array([[0.37119363, 0.26304569, 0.94066819, 0.04897103, 0.99208302,        0.90448706],       [0.9998082 , 0.19614221, 0.45916873, 0.40910194, 0.89282981,        0.46758562],       [0.37336167, 0.13633121, 0.17819448, 0.59942247, 0.91627191,        0.38385397]]), array([-1.36468984, -1.37405628, -1.47314202])), 'net': {'saver_path': './M-LOOP_archives/./neural_net_archive_2022-10-23_17-03_EiXz453U.ckpt'}}
