mloop_version='3.3.1'
archive_type='neural_net_learner'
num_params=6
min_boundary=array([0., 0., 0., 0., 0., 0.])
max_boundary=array([1., 1., 1., 1., 1., 1.])
start_datetime='2022-10-23_15-11'
param_names=['', '', '', '', '', '']
search_precision=1e-06
parameter_searches=10
bad_uncer_frac=0.1
trust_region=nan
has_trust_region=False
predict_global_minima_at_end=True
generation_num=3
update_hyperparameters=False
predicted_best_parameters=array([0.54394929, 0.14712375, 1.        , 0.1743706 , 0.11387657,       0.06508851])
predicted_best_scaled_cost=-2.4670012
predicted_best_cost=-1.1771737124283637
all_params=array([[9.83687137e-01, 2.93197062e-02, 2.13873362e-01, 2.13538964e-01,        7.95839059e-01, 4.98937037e-01],       [2.08579503e-01, 1.51397074e-01, 3.02645690e-01, 1.43819263e-01,        4.40455943e-01, 1.56385450e-01],       [9.60252236e-01, 7.58398545e-01, 6.09125826e-01, 8.06071806e-01,        4.97004134e-01, 9.92798248e-01],       [6.13837172e-01, 1.97220792e-01, 0.00000000e+00, 7.25581389e-01,        4.82839840e-01, 0.00000000e+00],       [0.00000000e+00, 6.98966082e-01, 1.00000000e+00, 0.00000000e+00,        1.00000000e+00, 1.00000000e+00],       [0.00000000e+00, 0.00000000e+00, 1.74045903e-01, 0.00000000e+00,        2.75571578e-01, 0.00000000e+00],       [6.95875732e-01, 8.12890485e-01, 1.38892409e-01, 9.85568000e-01,        3.33029025e-01, 4.37809199e-01],       [2.00272426e-01, 2.31128385e-01, 3.24710168e-01, 7.36697499e-02,        5.36921080e-01, 0.00000000e+00],       [0.00000000e+00, 1.00000000e+00, 4.47061180e-01, 3.89104265e-01,        1.16846627e-01, 4.39424180e-01],       [1.88611870e-01, 2.00542565e-01, 3.88609041e-01, 0.00000000e+00,        4.83152529e-01, 2.70194121e-01],       [5.06868577e-01, 1.86499352e-01, 9.06744865e-01, 1.99703296e-01,        1.33246541e-01, 3.01482055e-01],       [1.00000000e+00, 7.50433626e-01, 7.26731884e-01, 0.00000000e+00,        0.00000000e+00, 1.00000000e+00],       [0.00000000e+00, 8.66546274e-01, 2.68093236e-01, 1.19781670e-01,        2.39126220e-01, 0.00000000e+00],       [1.78717435e-01, 2.63522491e-02, 1.94251767e-01, 2.39392862e-01,        5.45117358e-01, 0.00000000e+00],       [5.82204240e-01, 9.34575644e-01, 3.62038547e-01, 3.51695584e-01,        7.84299924e-01, 6.95722221e-01],       [1.67273512e-01, 2.03513930e-01, 1.00000000e+00, 3.26766949e-01,        0.00000000e+00, 0.00000000e+00],       [7.25184240e-01, 1.13686052e-01, 1.00000000e+00, 0.00000000e+00,        2.04214916e-01, 7.24456647e-01],       [5.09250072e-01, 3.21133861e-01, 1.00000000e+00, 3.68324178e-01,        1.12718970e-01, 2.16707743e-01],       [4.77427310e-01, 5.18308583e-01, 2.67782445e-01, 7.56036263e-01,        7.78442109e-01, 1.60993858e-01],       [2.99853585e-01, 2.32901315e-01, 3.46515573e-01, 1.82111599e-01,        4.81934051e-01, 0.00000000e+00],       [5.67687114e-01, 2.51301696e-02, 1.00000000e+00, 0.00000000e+00,        2.00376539e-02, 2.35532259e-01],       [7.39769060e-01, 2.31414390e-01, 1.00000000e+00, 3.46939241e-03,        0.00000000e+00, 4.14264740e-02],       [1.73617657e-02, 6.95071715e-01, 4.29043300e-02, 5.77431657e-01,        3.41972018e-01, 8.44342563e-01],       [8.95249248e-02, 1.79859482e-01, 3.10562255e-01, 3.79831578e-02,        5.16952292e-01, 0.00000000e+00],       [1.60595641e-02, 1.00000000e+00, 1.00000000e+00, 2.78239708e-01,        2.38347728e-01, 7.22530317e-01],       [1.32789140e-02, 3.29506409e-01, 2.92826703e-01, 0.00000000e+00,        5.76096052e-01, 7.29100621e-02],       [3.32820011e-01, 9.98133641e-01, 9.49450335e-01, 7.64578091e-01,        6.68160995e-01, 1.78350744e-01],       [4.86085732e-01, 1.91237211e-01, 8.64033196e-01, 2.37382138e-01,        1.81198305e-01, 3.80987115e-01],       [2.32545184e-01, 3.44668395e-01, 3.32296231e-01, 1.73417008e-01,        6.04810043e-01, 0.00000000e+00],       [3.29688572e-01, 2.30977585e-01, 3.06468504e-01, 6.55466487e-02,        5.62871353e-01, 2.59884479e-02],       [7.30808605e-01, 4.56670868e-01, 7.53055275e-01, 8.68606689e-01,        1.20365069e-01, 9.94246852e-01],       [5.52665680e-01, 2.77287009e-01, 1.00000000e+00, 2.01301600e-01,        5.00481215e-02, 2.03237533e-01],       [7.88340813e-01, 2.36703481e-01, 1.00000000e+00, 2.97201579e-01,        9.64280145e-03, 8.76697162e-02],       [6.36186166e-01, 2.27620780e-01, 1.00000000e+00, 1.91672633e-01,        1.26196971e-01, 1.77965256e-01],       [6.99361317e-01, 2.06325376e-01, 3.63323759e-01, 7.36888307e-01,        8.93816313e-01, 7.85122703e-01],       [5.63520913e-01, 1.60143258e-01, 1.00000000e+00, 1.78191072e-01,        1.25404816e-01, 1.60765505e-01],       [7.43714233e-01, 1.00000000e+00, 6.69792616e-01, 1.00000000e+00,        0.00000000e+00, 3.90114553e-01],       [6.00085051e-01, 1.44666447e-01, 1.00000000e+00, 1.63907442e-01,        2.21239177e-01, 1.62544615e-01],       [2.74378239e-01, 6.22748497e-01, 8.64254045e-01, 7.79153321e-01,        6.84184878e-01, 1.90337977e-01],       [2.28763080e-01, 1.12427595e-01, 3.70390451e-01, 1.67080351e-01,        5.18356550e-01, 0.00000000e+00],       [4.36499275e-01, 3.80823342e-02, 1.00000000e+00, 1.00912816e-01,        9.04734750e-02, 3.82397792e-02],       [5.87188420e-01, 8.02199476e-02, 1.00000000e+00, 1.93650832e-01,        1.18475276e-01, 9.71440934e-02],       [7.16054736e-01, 8.42001194e-01, 6.45427965e-02, 2.88186808e-01,        9.21450264e-01, 7.27937784e-01],       [5.58050560e-01, 1.45405122e-01, 1.00000000e+00, 2.19288370e-01,        1.35599150e-01, 7.88451933e-02],       [5.39794210e-01, 1.56622506e-01, 1.00000000e+00, 1.74096900e-01,        1.18108222e-01, 1.39954591e-01],       [5.36072503e-01, 1.59968148e-01, 1.00000000e+00, 1.60520014e-01,        1.23651771e-01, 1.24058714e-01],       [7.10664037e-01, 7.44025837e-01, 3.14984071e-02, 6.37925219e-01,        6.63776697e-01, 1.25363599e-01],       [4.76193054e-01, 2.02499986e-01, 1.00000000e+00, 9.69982923e-02,        1.20307724e-01, 9.61655401e-02],       [5.32667709e-01, 1.51942927e-01, 1.00000000e+00, 1.31860513e-01,        1.26303493e-01, 1.04688642e-01],       [5.71139659e-01, 1.49272363e-01, 1.00000000e+00, 1.32113426e-01,        1.23507164e-01, 1.59602933e-01],       [6.06277875e-01, 3.99414214e-01, 5.92931457e-02, 4.91970230e-01,        7.86294026e-01, 1.14154190e-01],       [5.14494674e-01, 1.72565933e-01, 1.00000000e+00, 8.63182159e-04,        1.51769978e-01, 1.66537620e-01],       [4.93005366e-01, 2.15874702e-01, 1.00000000e+00, 1.15175043e-01,        1.20645148e-01, 0.00000000e+00],       [4.57375709e-01, 1.45128289e-01, 1.00000000e+00, 1.13915779e-01,        1.16971068e-01, 0.00000000e+00],       [9.40008067e-01, 2.32035412e-01, 9.46813861e-01, 7.32515766e-01,        7.81160999e-01, 7.21327073e-01],       [4.45771095e-01, 2.50124307e-01, 1.00000000e+00, 8.57625231e-02,        1.24946727e-01, 6.84521908e-02],       [5.18632749e-01, 2.67469219e-01, 1.00000000e+00, 1.13148354e-01,        1.48209112e-01, 4.63889312e-02],       [4.54371291e-01, 2.48401632e-01, 1.00000000e+00, 6.22900882e-02,        1.35484317e-01, 4.53706037e-02],       [2.81530224e-01, 6.82840090e-01, 2.91707789e-01, 3.24318492e-01,        8.65553851e-01, 6.80136830e-02],       [5.31947367e-01, 1.88799536e-01, 1.00000000e+00, 1.60074115e-01,        1.06155756e-01, 6.44144939e-02],       [5.76587496e-01, 1.54924146e-02, 1.00000000e+00, 1.35438782e-01,        7.57854121e-02, 3.67692983e-02],       [5.21414743e-01, 1.53838137e-01, 1.00000000e+00, 1.63907206e-01,        9.81043145e-02, 6.16856215e-02],       [6.08927984e-01, 8.04141439e-01, 4.33239994e-01, 3.11094924e-01,        8.38728508e-01, 2.68058713e-01],       [5.02090630e-01, 1.76859410e-01, 1.00000000e+00, 1.34214270e-01,        1.00353373e-01, 5.49286460e-02],       [5.30744160e-01, 2.33964514e-01, 1.00000000e+00, 1.89366629e-01,        1.30303210e-01, 1.63011309e-01],       [5.26111166e-01, 1.66038122e-01, 1.00000000e+00, 1.20606633e-01,        1.18063092e-01, 4.75091930e-03],       [8.88254321e-01, 4.21140806e-01, 1.61495872e-01, 6.78724961e-01,        4.06911921e-01, 9.27061547e-01],       [4.95271721e-01, 1.38094293e-01, 1.00000000e+00, 1.54845300e-01,        7.99240230e-02, 1.55662715e-01],       [5.07197396e-01, 1.96246223e-01, 1.00000000e+00, 1.74361515e-01,        1.11028022e-01, 1.58970076e-01],       [5.28245177e-01, 1.71594265e-01, 1.00000000e+00, 1.67583450e-01,        1.20336850e-01, 1.45572137e-01],       [9.26288543e-01, 9.94934693e-01, 2.95497199e-01, 4.74642542e-01,        1.47380823e-01, 4.38019264e-01],       [5.57411016e-01, 1.64392783e-01, 1.00000000e+00, 1.74773874e-01,        1.22405232e-01, 9.90575106e-02],       [5.33205276e-01, 1.55258577e-01, 1.00000000e+00, 1.67467300e-01,        1.21506895e-01, 1.31288538e-01],       [5.12875590e-01, 1.64441185e-01, 1.00000000e+00, 1.47319291e-01,        1.08869929e-01, 1.23098602e-01],       [3.71927984e-02, 4.27052805e-01, 2.91532253e-01, 7.89171100e-01,        1.38586792e-01, 6.27762148e-01],       [5.67551816e-01, 1.63581587e-01, 1.00000000e+00, 1.79766802e-01,        1.24948260e-01, 1.16013065e-01],       [5.91326671e-01, 1.24033187e-01, 1.00000000e+00, 2.01687711e-01,        1.24154593e-01, 1.45586747e-01],       [5.30573060e-01, 1.71996944e-01, 1.00000000e+00, 1.48293518e-01,        1.31817368e-01, 9.37126074e-02],       [2.28042933e-01, 2.53799757e-01, 7.64862106e-01, 9.98207459e-01,        4.31949829e-01, 9.71405896e-01],       [6.17687835e-01, 1.23447561e-01, 1.00000000e+00, 2.15466685e-01,        1.33437517e-01, 1.53227732e-01],       [8.10129716e-01, 2.30597210e-02, 1.00000000e+00, 3.75223469e-01,        1.16154262e-01, 2.63741461e-01],       [6.60764202e-01, 9.31922079e-02, 1.00000000e+00, 2.36770493e-01,        1.31791741e-01, 1.37332093e-01],       [9.98248723e-01, 7.46133187e-02, 6.18670938e-01, 8.20005320e-01,        8.64045106e-01, 1.04740385e-01],       [5.70761468e-01, 1.67755365e-01, 1.00000000e+00, 1.93427541e-01,        1.06522312e-01, 0.00000000e+00],       [4.84158077e-01, 1.87739680e-01, 1.00000000e+00, 1.45555331e-01,        1.77711680e-01, 5.51652261e-04],       [5.46291768e-01, 1.43801802e-01, 1.00000000e+00, 2.18455144e-01,        6.57962701e-02, 3.39876054e-02],       [7.70301317e-01, 8.43942965e-01, 1.79207848e-01, 3.80585437e-01,        7.40419577e-01, 5.96582128e-01],       [4.66098888e-01, 1.49815159e-01, 1.00000000e+00, 1.32552136e-01,        1.23426011e-01, 9.27547626e-02],       [5.26745846e-01, 1.46410859e-01, 1.00000000e+00, 1.62088824e-01,        1.23007195e-01, 1.46566681e-01],       [5.41363440e-01, 1.50732735e-01, 1.00000000e+00, 1.57747483e-01,        1.36418924e-01, 1.13792280e-01],       [9.33885701e-02, 2.80286572e-02, 6.60267664e-01, 9.03615995e-01,        2.39827779e-01, 7.96165223e-01],       [5.19845898e-01, 1.79851252e-01, 1.00000000e+00, 1.52659467e-01,        1.18099955e-01, 9.12629420e-02],       [5.60069379e-01, 1.64181130e-01, 1.00000000e+00, 1.79471214e-01,        1.29437025e-01, 1.62461386e-01],       [5.66141251e-01, 1.62734769e-01, 1.00000000e+00, 1.74291915e-01,        1.24064547e-01, 1.11270669e-01],       [3.57808229e-02, 7.11143925e-01, 5.12981141e-01, 2.59877389e-01,        1.66033516e-02, 5.48658589e-01],       [5.34690497e-01, 1.85772789e-01, 1.00000000e+00, 1.60980510e-01,        1.13917179e-01, 8.36735674e-02],       [5.46043477e-01, 1.83859546e-01, 1.00000000e+00, 1.79274363e-01,        1.25167302e-01, 1.31168291e-01],       [5.53687879e-01, 1.79480170e-01, 9.92404452e-01, 1.69309544e-01,        1.22606650e-01, 1.10050402e-01],       [9.16706051e-01, 8.30749253e-01, 8.57497774e-01, 6.35110084e-01,        9.00412189e-01, 4.75114120e-01],       [5.62491483e-01, 1.88857832e-01, 1.00000000e+00, 1.70272929e-01,        1.17989200e-01, 1.12000980e-01],       [5.40390575e-01, 1.88395228e-01, 1.00000000e+00, 1.85133540e-01,        1.22519626e-01, 1.35795386e-01],       [5.58830404e-01, 1.59655809e-01, 9.67007830e-01, 1.84261282e-01,        1.35074100e-01, 1.22126597e-01],       [7.97573078e-01, 9.91857583e-01, 4.35694768e-01, 6.20332914e-02,        2.24309798e-02, 7.76817119e-01],       [5.20997444e-01, 1.93645275e-01, 9.74948338e-01, 1.58304490e-01,        1.31600406e-01, 1.03394217e-01],       [5.59574700e-01, 2.02306946e-01, 9.75857944e-01, 1.92678500e-01,        1.30527860e-01, 1.19736285e-01],       [5.49866491e-01, 1.83918769e-01, 9.81264458e-01, 1.78350486e-01,        1.20113387e-01, 1.07679497e-01],       [6.24516420e-01, 2.92806634e-01, 9.34070043e-01, 5.45724967e-01,        7.73987189e-01, 8.53495548e-01],       [5.35375147e-01, 2.14595070e-01, 9.33890698e-01, 1.79017159e-01,        1.45915615e-01, 1.18082765e-01],       [6.05291728e-01, 1.41797621e-01, 9.37049145e-01, 2.25211816e-01,        1.39762941e-01, 1.70073802e-01],       [5.43504654e-01, 1.87804373e-01, 9.44995057e-01, 1.81782764e-01,        1.47354736e-01, 1.19943899e-01],       [2.38459375e-02, 6.76970601e-01, 4.02917608e-01, 8.22585016e-01,        7.25042100e-01, 2.79774767e-01],       [5.13367585e-01, 2.14573702e-01, 1.00000000e+00, 1.48605156e-01,        1.17569872e-01, 4.99788079e-02],       [5.16343265e-01, 2.03878542e-01, 1.00000000e+00, 1.63164757e-01,        1.18028013e-01, 8.34975483e-02],       [4.98081880e-01, 2.07701988e-01, 1.00000000e+00, 1.49015039e-01,        1.11551516e-01, 5.77309361e-02],       [5.30940482e-02, 5.51192731e-01, 6.97051532e-01, 9.05836203e-01,        9.51324997e-01, 1.40669383e-01],       [5.27815789e-01, 2.06798947e-01, 9.76844294e-01, 1.57709567e-01,        1.24217191e-01, 9.91807422e-02],       [5.09262681e-01, 1.79661144e-01, 1.00000000e+00, 1.49445525e-01,        1.03420682e-01, 8.90675136e-02],       [5.21702217e-01, 1.95369227e-01, 9.73261254e-01, 1.65573504e-01,        1.30766070e-01, 1.02054168e-01],       [7.21585053e-01, 9.98334135e-01, 6.47888905e-01, 1.61094435e-01,        8.57662039e-01, 8.40853366e-01],       [5.47630784e-01, 2.11336657e-01, 9.41894556e-01, 1.81660830e-01,        1.53760702e-01, 1.15163509e-01]])
all_costs=array([-1.06773333, -1.13427762, -1.04216554, -1.05535055, -1.04216554,       -1.0609433 , -1.0969863 , -1.13685406, -1.10181618, -1.07001603,       -1.13556438, -1.03462532, -1.09578544, -1.07692308, -1.06432749,       -1.0609433 , -1.08982036, -1.10791367, -1.05423907, -1.06887347,       -1.05312993, -1.06432749, -1.05423907, -1.10914127, -1.0586991 ,       -1.09219858, -1.06206897, -1.08274743, -1.07576572, -1.10914127,       -1.0969863 , -1.1266179 , -1.10546659, -1.13556438, -1.05758056,       -1.1646306 , -1.05646438, -1.11906093, -1.04761905, -1.11656442,       -1.12535132, -1.15522216, -1.0969863 , -1.13685406, -1.15256189,       -1.17419355, -1.11906093, -1.1646306 , -1.15789474, -1.11906093,       -1.13171283, -1.07692308, -1.15923567, -1.14991384, -1.07576572,       -1.13299377, -1.11781128, -1.11906093, -1.10791367, -1.16870987,       -1.12408759, -1.16734694, -1.04325169, -1.14859438, -1.13299377,       -1.12788732, -1.04543081, -1.14074074, -1.14074074, -1.18391484,       -1.08509485, -1.17281781, -1.16192687, -1.14204221, -1.11284047,       -1.15256189, -1.18954248, -1.1783402 , -1.06432749, -1.13814667,       -1.1030303 , -1.15123634, -1.12031337, -1.14074074, -1.12408759,       -1.12535132, -1.08041015, -1.14465409, -1.16057971, -1.13556438,       -1.1103716 , -1.16598719, -1.14991384, -1.17007598, -1.04871661,       -1.17557252, -1.1646306 , -1.18531676, -1.05535055, -1.16192687,       -1.18672199, -1.18391484, -1.1030303 , -1.17557252, -1.1646306 ,       -1.17144529, -1.06319703, -1.17144529, -1.12031337, -1.16192687,       -1.05982001, -1.13556438, -1.1783402 , -1.1783402 , -1.11532033,       -1.17972893, -1.14991384, -1.18954248, -1.05982001, -1.14859438])
all_uncers=array([1.e-08, 1.e-08, 1.e-08, 1.e-08, 1.e-08, 1.e-08, 1.e-08, 1.e-08,       1.e-08, 1.e-08, 1.e-08, 1.e-08, 1.e-08, 1.e-08, 1.e-08, 1.e-08,       1.e-08, 1.e-08, 1.e-08, 1.e-08, 1.e-08, 1.e-08, 1.e-08, 1.e-08,       1.e-08, 1.e-08, 1.e-08, 1.e-08, 1.e-08, 1.e-08, 1.e-08, 1.e-08,       1.e-08, 1.e-08, 1.e-08, 1.e-08, 1.e-08, 1.e-08, 1.e-08, 1.e-08,       1.e-08, 1.e-08, 1.e-08, 1.e-08, 1.e-08, 1.e-08, 1.e-08, 1.e-08,       1.e-08, 1.e-08, 1.e-08, 1.e-08, 1.e-08, 1.e-08, 1.e-08, 1.e-08,       1.e-08, 1.e-08, 1.e-08, 1.e-08, 1.e-08, 1.e-08, 1.e-08, 1.e-08,       1.e-08, 1.e-08, 1.e-08, 1.e-08, 1.e-08, 1.e-08, 1.e-08, 1.e-08,       1.e-08, 1.e-08, 1.e-08, 1.e-08, 1.e-08, 1.e-08, 1.e-08, 1.e-08,       1.e-08, 1.e-08, 1.e-08, 1.e-08, 1.e-08, 1.e-08, 1.e-08, 1.e-08,       1.e-08, 1.e-08, 1.e-08, 1.e-08, 1.e-08, 1.e-08, 1.e-08, 1.e-08,       1.e-08, 1.e-08, 1.e-08, 1.e-08, 1.e-08, 1.e-08, 1.e-08, 1.e-08,       1.e-08, 1.e-08, 1.e-08, 1.e-08, 1.e-08, 1.e-08, 1.e-08, 1.e-08,       1.e-08, 1.e-08, 1.e-08, 1.e-08, 1.e-08, 1.e-08, 1.e-08, 1.e-08])
bad_run_indexs=[]
best_cost=-1.1895424836601307
best_params=array([0.59132667, 0.12403319, 1.        , 0.20168771, 0.12415459,       0.14558675])
best_index=76
worst_cost=-1.034625322997416
worst_index=11
cost_range=0.15491716066271466
costs_count=120
params_count=90
cost_scaler_init_index=3
net_0={'last_hyperfit': 0, 'last_net_reg': 1e-08, 'regularization_history': [1e-08], 'losses_list': [1.7778261, 0.21223459, 0.06054742, 0.0041294065, 0.0034930692, 0.003108863, 0.00079424883, 0.00012577313, 1.4737323e-05, 2.1878783e-05, 1.68617e-05, 7.983251e-06, 3.222981e-06, 1.4158571e-06, 8.1729786e-07, 6.2614953e-07, 5.6287837e-07, 5.4075156e-07, 5.327957e-07, 5.299983e-07, 5.2904767e-07, 5.287039e-07, 5.285572e-07, 5.2850885e-07, 5.284925e-07, 5.2848793e-07, 5.284868e-07, 5.284868e-07, 5.2848657e-07, 5.2848657e-07, 1.7140005, 0.3459866, 0.04321492, 0.01112303, 0.0022624938, 0.0015629574, 0.00060144806, 0.00019021092, 0.000101492, 4.551126e-05, 1.176496e-05, 3.1139816e-06, 1.5910191e-06, 8.4306134e-07, 6.352043e-07, 5.808008e-07, 0.5609966, 0.10511433, 0.012395813, 0.0050781434, 0.0032366363, 0.0010626254, 0.00040007837, 0.00012548965, 3.4283912e-05, 6.1462188e-06, 4.5937586e-06, 1.8998837e-06, 1.2232861e-06, 7.24903e-07, 5.873418e-07, 5.4620403e-07, 0.48117393, 0.030983862, 0.011126032, 0.0050513563, 0.0012177293, 0.00044004346, 0.00010142236, 6.823809e-05, 2.1157568e-05, 9.5713995e-06, 3.2878268e-06, 1.3874808e-06, 7.6529165e-07, 5.819842e-07, 5.67836e-07, 5.505616e-07, 0.14650388, 0.03544007, 0.034431756, 0.014497164, 0.002409442, 0.0014373029, 0.00067328254, 0.00052371743, 0.39479774, 0.1217665, 0.042434704, 0.02698686, 0.0013284192, 0.00030285632, 0.000108563436, 2.3257131e-05, 3.7228838e-06, 8.534473e-07, 5.9013803e-07, 5.470761e-07, 0.052473743, 0.0090130195, 0.0019781352, 0.0003025215, 6.5257795e-05, 1.562948e-05, 3.599932e-06, 1.3115327e-06, 6.696648e-07, 5.600592e-07, 5.4137433e-07, 5.379135e-07, 0.12440562, 0.041221417, 0.027215065, 0.018604128, 0.010589656, 0.0052192216, 0.0009922227, 0.00043166883, 0.00021886377, 6.848148e-05, 2.5715315e-05, 2.5786749e-05, 6.2477384e-06, 6.160353e-06, 0.041805707, 0.029371107, 0.030411974, 0.0088833235, 0.047185384, 0.009512212, 0.004285865, 0.0018400708, 0.089358136, 0.0100268265, 0.002801687, 0.0018964729, 0.0013062154, 0.0012740493, 0.0011378013, 0.00060780067, 0.0008974543, 0.0037805166, 0.031747937, 0.014626255, 0.005642052, 0.004024039, 0.003583615, 0.0057110116, 0.0692968, 0.0428083, 0.1120786, 0.024352575, 0.01582958, 0.014530137, 0.050468944, 0.03357614, 0.017474953, 0.012464379, 0.047630716, 0.012594118, 0.008745357, 0.0076700817, 0.006001496, 0.0061869593, 0.034026954, 0.024343178, 0.020033991, 0.19612171, 0.057034526, 0.030601414, 0.025820885, 0.022758361, 0.01998973, 0.021497466, 0.020679662, 0.030554108, 0.016673, 0.016160643, 0.04742961, 0.024151456, 0.022021925, 0.021136586, 0.041119408, 0.07877449, 0.03834889, 0.032704785, 0.090273716, 0.044470906, 0.033470657, 0.033013385, 0.041003224, 0.035322573, 0.034881804, 0.031051246, 0.029513141, 0.029358752, 0.03784461, 0.03890011, 0.054248188, 0.04596152, 0.032913353, 0.031334125, 0.05429386, 0.031137517, 0.029342527, 0.03266566, 0.04112522, 0.03688695, 0.03443034, 0.033818264, 0.043958433, 0.07041086, 0.062197667, 0.042929757, 0.041549448, 0.03750004, 0.05333633, 0.041045267, 0.03473802, 0.031142723], 'scaler_samples': (array([[0.98368714, 0.02931971, 0.21387336, 0.21353896, 0.79583906,        0.49893704],       [0.2085795 , 0.15139707, 0.30264569, 0.14381926, 0.44045594,        0.15638545],       [0.96025224, 0.75839854, 0.60912583, 0.80607181, 0.49700413,        0.99279825]]), array([-1.06773333, -1.13427762, -1.04216554])), 'net': {'saver_path': './M-LOOP_archives/./neural_net_archive_2022-10-23_15-11_TBW3rLz-.ckpt'}}
net_1={'last_hyperfit': 0, 'last_net_reg': 1e-08, 'regularization_history': [1e-08], 'losses_list': [3.910685, 0.3666618, 0.11043027, 0.038521856, 0.0224095, 0.004214046, 0.00030381544, 0.00058365165, 0.00037692251, 6.496313e-05, 2.6431106e-05, 5.177374e-06, 3.0266303e-06, 1.9633185e-06, 1.0594254e-06, 7.140599e-07, 6.4394595e-07, 5.616893e-07, 5.5345885e-07, 5.456363e-07, 5.424429e-07, 5.422086e-07, 5.41936e-07, 5.4180526e-07, 5.4177934e-07, 5.4177207e-07, 5.4177036e-07, 5.41769e-07, 5.417688e-07, 5.4176877e-07, 2.1702876, 0.37693268, 0.15931477, 0.033768605, 0.005742932, 0.0036868835, 0.0019340346, 0.0004136845, 0.000109966306, 3.9008813e-05, 3.1387717e-05, 6.0739594e-06, 1.999018e-06, 1.5843711e-06, 9.275165e-07, 6.0247135e-07, 5.641306e-07, 5.6183933e-07, 0.33755538, 0.08326392, 0.014841609, 0.0060174433, 0.0011269224, 0.00091922906, 0.00012346436, 7.912754e-05, 3.24194e-05, 1.3894804e-05, 2.775664e-06, 1.9454176e-06, 8.873643e-07, 7.813587e-07, 5.680779e-07, 5.6142426e-07, 0.47799915, 0.04002162, 0.012512178, 0.0058608055, 0.0017961084, 0.0003423299, 0.00015831302, 5.9998216e-05, 2.2423545e-05, 4.549239e-06, 2.583733e-06, 1.8537784e-06, 8.246955e-07, 6.9055e-07, 5.880921e-07, 5.510885e-07, 0.24953692, 0.10589826, 0.16596699, 0.08544972, 0.017911911, 0.009230737, 0.004928834, 0.002117799, 0.0003189831, 0.00024083197, 0.00045862593, 0.00015238835, 4.964228e-05, 8.285524e-05, 1.1910953e-05, 5.059489e-06, 1.272895e-06, 1.3316236e-06, 7.510486e-07, 1.0051713e-06, 0.3904987, 0.13593161, 0.054576684, 0.017855685, 0.00851882, 0.0016152074, 0.00041025484, 5.2529085e-05, 4.96379e-06, 8.963756e-06, 1.4007692e-06, 7.4623455e-07, 5.838333e-07, 5.661526e-07, 0.33299685, 0.06331127, 0.029283468, 0.013216554, 0.0069236876, 0.003415092, 0.0016310436, 0.00048592524, 0.000101718935, 3.2418873e-05, 1.2353963e-05, 1.4570105e-06, 1.2219575e-06, 6.247348e-07, 5.7294847e-07, 5.5741947e-07, 0.2108756, 0.056409027, 0.036270544, 0.023189384, 0.01445945, 0.0083278, 0.004773478, 0.0026551438, 0.0017053655, 0.0011606043, 0.102382496, 0.053655375, 0.02352619, 0.055719353, 0.11174622, 0.017209325, 0.009233198, 0.007043658, 0.0047397553, 0.004076827, 0.0031337854, 0.0022041877, 0.003053366, 0.0018780137, 0.0018417356, 0.00070153223, 0.04473451, 0.006758194, 0.005803518, 0.0020900755, 0.0011358634, 0.0007155683, 0.00045630388, 0.00028628684, 0.0003412556, 0.00018314447, 0.000120018936, 8.619821e-05, 3.3511064e-05, 6.218158e-05, 0.014376075, 0.004169313, 0.0039431336, 0.0035608069, 0.041728962, 0.063506074, 0.10741571, 0.07595093, 0.009344371, 0.006190717, 0.057804175, 0.03403663, 0.020551095, 0.06090029, 0.047413867, 0.02625311, 0.018842105, 0.024357626, 0.060286626, 0.096206255, 0.058549434, 0.042462192, 0.037650764, 0.04206627, 0.035726447, 0.03335585, 0.047750756, 0.038827408, 0.03231677, 0.030998338, 0.088854685, 0.047868285, 0.12581028, 0.041621067, 0.042057116, 0.036991224, 0.04197137, 0.03827313, 0.036270175, 0.034778297, 0.035890292, 0.034226876, 0.04824084, 0.043622006, 0.06357373, 0.042463727, 0.03608372, 0.033267148, 0.035227347, 0.035185326, 0.046964686, 0.047090467, 0.040606257, 0.040147785, 0.048438933, 0.11746079, 0.07642957, 0.05263198], 'scaler_samples': (array([[0.98368714, 0.02931971, 0.21387336, 0.21353896, 0.79583906,        0.49893704],       [0.2085795 , 0.15139707, 0.30264569, 0.14381926, 0.44045594,        0.15638545],       [0.96025224, 0.75839854, 0.60912583, 0.80607181, 0.49700413,        0.99279825]]), array([-1.06773333, -1.13427762, -1.04216554])), 'net': {'saver_path': './M-LOOP_archives/./neural_net_archive_2022-10-23_15-11_T5KH4mDQ.ckpt'}}
net_2={'last_hyperfit': 0, 'last_net_reg': 1e-08, 'regularization_history': [1e-08], 'losses_list': [2.6171694, 0.25623935, 0.082882255, 0.017119244, 0.01100925, 0.0053701787, 0.0010262672, 0.00038622826, 0.00022796601, 7.6638455e-05, 1.9451752e-05, 6.6639514e-06, 3.2261146e-06, 1.4988984e-06, 8.1276585e-07, 6.237009e-07, 5.752239e-07, 5.476244e-07, 5.347272e-07, 5.330231e-07, 5.333326e-07, 5.3305456e-07, 5.328945e-07, 5.328917e-07, 5.3289006e-07, 5.32886e-07, 5.3288363e-07, 5.3288363e-07, 5.3288375e-07, 5.3288346e-07, 1.044204, 0.24247074, 0.034952037, 0.0244787, 0.0063692476, 0.001411007, 0.00065984484, 0.00020759345, 0.000105635954, 4.010103e-05, 1.2495832e-05, 3.3712313e-06, 1.3374453e-06, 1.2245914e-06, 6.654841e-07, 5.82279e-07, 5.399169e-07, 5.413226e-07, 0.8727548, 0.1734777, 0.0342808, 0.01549135, 0.003770439, 0.001960029, 0.0008815553, 8.576424e-05, 5.1613268e-05, 2.482025e-05, 7.127902e-06, 3.875044e-06, 1.9984627e-06, 1.0356976e-06, 6.5566195e-07, 5.766822e-07, 0.52766657, 0.10930476, 0.051204305, 0.016489333, 0.0042562587, 0.00217012, 0.0003419877, 0.00024546537, 4.9080034e-05, 2.3463383e-05, 1.0385764e-05, 2.6769508e-06, 1.8589544e-06, 7.357331e-07, 7.051349e-07, 5.7085845e-07, 5.51244e-07, 5.407192e-07, 0.2105581, 0.5167701, 0.06424861, 0.030839887, 0.038111936, 0.008517587, 0.0024203288, 0.0029942838, 0.50667685, 0.13376224, 0.058513377, 0.0139637375, 0.002900887, 0.00030603597, 0.00012522472, 1.8539893e-05, 3.8988474e-06, 9.405451e-07, 6.194083e-07, 5.6542996e-07, 0.13239314, 0.030613147, 0.009643386, 0.0034031086, 0.001405522, 0.0007147403, 0.00035556103, 0.00018492622, 9.345683e-05, 4.9701623e-05, 2.1497663e-05, 1.0215639e-05, 4.646672e-06, 2.2077243e-06, 1.2283642e-06, 8.352549e-07, 6.534759e-07, 5.923246e-07, 5.6377996e-07, 5.523292e-07, 0.11635248, 0.03858009, 0.028722377, 0.021785479, 0.014663457, 0.006781919, 0.002358307, 0.0002853281, 0.00092041964, 0.0006440693, 4.840848e-05, 8.7985325e-05, 3.9639475e-05, 8.188239e-06, 1.8926496e-06, 1.0618814e-06, 6.5555287e-07, 5.962735e-07, 0.072655156, 0.09859038, 0.046391383, 0.025374409, 0.025703102, 0.009010818, 0.0069673257, 0.008644923, 0.004410953, 0.0013015594, 0.044017952, 0.018521974, 0.0111383535, 0.0070584496, 0.0041302117, 0.0028955145, 0.0027884026, 0.0020565495, 0.01155903, 0.0033669511, 0.0013331395, 0.0010900432, 0.0009628928, 0.00075939496, 0.0006542877, 0.00061129703, 0.00044183238, 0.00035092223, 0.0003046347, 0.00051376026, 0.034262955, 0.006114085, 0.0043853396, 0.004204542, 0.06888578, 0.14878693, 0.049211387, 0.02713615, 0.026883937, 0.028300086, 0.010535587, 0.016156388, 0.05078682, 0.00837656, 0.005270458, 0.0040789223, 0.0041613798, 0.0031910457, 0.053058654, 0.022216348, 0.013621768, 0.012445663, 0.025951084, 0.00978558, 0.0066794828, 0.0064809173, 0.0060755266, 0.005575042, 0.04088658, 0.019668093, 0.021500615, 0.019122373, 0.026475376, 0.02371719, 0.03767982, 0.019573364, 0.016967213, 0.02009236, 0.030648272, 0.021811869, 0.019885547, 0.01873291, 0.04266634, 0.033403143, 0.07712049, 0.042829294, 0.035098996, 0.034382567, 0.043179154, 0.037015162, 0.04607821, 0.035527922, 0.03257317, 0.031214146, 0.04495508, 0.030909019, 0.094015636, 0.039314605, 0.039445102, 0.03496049, 0.043041762, 0.03275507, 0.032639246, 0.030584717, 0.043208096, 0.039747473, 0.034447663, 0.047265373, 0.04094067, 0.044265725], 'scaler_samples': (array([[0.98368714, 0.02931971, 0.21387336, 0.21353896, 0.79583906,        0.49893704],       [0.2085795 , 0.15139707, 0.30264569, 0.14381926, 0.44045594,        0.15638545],       [0.96025224, 0.75839854, 0.60912583, 0.80607181, 0.49700413,        0.99279825]]), array([-1.06773333, -1.13427762, -1.04216554])), 'net': {'saver_path': './M-LOOP_archives/./neural_net_archive_2022-10-23_15-11_0JT5r1rR.ckpt'}}
