mloop_version='3.3.1'
archive_type='neural_net_learner'
num_params=6
min_boundary=array([0., 0., 0., 0., 0., 0.])
max_boundary=array([1., 1., 1., 1., 1., 1.])
start_datetime='2022-10-23_20-06'
param_names=['', '', '', '', '', '']
search_precision=1e-06
parameter_searches=10
bad_uncer_frac=0.1
trust_region=nan
has_trust_region=False
predict_global_minima_at_end=True
generation_num=3
update_hyperparameters=False
predicted_best_parameters=array([0.82343983, 0.6753555 , 0.19447943, 0.49239524, 0.19728386,       0.77861622])
predicted_best_scaled_cost=-17.240816
predicted_best_cost=-2.5613811175214725
all_params=array([[0.9372476 , 0.48927684, 0.0348869 , 0.63790682, 0.80052324,        0.50068762],       [0.86818496, 0.95180644, 0.69721032, 0.50421177, 0.69616464,        0.15662125],       [0.87958539, 0.58990983, 0.98130498, 0.67632915, 0.47509915,        0.6350883 ],       [0.80827699, 0.33086756, 1.        , 1.        , 0.75860477,        1.        ],       [0.        , 0.46925101, 0.        , 0.06590852, 0.9854998 ,        0.        ],       [0.        , 0.        , 1.        , 0.3552878 , 0.        ,        0.        ],       [0.12265647, 0.73698506, 0.74204635, 0.33511049, 0.03250069,        0.67827705],       [0.94440048, 0.89127118, 0.70682457, 0.37366553, 0.32151464,        0.88630124],       [0.88918259, 0.97317514, 0.        , 0.42826858, 1.        ,        0.        ],       [0.80611096, 1.        , 1.        , 0.        , 0.82825109,        0.        ],       [0.83504447, 0.36366024, 0.47360011, 0.57370096, 0.65003432,        0.42926963],       [0.91052188, 1.        , 0.        , 0.01436137, 1.        ,        0.        ],       [0.35083339, 1.        , 0.77968482, 0.        , 0.28983273,        1.        ],       [0.86891779, 1.        , 0.        , 0.39386697, 1.        ,        0.        ],       [0.06226314, 0.03353511, 0.48391691, 0.86711713, 0.69372912,        0.52183082],       [0.8270036 , 0.        , 0.46722395, 0.59391619, 0.79244052,        0.18813126],       [0.71288311, 0.        , 0.        , 0.08858926, 0.        ,        1.        ],       [0.79777938, 0.4582667 , 0.91013614, 0.44283706, 0.36948164,        0.        ],       [0.25810088, 0.54268095, 0.15768079, 0.20199396, 0.96609308,        0.34799012],       [0.80743883, 0.        , 1.        , 0.59373672, 0.56057329,        0.15047829],       [0.83676408, 0.        , 0.        , 0.490073  , 0.34205029,        0.        ],       [0.        , 1.        , 0.        , 1.        , 1.        ,        0.        ],       [0.52406977, 0.90408663, 0.69675242, 0.89597741, 0.3864957 ,        0.23701394],       [0.        , 1.        , 0.76123541, 0.        , 1.        ,        1.        ],       [0.        , 0.65722657, 0.        , 0.        , 1.        ,        0.94290936],       [0.08522235, 0.        , 0.34907496, 0.        , 1.        ,        1.        ],       [0.48955912, 0.22387843, 0.1054864 , 0.53076224, 0.98254562,        0.95992431],       [0.        , 0.38180939, 0.        , 0.02452544, 1.        ,        0.38316782],       [0.08424345, 0.64939004, 0.        , 0.        , 0.99262172,        0.38631035],       [0.16043129, 0.4629913 , 0.        , 0.12366061, 1.        ,        0.39222517],       [0.72266277, 0.83608874, 0.86279133, 0.12271496, 0.77522322,        0.9165164 ],       [0.21227546, 0.54127581, 0.25609089, 0.31473522, 1.        ,        0.33919688],       [0.81987008, 0.        , 0.27900159, 0.60305091, 0.7705132 ,        0.29506205],       [0.77482908, 0.        , 0.61964546, 0.67262721, 0.84005273,        0.21298079],       [0.25998245, 0.94310993, 0.52171983, 0.88324309, 0.25105338,        0.04469116],       [0.6904414 , 0.69494229, 1.        , 0.        , 0.78967247,        1.        ],       [0.71755661, 0.68646661, 0.52912606, 0.        , 1.        ,        1.        ],       [0.6221334 , 0.98394043, 0.86156103, 0.        , 0.69105288,        1.        ],       [0.60692007, 0.56428713, 0.9013207 , 0.46530658, 0.0216365 ,        0.14479086],       [0.73731283, 0.93773029, 1.        , 0.09711211, 0.7481136 ,        1.        ],       [0.76746551, 0.50227894, 0.14280036, 0.40159652, 0.06557998,        0.80880022],       [0.82894255, 0.        , 0.61718712, 0.58530294, 0.82921593,        0.0498662 ],       [0.58319547, 0.23072353, 0.96415814, 0.45696478, 0.08907007,        0.55456644],       [0.73783902, 0.47351318, 0.        , 0.36074209, 0.        ,        0.863285  ],       [0.7573831 , 0.38433449, 0.        , 0.40526356, 0.        ,        0.8617369 ],       [0.71463596, 0.61788585, 0.        , 0.36341263, 0.        ,        1.        ],       [0.21939895, 0.03849453, 0.40784404, 0.20980819, 0.35304373,        0.72042615],       [0.7643112 , 0.35631151, 0.22988785, 0.30723575, 0.        ,        0.84788132],       [0.79247188, 0.5644205 , 0.11680878, 0.36085607, 0.        ,        0.84868582],       [0.76763633, 0.55047493, 0.20789069, 0.35684763, 0.        ,        1.        ],       [0.71429414, 0.91823374, 0.81067963, 0.25116052, 0.46440234,        0.936236  ],       [0.78025651, 0.52932116, 0.08672376, 0.41301207, 0.        ,        0.72662015],       [0.85327751, 0.86363227, 0.        , 0.36012817, 0.64981593,        0.22400553],       [0.77602266, 0.5251975 , 0.05710476, 0.39844473, 0.        ,        0.73421674],       [0.00192651, 0.35423059, 0.00480615, 0.63451476, 0.37915813,        0.13646115],       [0.76523059, 0.55164252, 0.19187388, 0.41367827, 0.        ,        0.83451495],       [0.76079252, 0.48286971, 0.1239877 , 0.42136522, 0.10141359,        0.8008686 ],       [0.75484353, 0.49295709, 0.21698078, 0.39597178, 0.        ,        0.84139314],       [0.2633492 , 0.90254055, 0.02493726, 0.59499901, 0.13401748,        0.04116283],       [0.78584532, 0.49080282, 0.00833845, 0.39526297, 0.10357703,        0.83287695],       [0.78167654, 0.52756969, 0.07402112, 0.42390163, 0.18356005,        0.7833149 ],       [0.77452969, 0.50365032, 0.07275759, 0.40071339, 0.08552997,        0.85437755],       [0.47230409, 0.31525919, 0.94591097, 0.11298066, 0.78374266,        0.64125643],       [0.7696405 , 0.46551085, 0.14362327, 0.39086791, 0.06270148,        0.79197854],       [0.78053381, 0.52072244, 0.15073175, 0.41784558, 0.08994925,        0.82909066],       [0.76316103, 0.50023208, 0.17704366, 0.40469657, 0.04239391,        0.79450533],       [0.4243291 , 0.63282359, 0.1728923 , 0.36367612, 0.84791343,        0.1403751 ],       [0.77845533, 0.51574221, 0.09633176, 0.40404652, 0.03230571,        0.88050534],       [0.77610009, 0.42762387, 0.08156188, 0.3697198 , 0.11682343,        0.67937764],       [0.6991013 , 0.        , 1.        , 0.74416281, 0.73957541,        0.        ],       [0.45164376, 0.13429551, 0.56570533, 0.1640115 , 0.33792997,        0.24436627],       [0.77398786, 0.50787408, 0.15369391, 0.42221158, 0.13481178,        0.82446847],       [0.78539144, 0.54054518, 0.20192853, 0.43467296, 0.1043012 ,        0.84559018],       [0.77624453, 0.53524485, 0.15598607, 0.41954549, 0.10587049,        0.85108383],       [0.5034023 , 0.83717096, 0.03970807, 0.89243335, 0.43325719,        0.07042793],       [0.78979853, 0.53119901, 0.18903768, 0.43768648, 0.12312443,        0.79102973],       [0.78492645, 0.55161584, 0.16550245, 0.42206043, 0.10560394,        0.83410106],       [0.77121483, 0.51283018, 0.13089703, 0.40264745, 0.06801749,        0.84686709],       [0.96972459, 0.88627744, 0.14933993, 0.37633323, 0.91176162,        0.80222703],       [0.7658718 , 0.46158826, 0.11445193, 0.38572012, 0.07756533,        0.80915956],       [0.78854415, 0.44037302, 0.1925222 , 0.4055951 , 0.11881678,        0.80904701],       [0.76912624, 0.50988814, 0.11852253, 0.40427634, 0.04382789,        0.8355557 ],       [0.41577275, 0.53966572, 0.07549303, 0.55002742, 0.07204434,        0.25364566],       [0.79402717, 0.57164485, 0.20637911, 0.46427933, 0.13026721,        0.85030426],       [0.78148263, 0.51606547, 0.1527051 , 0.42170477, 0.15372598,        0.79574677],       [0.77738961, 0.53941714, 0.13606435, 0.42930306, 0.08393945,        0.87983338],       [0.92542383, 0.6869702 , 0.75259058, 0.4480813 , 0.23462616,        0.0570905 ],       [0.78384327, 0.51669189, 0.18664389, 0.42571062, 0.13122534,        0.82837431],       [0.7792304 , 0.58284444, 0.12436808, 0.43455905, 0.070669  ,        0.81805414],       [0.76356852, 0.55271892, 0.06825465, 0.39785912, 0.        ,        0.88631915],       [0.80144206, 0.47029487, 0.66989287, 0.63612203, 0.4002605 ,        0.80353583],       [0.77960499, 0.54738656, 0.19349136, 0.42588901, 0.09368303,        0.81313109],       [1.        , 1.        , 0.33386931, 0.34010135, 0.        ,        0.        ],       [0.77051811, 0.48184652, 0.08740646, 0.40599064, 0.08224555,        0.82567602],       [0.52092724, 0.83000288, 0.41137892, 0.30690175, 0.59589051,        0.32433867],       [0.7932317 , 0.5269551 , 0.19833099, 0.43309974, 0.12214669,        0.87360198],       [0.78290766, 0.57191553, 0.16838892, 0.41529433, 0.07353257,        0.86987638],       [0.47294898, 0.05433884, 0.70494202, 1.        , 0.        ,        1.        ],       [0.53238948, 0.1791487 , 0.01769506, 0.1770154 , 0.7975408 ,        0.69604725],       [0.77761738, 0.40953285, 0.19733758, 0.41352573, 0.22630759,        0.82508172],       [0.7805704 , 0.6117605 , 0.16970803, 0.42160209, 0.08176583,        0.87526404],       [0.58306024, 0.        , 1.        , 1.        , 0.        ,        1.        ],       [0.94874606, 0.69497731, 0.54598847, 0.78077568, 0.62314028,        0.33511191],       [0.77935218, 0.5112992 , 0.17093061, 0.41888856, 0.09704023,        0.82050797],       [0.79252605, 0.58739327, 0.01950052, 0.42871712, 0.        ,        0.85011987],       [0.78949937, 0.58260576, 0.22276107, 0.41714799, 0.06908476,        0.83328117],       [0.33385301, 0.7221355 , 0.41895051, 0.81029801, 0.17096878,        0.99165624],       [0.78686606, 0.53457779, 0.19270761, 0.43183054, 0.09214927,        0.85522714],       [0.78291812, 0.58688513, 0.17989944, 0.39887103, 0.03872817,        0.88494687],       [0.78271827, 0.59010695, 0.22324994, 0.40591861, 0.04485969,        0.85748734],       [0.861502  , 0.62993411, 0.86955514, 0.25003895, 0.28960452,        0.36342606],       [0.77654819, 0.48869363, 0.14470673, 0.40145885, 0.10285185,        0.84458686],       [0.77121663, 0.52992547, 0.12654238, 0.41046032, 0.09805857,        0.87276769],       [0.76385265, 0.503005  , 0.18913912, 0.38319619, 0.05418153,        0.81785011],       [0.17308364, 0.133895  , 0.47665839, 0.10648862, 0.54255966,        0.0158271 ],       [0.79448373, 0.63039816, 0.14869767, 0.46797526, 0.1118815 ,        0.80766969],       [0.77420281, 0.49757932, 0.05900982, 0.42337023, 0.09714959,        0.85687242],       [0.75164295, 0.57683849, 0.00508588, 0.39182996, 0.        ,        1.        ],       [0.14123374, 0.32570203, 0.01885777, 0.65284242, 0.12149599,        0.20427795],       [0.80631293, 0.74025556, 0.21571561, 0.54997977, 0.16673567,        0.75177794]])
all_costs=array([-2.03248731, -2.10073452, -2.07892004, -2.00802407, -2.07892004,       -2.02018163, -2.09195402, -2.10515247, -2.14576635, -2.10515247,       -2.19277108, -2.17372421, -2.13660619, -2.11851852, -2.16432432,       -2.21705426, -2.15500538, -2.16901408, -2.26727067, -2.16901408,       -1.9920398 , -1.9920398 , -2.10958904, -1.96467125, -2.09633508,       -2.0120603 , -2.08759124, -2.02836879, -2.05755396, -2.10515247,       -2.25704622, -2.07032058, -2.16901408, -2.18797814, -2.13205538,       -2.07892004, -2.02018163, -2.07892004, -2.21705426, -2.18320611,       -2.49937578, -2.19758507, -2.16901408, -2.18320611, -2.06604747,       -2.07032058, -2.14576635, -2.18320611, -2.25704622, -2.2121547 ,       -2.22197558, -2.24691358, -2.05755396, -2.15500538, -2.14576635,       -2.26727067, -2.34152047, -2.09633508, -2.18797814, -2.2418813 ,       -2.19758507, -2.41495778, -2.20242024, -2.35806832, -2.50563204,       -2.14576635, -2.2519685 , -2.33605601, -2.31445087, -1.98414272,       -2.27241771, -2.39760479, -2.47466007, -2.33605601, -2.26214689,       -2.35806832, -2.34152047, -2.34152047, -2.18797814, -2.33605601,       -2.21705426, -2.2269188 , -2.20242024, -2.34701055, -2.16901408,       -2.34701055, -2.2932417 , -2.39187575, -2.41495778, -2.34152047,       -2.26727067, -2.25704622, -2.004004  , -2.30911188, -2.17845484,       -2.26214689, -2.49315068, -2.23687151, -2.17372421, -2.17845484,       -2.3198146 , -2.0120603 , -2.17372421, -2.2519685 , -2.15500538,       -2.44444444, -2.16432432, -2.30379747, -2.11851852, -2.15037594,       -2.16432432, -2.4504284 , -2.39760479, -2.29850746, -2.46248462,       -2.52459016, -2.46855734, -2.1596548 , -2.15500538, -2.04912999])
all_uncers=array([1.e-08, 1.e-08, 1.e-08, 1.e-08, 1.e-08, 1.e-08, 1.e-08, 1.e-08,       1.e-08, 1.e-08, 1.e-08, 1.e-08, 1.e-08, 1.e-08, 1.e-08, 1.e-08,       1.e-08, 1.e-08, 1.e-08, 1.e-08, 1.e-08, 1.e-08, 1.e-08, 1.e-08,       1.e-08, 1.e-08, 1.e-08, 1.e-08, 1.e-08, 1.e-08, 1.e-08, 1.e-08,       1.e-08, 1.e-08, 1.e-08, 1.e-08, 1.e-08, 1.e-08, 1.e-08, 1.e-08,       1.e-08, 1.e-08, 1.e-08, 1.e-08, 1.e-08, 1.e-08, 1.e-08, 1.e-08,       1.e-08, 1.e-08, 1.e-08, 1.e-08, 1.e-08, 1.e-08, 1.e-08, 1.e-08,       1.e-08, 1.e-08, 1.e-08, 1.e-08, 1.e-08, 1.e-08, 1.e-08, 1.e-08,       1.e-08, 1.e-08, 1.e-08, 1.e-08, 1.e-08, 1.e-08, 1.e-08, 1.e-08,       1.e-08, 1.e-08, 1.e-08, 1.e-08, 1.e-08, 1.e-08, 1.e-08, 1.e-08,       1.e-08, 1.e-08, 1.e-08, 1.e-08, 1.e-08, 1.e-08, 1.e-08, 1.e-08,       1.e-08, 1.e-08, 1.e-08, 1.e-08, 1.e-08, 1.e-08, 1.e-08, 1.e-08,       1.e-08, 1.e-08, 1.e-08, 1.e-08, 1.e-08, 1.e-08, 1.e-08, 1.e-08,       1.e-08, 1.e-08, 1.e-08, 1.e-08, 1.e-08, 1.e-08, 1.e-08, 1.e-08,       1.e-08, 1.e-08, 1.e-08, 1.e-08, 1.e-08, 1.e-08, 1.e-08, 1.e-08])
bad_run_indexs=[]
best_cost=-2.5245901639344264
best_params=array([0.79448373, 0.63039816, 0.14869767, 0.46797526, 0.1118815 ,       0.80766969])
best_index=115
worst_cost=-1.9646712463199214
worst_index=23
cost_range=0.559918917614505
costs_count=120
params_count=90
cost_scaler_init_index=3
net_0={'last_hyperfit': 0, 'last_net_reg': 1e-08, 'regularization_history': [1e-08], 'losses_list': [0.936657, 0.05971524, 0.039143704, 0.011209573, 0.00020471515, 0.0008257398, 0.0006311956, 0.00011756302, 1.3909101e-06, 8.185044e-06, 8.195733e-06, 4.24116e-06, 1.7433032e-06, 8.3161774e-07, 5.866103e-07, 5.3250756e-07, 5.2205087e-07, 5.2054344e-07, 5.204307e-07, 5.2032306e-07, 5.203243e-07, 5.203182e-07, 5.2031385e-07, 5.2031135e-07, 5.203124e-07, 5.20312e-07, 5.203109e-07, 5.2031095e-07, 5.2031083e-07, 5.203108e-07, 3.153519, 1.9517878, 0.282408, 0.056817383, 0.007672555, 0.0023045477, 0.0013467311, 0.0005560937, 0.00013405277, 2.497521e-05, 3.4798046e-05, 5.8523406e-06, 2.3421635e-06, 9.1165174e-07, 1.0005845e-06, 6.371278e-07, 5.6006667e-07, 5.2242393e-07, 0.8464054, 0.09289784, 0.017928014, 0.00403273, 0.0015135837, 0.00055517, 0.00012390512, 4.9725768e-05, 3.579753e-05, 5.4758657e-06, 3.9374095e-06, 1.3718784e-06, 8.5172667e-07, 5.942186e-07, 5.8338105e-07, 5.298656e-07, 1.0769308, 0.27732047, 0.06357659, 0.014410629, 0.002613151, 0.00062044314, 0.0006217573, 0.00015030893, 2.7825408e-05, 2.1989554e-05, 9.212358e-06, 1.1921203e-06, 1.1902405e-06, 8.7101415e-07, 5.940906e-07, 5.354967e-07, 0.6601389, 0.2051639, 0.090083875, 0.10797237, 0.070382744, 0.079676, 4.1152625, 1.53624, 0.9253987, 0.9208884, 4.3821645, 2.0982099, 1.1215967, 0.5522639, 0.53022087, 0.22210751, 0.15220386, 0.13420132, 0.035230324, 0.0108852675, 0.0038176458, 0.010686069, 0.0025923445, 0.00036710792, 4.4548254, 1.49657, 1.0710466, 0.9012215, 0.9000373, 0.64792055, 0.89352465, 0.47747797, 0.3789281, 0.3644536, 2.1765335, 1.7660936, 2.138615, 1.378042, 3.1018467, 1.8533642, 1.4634104, 1.18361, 1.0080334, 0.92836696, 0.67866313, 0.5686867, 0.424776, 0.50927496, 0.52097553, 0.31290072, 4.2884684, 0.5357851, 0.27577302, 0.13574153, 0.11422494, 0.08248067, 0.052758172, 0.04389629, 5.190401, 3.1138368, 2.559117, 2.19653, 1.4036334, 1.2014639, 1.7311491, 0.97552377, 0.21878861, 0.18959354, 0.089688286, 0.013348831, 0.03679769, 0.0030349346, 0.0038894827, 0.0026588412, 3.7376585, 1.4531738, 0.7832026, 1.1745616, 4.165537, 1.4973346, 0.61723834, 0.4837678, 0.29407227, 0.29098874, 0.15684913, 0.099663526, 0.25718835, 0.29798365, 2.9483736, 1.6266198, 1.7613894, 0.9990011, 0.9645107, 1.0159688, 0.4819098, 0.3462628, 3.0024679, 1.8308371, 0.39301428, 0.16971189, 0.08938559, 0.06027017, 0.03064919, 0.046007678, 3.1395178, 5.1970043, 5.9839334, 1.6516889, 1.0332588, 1.2391646, 0.7951417, 0.48323724, 0.4460267, 0.26248905, 0.15277855, 0.21409303, 0.06819338, 0.03793485, 0.014316049, 0.12003132, 1.0486006, 0.52647734, 0.33992022, 0.26826662, 0.15305413, 0.14196385, 0.12168266, 0.10357321, 1.5861609, 0.53821135, 0.47660962, 0.20661926, 0.16553038, 0.13750273, 1.3109968, 4.266878, 2.1052701, 1.3665104, 1.6353612, 0.8830389, 0.8352308, 1.2708031, 1.462735, 0.6648719, 0.9479267, 0.6257217, 0.5190577, 0.4193075, 0.38002747, 0.55195665, 1.6247809, 0.7191489, 0.7118031, 0.50556356, 0.67744815, 2.4269328, 0.30302745, 0.26300088, 0.22850104, 0.27106094, 1.9503456, 2.372117, 3.30999, 1.3037019, 0.62570804, 0.40398246, 2.0640934, 0.8392553, 0.6521295, 0.40248218, 0.36646923, 0.249098, 2.354421, 0.83593816, 0.60916835, 0.4125228, 0.3653915, 0.5501683, 0.25097233, 0.19430386, 0.31028643, 3.7626896, 4.5185256, 0.4578507, 0.2842267, 0.18486495, 0.064604856, 0.06535228, 0.07573301, 3.5484269, 3.5944219, 1.2704647, 0.86492956, 0.6252156], 'scaler_samples': (array([[0.9372476 , 0.48927684, 0.0348869 , 0.63790682, 0.80052324,        0.50068762],       [0.86818496, 0.95180644, 0.69721032, 0.50421177, 0.69616464,        0.15662125],       [0.87958539, 0.58990983, 0.98130498, 0.67632915, 0.47509915,        0.6350883 ]]), array([-2.03248731, -2.10073452, -2.07892004])), 'net': {'saver_path': './M-LOOP_archives/./neural_net_archive_2022-10-23_20-06_SRIjnc_v.ckpt'}}
net_1={'last_hyperfit': 0, 'last_net_reg': 1e-08, 'regularization_history': [1e-08], 'losses_list': [0.7631096, 0.04739593, 0.033571545, 0.015388997, 0.0049560242, 0.0012265755, 0.00030115418, 9.144996e-05, 1.2387885e-05, 4.882009e-06, 5.171726e-06, 2.1150192e-06, 6.111055e-07, 7.241665e-07, 6.30362e-07, 5.752581e-07, 5.672011e-07, 5.463976e-07, 5.426043e-07, 5.4044074e-07, 5.406575e-07, 5.404928e-07, 5.404454e-07, 5.4040214e-07, 5.4039805e-07, 5.403977e-07, 5.403967e-07, 5.403962e-07, 5.40396e-07, 5.403958e-07, 0.14038728, 0.10758414, 0.06980207, 0.03532127, 0.007957436, 0.0015943395, 0.0019521425, 6.7637775e-05, 0.00023376815, 6.4215546e-06, 3.2017e-05, 1.4999255e-06, 4.1140065e-06, 6.832108e-07, 9.761662e-07, 5.911527e-07, 5.629511e-07, 5.603002e-07, 0.85774523, 0.07341853, 0.022191444, 0.006526856, 0.0012680884, 0.00046134082, 0.0002900432, 9.392925e-05, 1.3551316e-05, 7.3973483e-06, 6.1967803e-06, 1.6024014e-06, 7.0033764e-07, 7.045914e-07, 1.3893636, 0.21982515, 0.058841165, 0.017556276, 0.0046459613, 0.001005978, 0.00049253984, 0.00020664677, 6.4381216e-05, 1.3760852e-05, 5.4450124e-06, 3.8525072e-06, 1.5351536e-06, 6.3710536e-07, 6.5887315e-07, 6.065984e-07, 0.9112319, 0.28102547, 0.41213852, 0.20075782, 4.9111958, 1.1774225, 1.0306292, 0.94087225, 0.45620126, 0.37380302, 3.9095688, 0.89706945, 0.30979875, 0.1109554, 0.09741563, 0.009736972, 0.0008569983, 0.0001964993, 3.1075106, 1.8818748, 1.2880396, 1.0362145, 2.3242202, 1.6841729, 1.0237974, 1.003144, 3.8414528, 1.342503, 0.9013177, 0.5847856, 0.68097514, 0.44861126, 2.4700854, 0.72453547, 0.43622515, 0.10194442, 0.12895934, 0.18325256, 0.06581195, 0.027609058, 0.010512933, 0.016075868, 8.969537, 3.117994, 2.7446244, 1.7167114, 0.9825803, 0.47302285, 0.42503163, 0.1583689, 10.719576, 3.9437451, 4.446809, 2.5867007, 2.3768597, 2.131148, 1.6135108, 1.5701239, 2.387513, 1.9138181, 1.886267, 1.534352, 2.3256228, 1.7953753, 1.3757726, 1.0431038, 0.7888484, 0.6917947, 0.7123084, 0.35205102, 3.5986643, 3.7905788, 3.329479, 1.7935946, 1.3665899, 1.2396204, 0.893673, 1.5173147, 1.9186304, 1.3018371, 1.1627699, 0.87394416, 0.79055387, 0.95752966, 1.7273222, 1.1399592, 0.95023906, 0.9601635, 2.312026, 1.7504643, 3.298866, 2.1027987, 1.9614153, 1.7006553, 1.8188373, 3.0212362, 1.520071, 1.5075332, 2.2553399, 1.4644321, 1.329827, 1.2044245, 2.1098773, 4.235429, 1.9742436, 1.3541692, 1.491323, 1.2713982, 1.1433252, 1.4399291, 2.309577, 1.410784, 1.1529992, 1.3903908, 2.928175, 2.2709715, 2.0273023, 2.3165739, 2.1193233, 2.1354308, 4.2907476, 3.2705708, 2.4815426, 2.2956724], 'scaler_samples': (array([[0.9372476 , 0.48927684, 0.0348869 , 0.63790682, 0.80052324,        0.50068762],       [0.86818496, 0.95180644, 0.69721032, 0.50421177, 0.69616464,        0.15662125],       [0.87958539, 0.58990983, 0.98130498, 0.67632915, 0.47509915,        0.6350883 ]]), array([-2.03248731, -2.10073452, -2.07892004])), 'net': {'saver_path': './M-LOOP_archives/./neural_net_archive_2022-10-23_20-06_m8nKsg8w.ckpt'}}
net_2={'last_hyperfit': 0, 'last_net_reg': 1e-08, 'regularization_history': [1e-08], 'losses_list': [1.1341763, 0.042340253, 0.016009651, 0.0020268813, 0.0012254278, 0.0011916267, 0.00032032968, 2.3610914e-05, 2.839372e-05, 1.1621446e-05, 5.1554766e-06, 5.7849306e-06, 2.5963498e-06, 1.3065164e-06, 6.1365813e-07, 5.57752e-07, 5.6179346e-07, 5.334705e-07, 5.25208e-07, 5.2535154e-07, 5.244733e-07, 5.239935e-07, 5.24016e-07, 5.2398354e-07, 5.2397274e-07, 5.2396797e-07, 5.239662e-07, 5.239657e-07, 5.2396575e-07, 5.239656e-07, 3.7247803, 5.013127, 1.4192183, 0.7280888, 0.16421619, 0.030352784, 0.005355852, 0.0035006918, 0.00218845, 0.00088769774, 0.00025491123, 5.5297267e-05, 1.1149581e-05, 3.7554134e-06, 2.0778352e-06, 1.2727787e-06, 8.557389e-07, 6.6304443e-07, 5.783931e-07, 5.4378904e-07, 1.7752856, 0.46351773, 0.15346177, 0.02668852, 0.0030744297, 0.0018218936, 0.0015105888, 0.00058153295, 9.41063e-05, 1.9316558e-05, 2.1492582e-05, 1.1102422e-05, 2.7509766e-06, 8.4141675e-07, 7.988711e-07, 6.89269e-07, 5.666396e-07, 5.3053355e-07, 1.7509329, 0.887387, 0.2517718, 0.044693433, 0.019942267, 0.008880142, 0.0030421629, 0.001054618, 0.00028326985, 6.2202016e-05, 1.39598e-05, 4.1270328e-06, 2.7804203e-06, 1.8988173e-06, 1.1052161e-06, 7.301616e-07, 5.913177e-07, 5.446249e-07, 1.7925572, 0.4562405, 0.1711141, 0.16752188, 4.7155943, 2.6679783, 1.0407603, 0.8134283, 0.67382675, 0.522765, 0.786506, 0.30223158, 5.739993, 2.6534767, 2.427441, 1.6496859, 1.3846425, 0.7786383, 0.5791481, 0.4468527, 0.34975514, 0.27360293, 0.22000143, 0.14283906, 0.10255218, 0.06419047, 0.027957778, 0.113701515, 0.07551824, 0.008977713, 0.011147085, 0.0017312955, 0.00065570395, 0.00015598357, 0.00011599842, 1.6609243e-05, 3.8912813e-06, 1.3743837e-06, 7.8613346e-07, 6.8558427e-07, 4.226085, 1.6105961, 1.3114842, 1.2002623, 2.3425562, 2.59488, 1.8302311, 1.4800563, 1.2691879, 1.2970823, 4.464114, 1.998443, 1.8362509, 1.4844493, 1.3529335, 1.1362467, 0.8805899, 0.756852, 0.7870821, 0.7233694, 4.716457, 0.5945473, 0.43214273, 0.4457195, 5.615443, 3.223831, 2.3077784, 1.3007085, 0.8207522, 0.39799914, 0.17027913, 0.13223092, 0.20289892, 0.19631499, 4.750621, 5.40857, 5.275527, 4.7845135, 2.7499137, 1.8379366, 3.337208, 2.149063, 1.8016884, 1.956952, 1.2250745, 1.091195, 3.235386, 1.9361023, 1.5302601, 1.1272802, 1.0362802, 0.62884384, 0.5764154, 0.39682743, 0.33890033, 0.37439463, 1.4560441, 0.43384603, 0.2326398, 0.20297946, 2.4608946, 1.3415365, 1.26213, 1.4772458, 6.0695834, 2.8216238, 1.7313979, 1.0164416, 1.0776904, 0.55143344, 1.3253934, 0.8560573, 0.6384409, 0.5662055, 0.3856067, 0.28671572, 1.0033513, 0.72925055, 0.6227124, 0.55860686, 5.5433254, 1.9036028, 2.5482695, 1.4878584, 1.4177425, 1.2604489, 2.0967882, 1.4454445, 1.4555483, 1.0120667, 0.83453315, 0.8859956, 1.2141423, 0.9460605, 0.80742943, 0.8010191, 1.2254844, 2.418005, 1.8704134, 1.1475723, 2.6529405, 1.01325, 0.835284, 0.7343031, 0.9926834, 1.8355138, 0.9026326, 0.6186313, 0.53370607, 0.59410095, 2.1603088, 1.5950928, 1.1552186, 1.4615422, 1.7801889, 3.4428644], 'scaler_samples': (array([[0.9372476 , 0.48927684, 0.0348869 , 0.63790682, 0.80052324,        0.50068762],       [0.86818496, 0.95180644, 0.69721032, 0.50421177, 0.69616464,        0.15662125],       [0.87958539, 0.58990983, 0.98130498, 0.67632915, 0.47509915,        0.6350883 ]]), array([-2.03248731, -2.10073452, -2.07892004])), 'net': {'saver_path': './M-LOOP_archives/./neural_net_archive_2022-10-23_20-06_e-IGhyNu.ckpt'}}
