mloop_version='3.3.1'
archive_type='neural_net_learner'
num_params=2
min_boundary=array([0., 0.])
max_boundary=array([1., 1.])
start_datetime='2022-10-23_06-23'
param_names=['', '']
search_precision=1e-06
parameter_searches=10
bad_uncer_frac=0.1
trust_region=nan
has_trust_region=False
predict_global_minima_at_end=True
generation_num=3
update_hyperparameters=False
predicted_best_parameters=array([0.40961077, 0.18890613])
predicted_best_scaled_cost=-0.8837931
predicted_best_cost=-2.209140437652304
all_params=array([[0.46114494, 0.69568071],       [0.05820971, 0.43205284],       [0.73785683, 0.32586775],       [1.        , 1.        ],       [0.29414036, 1.        ],       [0.96629097, 1.        ],       [0.0761566 , 0.8391121 ],       [0.46322247, 0.67828778],       [0.43546024, 0.60073266],       [0.48537972, 0.68099531],       [0.60109273, 0.84279443],       [0.42073882, 0.71040083],       [0.5762544 , 0.84985868],       [0.46838058, 0.7391166 ],       [0.32982394, 0.69472813],       [0.4288326 , 0.59986572],       [0.44995361, 0.51388253],       [0.42260964, 0.56051883],       [0.49481599, 0.80327336],       [0.43412913, 0.5926776 ],       [0.49223877, 0.6125764 ],       [0.76262179, 1.        ],       [0.22207489, 0.29389385],       [0.52793927, 0.68295736],       [0.57784153, 0.69172143],       [0.60522166, 0.5679404 ],       [0.44534455, 0.68440066],       [0.48205607, 0.6866998 ],       [0.38598313, 0.5213974 ],       [0.49059707, 0.6679857 ],       [0.9717234 , 0.52555344],       [0.41457025, 0.51419203],       [0.37505345, 0.52568536],       [0.4449331 , 0.5333157 ],       [0.62827329, 0.88280842],       [0.47287675, 0.65354327],       [0.3824158 , 0.42275605],       [0.50714131, 0.63388575],       [0.4846761 , 0.14489226],       [0.48695113, 0.68483048],       [0.54539148, 0.59540727],       [0.49514981, 0.65927037],       [0.19847356, 0.69839769],       [0.64796173, 0.        ],       [0.40142699, 0.50155   ],       [0.80454261, 0.        ],       [0.72122106, 0.4415529 ],       [0.10475362, 0.68267753],       [0.12163727, 0.688279  ],       [0.69832503, 0.52746548],       [0.41674366, 0.67316158],       [0.12713425, 0.68105226],       [0.15328274, 0.65975375],       [0.09341405, 0.6328154 ],       [0.39201163, 0.40644448],       [0.02729967, 0.71777297],       [0.07291089, 0.7064739 ],       [0.08195714, 0.69586211],       [0.80026339, 0.32944168],       [0.14087534, 0.68304708],       [0.42521927, 0.55501258],       [0.14320843, 0.68252161],       [0.38612728, 0.19270881],       [0.38266818, 0.56283844],       [0.12037603, 0.67722969],       [0.11123061, 0.67565245],       [0.97810266, 0.16242377],       [0.33749678, 0.18512377],       [0.29044066, 0.15070641],       [0.35085188, 0.17991863],       [0.12395039, 0.27709794],       [0.46920954, 0.23027985],       [0.14546014, 0.68712844],       [0.40630298, 0.21124618],       [0.57907744, 0.1007739 ],       [0.52812961, 0.74271778],       [0.14755336, 0.68373169],       [0.54811468, 0.728788  ],       [0.53976391, 0.87738787],       [0.43082759, 0.50764388],       [0.40764325, 0.51970182],       [0.69258204, 0.28677029],       [0.11485974, 0.06846185],       [0.11793868, 0.68043809],       [0.72853307, 0.26726076],       [0.47334214, 0.58633891],       [0.96449081, 0.76205172],       [0.14194321, 0.68465462],       [0.13068051, 0.68573725],       [0.13837593, 0.68807181],       [0.87060256, 0.75848416],       [0.13682958, 0.68717511],       [0.58974864, 0.32897327],       [0.13733035, 0.68247571],       [0.45587391, 0.30015225],       [0.1409939 , 0.6827912 ],       [0.64633809, 0.29256304],       [0.16445581, 0.66504122],       [0.9714894 , 0.77148574],       [0.1329946 , 0.68693471],       [0.40681577, 0.14463125],       [1.        , 0.13098938],       [0.56027042, 0.67925547],       [0.13238042, 0.68690282],       [0.12476627, 0.68788702],       [0.47034396, 0.59658973],       [0.73001889, 0.41869634],       [0.12668526, 0.68270561],       [0.375206  , 0.2154762 ],       [0.13154152, 0.68667198],       [0.59824269, 0.67055267],       [0.47595346, 0.7118593 ],       [0.47227198, 0.52096069],       [0.13734528, 0.68027263],       [0.93062354, 0.0999063 ],       [1.        , 0.20065107],       [0.81790818, 0.61768976],       [0.50077489, 0.54076355],       [0.86858702, 0.46899536],       [0.82175356, 0.63772441]])
all_costs=array([-2.27758817, -1.7955157 , -2.03248731, -1.79230081, -1.88689915,       -1.85542169, -1.8727783 , -2.10073452, -2.15500538, -2.07892004,       -2.07892004, -2.        , -2.02426694, -1.92685274, -1.95698925,       -2.02426694, -2.08759124, -2.26727067, -1.80522994, -1.82497721,       -2.20727674, -1.96082272, -1.96082272, -2.15037594, -1.98414272,       -2.0746114 , -2.00802407, -1.95698925, -2.17372421, -2.14117647,       -2.0746114 , -2.18320611, -1.98414272, -1.87981221, -1.89403974,       -2.        , -1.8904627 , -1.99601196, -2.0746114 , -2.10073452,       -1.92315082, -2.04494382, -2.12752391, -1.92685274, -1.98021761,       -1.82497721, -2.05333333, -2.12752391, -2.15037594, -2.05755396,       -1.96853491, -2.50563204, -2.0746114 , -2.02426694, -1.84516129,       -2.004004  , -2.        , -2.13205538, -1.8519889 , -2.08759124,       -1.90485252, -2.17845484, -2.23188406, -1.98414272, -2.05755396,       -2.10515247, -2.12301166, -1.97241379, -1.9920398 , -2.08759124,       -1.91578947, -2.02018163, -2.19277108, -2.08324662, -2.07032058,       -1.98808342, -2.14117647, -1.94180407, -1.86232558, -2.02018163,       -1.85542169, -2.20242024, -2.004004  , -2.22197558, -1.95317073,       -2.05333333, -2.07892004, -2.15037594, -2.34701055, -2.17372421,       -1.9920398 , -2.20727674, -1.87628866, -2.11851852, -2.004004  ,       -2.09633508, -1.98414272, -2.09195402, -1.99601196, -2.0746114 ,       -1.94936709, -1.94936709, -1.87981221, -2.12752391, -2.08759124,       -1.80849142, -2.        , -2.10515247, -2.02018163, -2.07032058,       -2.15500538, -2.10958904, -2.12301166, -2.02426694, -1.89763033,       -1.8727783 , -2.27241771, -2.14117647, -1.93056895, -2.23188406])
all_uncers=array([1.e-08, 1.e-08, 1.e-08, 1.e-08, 1.e-08, 1.e-08, 1.e-08, 1.e-08,       1.e-08, 1.e-08, 1.e-08, 1.e-08, 1.e-08, 1.e-08, 1.e-08, 1.e-08,       1.e-08, 1.e-08, 1.e-08, 1.e-08, 1.e-08, 1.e-08, 1.e-08, 1.e-08,       1.e-08, 1.e-08, 1.e-08, 1.e-08, 1.e-08, 1.e-08, 1.e-08, 1.e-08,       1.e-08, 1.e-08, 1.e-08, 1.e-08, 1.e-08, 1.e-08, 1.e-08, 1.e-08,       1.e-08, 1.e-08, 1.e-08, 1.e-08, 1.e-08, 1.e-08, 1.e-08, 1.e-08,       1.e-08, 1.e-08, 1.e-08, 1.e-08, 1.e-08, 1.e-08, 1.e-08, 1.e-08,       1.e-08, 1.e-08, 1.e-08, 1.e-08, 1.e-08, 1.e-08, 1.e-08, 1.e-08,       1.e-08, 1.e-08, 1.e-08, 1.e-08, 1.e-08, 1.e-08, 1.e-08, 1.e-08,       1.e-08, 1.e-08, 1.e-08, 1.e-08, 1.e-08, 1.e-08, 1.e-08, 1.e-08,       1.e-08, 1.e-08, 1.e-08, 1.e-08, 1.e-08, 1.e-08, 1.e-08, 1.e-08,       1.e-08, 1.e-08, 1.e-08, 1.e-08, 1.e-08, 1.e-08, 1.e-08, 1.e-08,       1.e-08, 1.e-08, 1.e-08, 1.e-08, 1.e-08, 1.e-08, 1.e-08, 1.e-08,       1.e-08, 1.e-08, 1.e-08, 1.e-08, 1.e-08, 1.e-08, 1.e-08, 1.e-08,       1.e-08, 1.e-08, 1.e-08, 1.e-08, 1.e-08, 1.e-08, 1.e-08, 1.e-08])
bad_run_indexs=[]
best_cost=-2.5056320400500627
best_params=array([0.12713425, 0.68105226])
best_index=51
worst_cost=-1.7923008057296332
worst_index=3
cost_range=0.7133312343204294
costs_count=120
params_count=91
cost_scaler_init_index=3
net_0={'last_hyperfit': 0, 'last_net_reg': 1e-08, 'regularization_history': [1e-08], 'losses_list': [3.399113, 0.1869856, 0.06710101, 0.019198542, 0.00016020832, 0.0019033209, 0.001038007, 0.0003021434, 0.00015400794, 3.2636366e-05, 6.3725624e-06, 4.178541e-06, 1.8974131e-06, 7.282828e-07, 6.4648356e-07, 6.3264383e-07, 5.908194e-07, 5.683808e-07, 5.6088277e-07, 5.584501e-07, 5.5758574e-07, 5.57292e-07, 5.5719937e-07, 5.571764e-07, 5.5717123e-07, 5.571721e-07, 5.5717146e-07, 5.571712e-07, 5.5717106e-07, 5.5717106e-07, 2.8480072, 0.16635013, 0.081305735, 0.03497123, 0.012080702, 0.005689639, 0.0047758464, 0.0037706986, 0.0033816404, 0.003189923, 0.18755883, 0.08461805, 0.063199654, 0.0622138, 0.2064803, 0.1432928, 0.12730174, 0.11638004, 0.13995999, 0.137482, 0.28240317, 0.2415237, 0.22646956, 0.21858524, 0.21592028, 0.18953179, 0.17838041, 0.1714432, 0.18418716, 0.17212228, 0.21564765, 0.2517737, 0.24154067, 0.20947644, 0.20200203, 0.20395619, 0.20281717, 0.18972504, 0.20720485, 0.18014815, 0.17516997, 0.17209628, 0.15659215, 0.17301638, 0.21527597, 0.21900462, 0.25450337, 0.19293006, 0.180871, 0.18622503, 0.19479848, 0.18337607, 0.19725125, 0.19956121, 0.22767888, 0.18543503, 0.17778027, 0.16980979, 0.16673462, 0.15440497, 0.17102617, 0.14956114, 0.17682755, 0.18543208, 0.17916235, 0.15918116, 0.20363878, 0.16007206, 0.15575507, 0.15042984, 0.15497173, 0.14090548, 0.1461707, 0.1443391, 0.1480243, 0.13864616, 0.14983752, 0.1478046, 0.14518112, 0.13224503, 0.15782253, 0.15969391, 0.1700136, 0.13565405, 0.12768686, 0.12420512, 0.122759745, 0.11411436], 'scaler_samples': (array([[0.46114494, 0.69568071],       [0.05820971, 0.43205284],       [0.73785683, 0.32586775]]), array([-2.27758817, -1.7955157 , -2.03248731])), 'net': {'saver_path': './M-LOOP_archives/./neural_net_archive_2022-10-23_06-23_Cwbc0JJN.ckpt'}}
net_1={'last_hyperfit': 0, 'last_net_reg': 1e-08, 'regularization_history': [1e-08], 'losses_list': [0.9399751, 0.0056881243, 0.0031979596, 0.0006154731, 8.242297e-05, 9.286977e-05, 5.463637e-05, 0.00011429989, 0.00011213192, 6.460818e-05, 2.0306903e-05, 2.0227715e-06, 1.0931922e-06, 1.5560934e-06, 7.3077376e-07, 5.3769855e-07, 5.758228e-07, 5.321536e-07, 5.315396e-07, 5.297585e-07, 5.284222e-07, 5.2849316e-07, 5.282442e-07, 5.2825817e-07, 5.282441e-07, 5.2823714e-07, 5.282351e-07, 5.28233e-07, 5.2823157e-07, 5.2823026e-07, 0.43084186, 0.12339427, 0.01876898, 0.023043528, 0.0069612907, 0.004853487, 0.0027338655, 0.0019770851, 0.0013962829, 0.0011015156, 0.0008333557, 0.0006319582, 0.0004733468, 0.00034888164, 0.00025343485, 0.00018083186, 0.00012656259, 8.6903216e-05, 5.8534082e-05, 3.8704788e-05, 2.5158444e-05, 1.6116177e-05, 1.0214668e-05, 6.4398655e-06, 4.0754708e-06, 2.6221114e-06, 1.7451085e-06, 1.2267817e-06, 9.2264384e-07, 7.4827636e-07, 6.4945783e-07, 5.9429476e-07, 0.23788673, 0.10145602, 0.069113165, 0.060272794, 0.23808455, 0.13628308, 0.11754488, 0.10887564, 0.14452064, 0.13856584, 0.30105913, 0.2614877, 0.24519561, 0.23568277, 0.2635193, 0.20701231, 0.18768859, 0.17639768, 0.16958816, 0.1574647, 0.22615239, 0.23363103, 0.36702052, 0.21013033, 0.20066768, 0.19919549, 0.19680034, 0.1809269, 0.2105712, 0.16732815, 0.1573174, 0.14844917, 0.13002276, 0.14226882, 0.19872394, 0.17621157, 0.20667492, 0.16329397, 0.15351161, 0.14340617, 0.19834161, 0.16710635, 0.16035613, 0.15392186, 0.17395328, 0.17893918, 0.20164557, 0.16649675, 0.15597515, 0.15081589, 0.14341441, 0.1340719, 0.1422442, 0.13092175, 0.16176157, 0.16745105, 0.16562259, 0.15345214, 0.15696254, 0.14277834, 0.16594589, 0.13397601, 0.14221542, 0.13118386, 0.12912872, 0.1359826, 0.16193734, 0.12983835, 0.14836413, 0.13274667, 0.13191368, 0.12523241, 0.13492477, 0.14161468, 0.1439673, 0.12906867, 0.112982556, 0.10886708], 'scaler_samples': (array([[0.46114494, 0.69568071],       [0.05820971, 0.43205284],       [0.73785683, 0.32586775]]), array([-2.27758817, -1.7955157 , -2.03248731])), 'net': {'saver_path': './M-LOOP_archives/./neural_net_archive_2022-10-23_06-23_uQTIYy_h.ckpt'}}
net_2={'last_hyperfit': 0, 'last_net_reg': 1e-08, 'regularization_history': [1e-08], 'losses_list': [1.7379705, 0.14910437, 0.05960242, 0.016563796, 0.0061044693, 0.0028067508, 0.001196733, 0.0003204586, 3.4105677e-05, 7.1178033e-06, 1.1106408e-05, 2.8432592e-06, 1.0484109e-06, 1.2976708e-06, 6.896838e-07, 6.518912e-07, 5.649192e-07, 5.545134e-07, 5.480713e-07, 5.48922e-07, 5.477865e-07, 5.4765167e-07, 5.474638e-07, 5.4745783e-07, 5.474431e-07, 5.474376e-07, 5.474371e-07, 5.47437e-07, 5.474368e-07, 5.474368e-07, 0.66383153, 0.20715983, 0.021676641, 0.01978289, 0.008879603, 0.0038243204, 0.0030866533, 0.0016439763, 0.00093899027, 0.00054830575, 0.00029263206, 0.00014461504, 6.727001e-05, 2.9609148e-05, 1.244508e-05, 5.076634e-06, 2.1428637e-06, 1.0610518e-06, 6.9467615e-07, 5.834961e-07, 5.5396237e-07, 5.4762995e-07, 0.1970264, 0.09424019, 0.0635381, 0.060375728, 0.19529311, 0.14107214, 0.116204046, 0.108051814, 0.13475062, 0.1274703, 0.40365115, 0.25551146, 0.24066527, 0.22853751, 0.25436383, 0.19606738, 0.1814937, 0.16828993, 0.16954422, 0.1574962, 0.22761023, 0.23451383, 0.23664273, 0.20944974, 0.208125, 0.19388713, 0.1882508, 0.1853752, 0.22215314, 0.20060435, 0.1696567, 0.16467042, 0.15023275, 0.16255839, 0.23476379, 0.19286773, 0.19393519, 0.1837228, 0.16814573, 0.15999976, 0.19550923, 0.16046013, 0.15160115, 0.14647295, 0.15472728, 0.18226121, 0.18387425, 0.14475715, 0.14561991, 0.13596793, 0.13501911, 0.12500834, 0.14382775, 0.11982645, 0.1120972, 0.107782856, 0.13090466, 0.21136588, 0.16148525, 0.14936595, 0.12846267, 0.12791371, 0.140591, 0.11440557, 0.11611314, 0.102705605, 0.13432205, 0.15577674, 0.12070249, 0.11775633, 0.1239023, 0.101864055, 0.10480943, 0.09527597, 0.15713534, 0.1011137, 0.09203944, 0.07975542, 0.08972777, 0.07814189, 0.08721686, 0.16261993, 0.120108046, 0.09925108, 0.09510636, 0.08152196], 'scaler_samples': (array([[0.46114494, 0.69568071],       [0.05820971, 0.43205284],       [0.73785683, 0.32586775]]), array([-2.27758817, -1.7955157 , -2.03248731])), 'net': {'saver_path': './M-LOOP_archives/./neural_net_archive_2022-10-23_06-23_bx_qa9-8.ckpt'}}
