mloop_version='3.3.1'
archive_type='neural_net_learner'
num_params=2
min_boundary=array([0., 0.])
max_boundary=array([1., 1.])
start_datetime='2022-10-23_06-42'
param_names=['', '']
search_precision=1e-06
parameter_searches=10
bad_uncer_frac=0.1
trust_region=nan
has_trust_region=False
predict_global_minima_at_end=True
generation_num=3
update_hyperparameters=False
predicted_best_parameters=array([0.18466373, 0.16609455])
predicted_best_scaled_cost=-2.3706644
predicted_best_cost=-2.344073682750603
all_params=array([[0.16380117, 0.86890375],       [0.18769345, 0.22092785],       [0.45702334, 0.48584222],       [0.        , 0.        ],       [0.        , 0.        ],       [0.        , 0.        ],       [0.74760947, 0.07525954],       [0.19406225, 0.29196466],       [0.20039905, 0.26596827],       [0.35261284, 0.        ],       [0.15916246, 0.09890515],       [0.20110287, 0.14656812],       [0.19968963, 0.18645481],       [0.18632664, 0.16753481],       [0.06151087, 0.60751071],       [0.15755329, 0.23959936],       [0.16617431, 0.15840893],       [0.16740276, 0.20423118],       [0.88624924, 0.72047922],       [0.15887929, 0.15372616],       [0.18344254, 0.16311839],       [0.16218215, 0.19045966],       [0.78093116, 0.56948924],       [0.19216096, 0.20438914],       [0.18450126, 0.18941926],       [0.20534037, 0.21461547],       [0.38908973, 0.86290073],       [0.17729518, 0.17109736],       [0.18105845, 0.17043866],       [0.15335843, 0.16046942],       [0.99795898, 0.75925428],       [0.17578521, 0.16702441],       [0.17935844, 0.16655499],       [0.15934809, 0.15986082],       [0.3907132 , 0.36428234],       [0.16634563, 0.17537158],       [0.16754077, 0.15624543],       [0.1863673 , 0.16892942],       [0.00448312, 0.67967122],       [0.17352131, 0.1681496 ],       [0.1790774 , 0.16378343],       [0.17079556, 0.16446525],       [0.56452039, 0.48263731],       [0.17610904, 0.16468429],       [0.17836982, 0.16493743],       [0.17487024, 0.16458668],       [0.82384472, 0.87479325],       [0.17714636, 0.16679096],       [0.17982146, 0.16744544],       [0.17677921, 0.16673073],       [0.7492998 , 0.39160291],       [0.17224522, 0.16138531],       [0.18058401, 0.17277622],       [0.1802069 , 0.18392   ],       [0.99915793, 0.43646519],       [0.18056997, 0.15972709],       [0.17037356, 0.15786308],       [0.16895085, 0.15174348],       [0.67628197, 0.91513877],       [0.18119342, 0.1629145 ],       [0.18633077, 0.16359286],       [0.17881319, 0.16128137],       [0.8091373 , 0.16411166],       [0.18540125, 0.15732995],       [0.18838108, 0.15879174],       [0.18371043, 0.16220793],       [0.42060193, 0.19480135],       [0.18419284, 0.16595923],       [0.17740957, 0.14292396],       [0.16426864, 0.15653357],       [0.98144997, 0.28541271],       [0.18451856, 0.16661979],       [0.18567159, 0.16890586],       [0.16784698, 0.143524  ],       [0.9484471 , 0.73017904],       [0.18681957, 0.17124639],       [0.18561599, 0.16772047],       [0.18434311, 0.16912391],       [0.35074229, 0.45181079],       [0.18581306, 0.17335175],       [0.18696624, 0.17019541],       [0.18237565, 0.15938864],       [0.83586391, 0.17693552],       [0.19419312, 0.18093124],       [0.15683718, 0.1462552 ],       [0.18688493, 0.1657479 ],       [0.88755193, 0.55794649],       [0.96765797, 0.10575545],       [0.18586884, 0.17054439],       [1.        , 0.14519086],       [0.82429417, 0.59309868],       [0.18450754, 0.17009427],       [0.18502915, 0.16554132],       [0.18202356, 0.16505317],       [0.05606523, 0.08882627],       [0.18619124, 0.17099039],       [0.1881543 , 0.1721972 ],       [0.184006  , 0.16342051],       [0.3710771 , 0.1707893 ],       [0.19614962, 0.1707657 ],       [0.18514358, 0.17148006],       [0.18326202, 0.15604352],       [0.58522592, 0.48189532],       [0.96431243, 0.07057496],       [0.1838558 , 0.16697468],       [0.18486779, 0.17090776],       [0.52216724, 0.29844757],       [0.89351339, 0.12183446],       [0.1850897 , 0.17098091],       [0.18616203, 0.16695876],       [0.80588153, 0.62659096],       [0.18577282, 0.17102209],       [0.18461442, 0.16946044],       [0.18495471, 0.16546697],       [0.88131499, 0.13514619],       [0.18345147, 0.16487324],       [0.18640929, 0.16734424],       [0.1847829 , 0.16726219],       [0.68514218, 0.35887932],       [0.18509911, 0.16810604]])
all_costs=array([-2.08759124, -2.26727067, -2.11404435, -1.84176633, -1.84516129,       -1.8019802 , -1.98021761, -1.93804453, -2.04494382, -1.92685274,       -1.96082272, -1.94557823, -2.1596548 , -2.49315068, -2.17845484,       -2.004004  , -2.35806832, -2.11851852, -2.11404435, -2.00802407,       -2.11851852, -2.2121547 , -2.12301166, -2.04494382, -2.17372421,       -1.8904627 , -2.08759124, -2.06604747, -2.26214689, -2.2418813 ,       -1.91212989, -2.43256379, -2.10073452, -2.2418813 , -2.07032058,       -2.27758817, -2.4504284 , -2.38617402, -2.03248731, -2.35806832,       -2.15500538, -2.18797814, -1.90485252, -2.18320611, -2.21705426,       -2.23188406, -1.98414272, -2.15500538, -2.35806832, -2.330617  ,       -1.92685274, -2.33605601, -2.08759124, -2.01611279, -1.99601196,       -2.36923077, -1.93056895, -2.17845484, -2.10958904, -2.42666667,       -2.39187575, -2.48079306, -2.17845484, -2.04912999, -2.03662258,       -2.49937578, -1.97241379, -2.35252644, -2.04494382, -2.21705426,       -2.09195402, -2.35252644, -2.48695652, -2.32520325, -1.8727783 ,       -2.26727067, -2.43848965, -2.58990944, -1.92315082, -2.47466007,       -2.05755396, -2.15037594, -2.40914561, -2.0746114 , -2.18320611,       -2.42666667, -2.00802407, -2.2932417 , -2.45644172, -1.92685274,       -1.95317073, -2.18320611, -2.30379747, -2.23687151, -2.16432432,       -2.50563204, -2.13205538, -2.32520325, -1.97241379, -2.08759124,       -2.17845484, -2.29850746, -2.0120603 , -2.36363636, -2.35806832,       -2.20242024, -1.94557823, -2.01611279, -2.20242024, -2.35252644,       -2.09633508, -2.39760479, -2.32520325, -2.18797814, -2.08759124,       -2.2418813 , -2.20727674, -2.43256379, -2.14117647, -2.45644172])
all_uncers=array([1.e-08, 1.e-08, 1.e-08, 1.e-08, 1.e-08, 1.e-08, 1.e-08, 1.e-08,       1.e-08, 1.e-08, 1.e-08, 1.e-08, 1.e-08, 1.e-08, 1.e-08, 1.e-08,       1.e-08, 1.e-08, 1.e-08, 1.e-08, 1.e-08, 1.e-08, 1.e-08, 1.e-08,       1.e-08, 1.e-08, 1.e-08, 1.e-08, 1.e-08, 1.e-08, 1.e-08, 1.e-08,       1.e-08, 1.e-08, 1.e-08, 1.e-08, 1.e-08, 1.e-08, 1.e-08, 1.e-08,       1.e-08, 1.e-08, 1.e-08, 1.e-08, 1.e-08, 1.e-08, 1.e-08, 1.e-08,       1.e-08, 1.e-08, 1.e-08, 1.e-08, 1.e-08, 1.e-08, 1.e-08, 1.e-08,       1.e-08, 1.e-08, 1.e-08, 1.e-08, 1.e-08, 1.e-08, 1.e-08, 1.e-08,       1.e-08, 1.e-08, 1.e-08, 1.e-08, 1.e-08, 1.e-08, 1.e-08, 1.e-08,       1.e-08, 1.e-08, 1.e-08, 1.e-08, 1.e-08, 1.e-08, 1.e-08, 1.e-08,       1.e-08, 1.e-08, 1.e-08, 1.e-08, 1.e-08, 1.e-08, 1.e-08, 1.e-08,       1.e-08, 1.e-08, 1.e-08, 1.e-08, 1.e-08, 1.e-08, 1.e-08, 1.e-08,       1.e-08, 1.e-08, 1.e-08, 1.e-08, 1.e-08, 1.e-08, 1.e-08, 1.e-08,       1.e-08, 1.e-08, 1.e-08, 1.e-08, 1.e-08, 1.e-08, 1.e-08, 1.e-08,       1.e-08, 1.e-08, 1.e-08, 1.e-08, 1.e-08, 1.e-08, 1.e-08, 1.e-08])
bad_run_indexs=[]
best_cost=-2.589909443725744
best_params=array([0.18434311, 0.16912391])
best_index=77
worst_cost=-1.8019801980198018
worst_index=5
cost_range=0.7879292457059424
costs_count=120
params_count=91
cost_scaler_init_index=3
net_0={'last_hyperfit': 0, 'last_net_reg': 1e-08, 'regularization_history': [1e-08], 'losses_list': [0.5119147, 0.037956845, 0.013771581, 0.006051725, 0.0030014822, 0.0006502904, 0.00010478645, 3.9363083e-05, 9.7765815e-06, 4.361431e-06, 3.1135353e-06, 9.812461e-07, 8.1053076e-07, 5.4040487e-07, 5.4722864e-07, 5.3203576e-07, 5.3282554e-07, 5.287314e-07, 5.2567196e-07, 5.247622e-07, 5.243702e-07, 5.243129e-07, 5.243212e-07, 5.243087e-07, 5.2430426e-07, 5.2430335e-07, 5.243034e-07, 5.243033e-07, 5.2430323e-07, 5.2430323e-07, 13.638718, 1.1147277, 0.22030774, 0.07467728, 0.032442514, 0.03535706, 3.605818, 1.2935885, 0.91150224, 0.7306781, 0.5247552, 0.2410807, 0.02860262, 0.03850376, 0.01899312, 0.020575404, 2.668207, 2.1269333, 1.8844471, 1.759263, 2.6338062, 2.1157806, 1.5715228, 1.5863467, 1.8420545, 1.3698597, 1.2141259, 1.1786516, 2.206929, 1.7403305, 1.6218169, 1.5001218, 1.3967054, 1.3265035, 1.5157281, 1.9292352, 2.2317393, 1.6731954, 1.5262567, 1.4699502, 1.538272, 1.4017612, 1.3379694, 1.555626, 1.4982411, 1.5142477, 1.6413972, 1.5929022, 1.7073638, 1.6141826, 1.9741421, 2.1560094, 1.971907, 1.7467163, 1.7592922, 1.7272055, 1.8121923, 1.8803232, 2.1512957, 1.9925812, 2.3489828, 2.016763, 1.9125837, 2.0173974, 1.9132485, 1.9003309, 1.8464161, 1.7054825, 1.7853951, 2.4063218, 2.8673778, 2.1993692, 1.9471933, 1.7763398, 1.9834733, 1.6688668, 1.7641867, 1.6849196, 1.919957, 1.8965787, 1.7913947, 1.7494247, 1.7312852, 1.6707157], 'scaler_samples': (array([[0.16380117, 0.86890375],       [0.18769345, 0.22092785],       [0.45702334, 0.48584222]]), array([-2.08759124, -2.26727067, -2.11404435])), 'net': {'saver_path': './M-LOOP_archives/./neural_net_archive_2022-10-23_06-42_dsRjCM6H.ckpt'}}
net_1={'last_hyperfit': 0, 'last_net_reg': 1e-08, 'regularization_history': [1e-08], 'losses_list': [0.92591953, 0.36800736, 0.12504327, 0.021806335, 0.0011655345, 0.002019583, 0.0019441149, 0.00061806553, 3.6425896e-05, 4.9780276e-05, 1.0755816e-05, 7.0330966e-06, 3.188441e-06, 1.5981278e-06, 8.3872726e-07, 7.2045805e-07, 5.631009e-07, 5.507585e-07, 5.410463e-07, 5.3456927e-07, 5.340556e-07, 5.340222e-07, 5.338117e-07, 5.3379705e-07, 5.337794e-07, 5.337788e-07, 5.3377767e-07, 5.3377704e-07, 5.33777e-07, 5.3377676e-07, 15.869251, 1.4150229, 0.15090401, 0.07335105, 0.048957393, 0.040494885, 3.1269064, 1.0695233, 0.81588954, 0.57902485, 0.28033823, 0.06742751, 0.042477895, 0.029254925, 0.02341813, 0.020527963, 2.4838557, 1.9428693, 1.651443, 1.4544672, 1.241174, 1.0078312, 0.7889471, 0.6387632, 0.5334544, 0.43677804, 0.3270015, 0.2334604, 0.13708007, 0.08579042, 0.047383033, 0.03133982, 0.021758392, 0.016380046, 0.013690682, 0.01326442, 1.1618474, 2.3825688, 2.1936574, 1.1511747, 1.0111309, 1.0489334, 1.456059, 1.1841091, 1.1349092, 1.1203918, 1.3761157, 1.2586015, 1.5347546, 1.9833885, 2.353535, 1.6558577, 1.549155, 1.4786237, 1.5561384, 1.4202853, 1.382361, 1.4282016, 1.6712322, 1.4920208, 1.7248042, 1.6098627, 1.7695805, 1.6798595, 2.0826495, 2.8986013, 2.418815, 2.0027535, 1.9881387, 1.9015766, 1.8798859, 1.8733947, 1.9282094, 1.8234524, 1.9058623, 2.0940065, 3.0953546, 2.381238, 2.301668, 2.2353075, 2.3123438, 2.1630125, 2.0883603, 2.1527174, 2.1141653, 2.8712358, 2.1147091, 2.0406554, 1.967168, 1.8867142, 1.9365479, 1.8305573, 1.9868845, 2.1101303, 1.848166, 2.005064], 'scaler_samples': (array([[0.16380117, 0.86890375],       [0.18769345, 0.22092785],       [0.45702334, 0.48584222]]), array([-2.08759124, -2.26727067, -2.11404435])), 'net': {'saver_path': './M-LOOP_archives/./neural_net_archive_2022-10-23_06-42_eJBpggdA.ckpt'}}
net_2={'last_hyperfit': 0, 'last_net_reg': 1e-08, 'regularization_history': [1e-08], 'losses_list': [0.8123359, 0.16122115, 0.041605685, 0.011724841, 0.001982132, 0.0006768221, 0.0005931775, 0.0003470072, 0.00010530755, 5.7436082e-05, 2.6469379e-05, 3.351403e-06, 1.7309719e-06, 9.303572e-07, 9.834632e-07, 5.7387956e-07, 5.6039744e-07, 5.517804e-07, 5.383063e-07, 5.37937e-07, 5.369504e-07, 5.364024e-07, 5.364638e-07, 5.3638087e-07, 5.363715e-07, 5.3636904e-07, 5.3636865e-07, 5.3636796e-07, 5.36368e-07, 5.363678e-07, 11.857766, 0.73909086, 0.11551516, 0.083323285, 3.367064, 0.9963266, 0.82345414, 0.5890753, 0.31981435, 0.11160763, 0.034118127, 0.032389544, 0.023375351, 0.021100746, 3.1413455, 2.1051056, 1.7312815, 1.5616541, 2.0293741, 2.035198, 1.7128698, 1.5334257, 1.3514233, 1.3464237, 2.4294202, 1.8852668, 1.7798728, 1.661498, 1.5461096, 1.4564848, 1.6478195, 1.8471051, 2.0480144, 1.749669, 1.6494445, 1.4744706, 1.5325072, 1.386665, 1.2933173, 1.6323159, 1.9080107, 1.8714439, 1.6045637, 1.5210972, 1.7594154, 1.7086, 1.8113954, 1.7538719, 2.225027, 2.7746727, 2.4633822, 2.1338036, 2.2391136, 2.072639, 2.2424037, 2.12138, 2.201894, 2.479841, 2.3542597, 2.101715, 1.9030437, 2.8514574, 2.1105382, 1.8381166, 1.8108833, 1.9816854, 1.8841966, 2.7144265, 2.5239117, 1.9207779, 1.9530778, 1.9282042, 1.7812139, 1.7622621, 1.8074224, 1.9146985, 1.7567427, 2.1731408, 1.804112, 1.7398669], 'scaler_samples': (array([[0.16380117, 0.86890375],       [0.18769345, 0.22092785],       [0.45702334, 0.48584222]]), array([-2.08759124, -2.26727067, -2.11404435])), 'net': {'saver_path': './M-LOOP_archives/./neural_net_archive_2022-10-23_06-42_izjJ2R5p.ckpt'}}
