mloop_version='3.3.1'
archive_type='neural_net_learner'
num_params=6
min_boundary=array([0., 0., 0., 0., 0., 0.])
max_boundary=array([1., 1., 1., 1., 1., 1.])
start_datetime='2022-10-23_15-50'
param_names=['', '', '', '', '', '']
search_precision=1e-06
parameter_searches=10
bad_uncer_frac=0.1
trust_region=nan
has_trust_region=False
predict_global_minima_at_end=True
generation_num=3
update_hyperparameters=False
predicted_best_parameters=array([ 8.63707280e-01, -5.55111512e-17,  1.00000000e+00,  1.00000000e+00,        7.54728269e-01,  6.75109043e-01])
predicted_best_scaled_cost=-2.8385391
predicted_best_cost=-1.1605235075626523
all_params=array([[0.53693908, 0.05959108, 0.76187388, 0.50805823, 0.40242664,        0.93968821],       [0.2584746 , 0.78745151, 0.45506615, 0.19902907, 0.28750533,        0.15957962],       [0.28411635, 0.54551454, 0.68734502, 0.31083344, 0.72849651,        0.35429545],       [0.92707965, 0.        , 1.        , 0.        , 0.        ,        0.40466498],       [0.99597998, 1.        , 0.43776962, 1.        , 1.        ,        0.48742279]])
all_costs=array([-1.1266179 , -1.10914127, -1.07924528, -1.08745247, -1.08274743])
all_uncers=array([1.e-08, 1.e-08, 1.e-08, 1.e-08, 1.e-08])
bad_run_indexs=[]
best_cost=-1.1266178953292065
best_params=array([0.53693908, 0.05959108, 0.76187388, 0.50805823, 0.40242664,       0.93968821])
best_index=0
worst_cost=-1.079245283018868
worst_index=2
cost_range=0.047372612310338624
costs_count=5
params_count=4
cost_scaler_init_index=3
net_0={'last_hyperfit': 0, 'last_net_reg': 1e-08, 'regularization_history': [1e-08], 'losses_list': [0.4980401, 0.06696683, 0.032004267, 0.013689504, 0.005028189, 0.001612192, 0.0005646337, 0.00024576767, 9.135536e-05, 2.4863917e-05, 1.5452719e-05, 4.7309973e-06, 2.1985097e-06, 6.8203985e-07, 6.144099e-07, 5.942355e-07, 5.677044e-07, 5.509877e-07, 5.4585905e-07, 5.460746e-07, 5.457884e-07, 5.45397e-07, 5.453324e-07, 5.453132e-07, 5.4530426e-07, 5.453019e-07, 5.453009e-07, 5.4530096e-07, 5.453004e-07, 5.453006e-07, 8.995201, 0.24648033, 0.11828419, 0.02528777, 0.0030637253, 0.006894805, 0.0026622645, 0.00015667881, 0.00015279136, 0.00012283034, 3.0082645e-05, 3.4254372e-06, 2.1178678e-06, 2.1511169e-06, 1.2139066e-06, 6.8658164e-07, 5.5974056e-07, 5.4866274e-07], 'scaler_samples': (array([[0.53693908, 0.05959108, 0.76187388, 0.50805823, 0.40242664,        0.93968821],       [0.2584746 , 0.78745151, 0.45506615, 0.19902907, 0.28750533,        0.15957962],       [0.28411635, 0.54551454, 0.68734502, 0.31083344, 0.72849651,        0.35429545]]), array([-1.1266179 , -1.10914127, -1.07924528])), 'net': {'saver_path': './M-LOOP_archives/./neural_net_archive_2022-10-23_15-50_SSJpkApP.ckpt'}}
net_1={'last_hyperfit': 0, 'last_net_reg': 1e-08, 'regularization_history': [1e-08], 'losses_list': [0.25121707, 0.0035147562, 0.0011489053, 0.0016629236, 0.0013458584, 0.0006088106, 0.00025225547, 8.82086e-05, 2.3129694e-05, 5.8366804e-06, 8.906818e-07, 7.810274e-07, 1.0032768e-06, 7.9135503e-07, 5.9153e-07, 5.3912004e-07, 5.438811e-07, 5.419172e-07, 5.3822225e-07, 5.381653e-07, 5.381277e-07, 5.379549e-07, 5.3796293e-07, 5.379548e-07, 5.3795145e-07, 5.3795e-07, 5.379496e-07, 5.3794935e-07, 5.379493e-07, 5.379494e-07], 'scaler_samples': (array([[0.53693908, 0.05959108, 0.76187388, 0.50805823, 0.40242664,        0.93968821],       [0.2584746 , 0.78745151, 0.45506615, 0.19902907, 0.28750533,        0.15957962],       [0.28411635, 0.54551454, 0.68734502, 0.31083344, 0.72849651,        0.35429545]]), array([-1.1266179 , -1.10914127, -1.07924528])), 'net': {'saver_path': './M-LOOP_archives/./neural_net_archive_2022-10-23_15-50_OClGXR1k.ckpt'}}
net_2={'last_hyperfit': 0, 'last_net_reg': 1e-08, 'regularization_history': [1e-08], 'losses_list': [3.7779973, 0.31085554, 0.100171044, 0.03594333, 0.011367883, 0.002556493, 0.00048270042, 0.00018747919, 0.000110182475, 5.3642812e-05, 2.1967078e-05, 8.200827e-06, 2.9442044e-06, 1.1520693e-06, 6.7444364e-07, 5.964253e-07, 5.763565e-07, 5.49951e-07, 5.332931e-07, 5.29902e-07, 5.30076e-07, 5.296723e-07, 5.2935883e-07, 5.2932637e-07, 5.2931966e-07, 5.293112e-07, 5.293083e-07, 5.293077e-07, 5.293074e-07, 5.293074e-07], 'scaler_samples': (array([[0.53693908, 0.05959108, 0.76187388, 0.50805823, 0.40242664,        0.93968821],       [0.2584746 , 0.78745151, 0.45506615, 0.19902907, 0.28750533,        0.15957962],       [0.28411635, 0.54551454, 0.68734502, 0.31083344, 0.72849651,        0.35429545]]), array([-1.1266179 , -1.10914127, -1.07924528])), 'net': {'saver_path': './M-LOOP_archives/./neural_net_archive_2022-10-23_15-50_XdsHYMDe.ckpt'}}
