mloop_version='3.3.1'
archive_type='neural_net_learner'
num_params=2
min_boundary=array([0., 0.])
max_boundary=array([1., 1.])
start_datetime='2022-10-23_12-03'
param_names=['', '']
search_precision=1e-06
parameter_searches=10
bad_uncer_frac=0.1
trust_region=nan
has_trust_region=False
predict_global_minima_at_end=True
generation_num=3
update_hyperparameters=False
predicted_best_parameters=array([0.81125216, 0.81163101])
predicted_best_scaled_cost=-6.8922048
predicted_best_cost=-4.192726628256693
all_params=array([[0.81586176, 0.86248352],       [0.04741685, 0.1838879 ],       [0.85006539, 0.16630566],       [0.67788498, 1.        ],       [1.        , 0.84499588],       [1.        , 1.        ],       [0.43984543, 0.87026423],       [0.79600824, 0.87204457],       [0.70930882, 0.72159926],       [0.75158284, 0.74001415],       [0.16226779, 0.25845533],       [0.8525533 , 1.        ],       [1.        , 0.        ],       [0.85577391, 1.        ],       [0.29037152, 0.79110792],       [0.82029197, 0.83128815],       [0.84479954, 0.89079501],       [0.81956308, 0.67467498],       [0.48342297, 0.48991942],       [0.74099046, 0.14259983],       [0.72247253, 0.19873086],       [0.69385284, 0.22110625],       [0.56738455, 0.37426914],       [0.8186225 , 0.80701402],       [0.81323851, 0.81918705],       [0.80886633, 0.79990153],       [0.44906105, 0.73036802],       [0.81364243, 0.82565997],       [0.8194508 , 0.82760696],       [0.82011821, 0.84690137],       [0.23051295, 0.91557917],       [0.81043127, 0.82127339],       [0.82460206, 0.82558688],       [0.81518791, 0.82474045],       [0.40359287, 0.9280092 ],       [0.81006193, 0.82207598],       [0.80921231, 0.79749271],       [0.82052808, 0.37670653],       [0.19666937, 0.41194552],       [0.81376882, 0.81896379],       [0.03040017, 1.        ],       [0.85461384, 0.16881965],       [0.66115527, 0.77494939],       [0.81105467, 0.81890478],       [0.89678577, 0.191094  ],       [0.81240945, 0.82675969],       [0.37697388, 0.35876661],       [0.89439165, 0.19918034],       [0.90710825, 0.20235758],       [0.81131987, 0.82291655],       [0.48938283, 0.56734322],       [0.08850784, 0.06163378],       [0.87969762, 0.17111612],       [0.80506528, 0.80121497],       [0.77738136, 0.75566827],       [0.81134559, 0.82062049],       [0.83373463, 0.13340384],       [0.8836293 , 0.17303562],       [0.50830618, 0.87658569],       [0.86907446, 0.18402818],       [0.86074294, 0.16114884],       [0.86301408, 0.1867985 ],       [0.21064905, 0.39172753],       [0.86441261, 0.18892306],       [0.8522353 , 0.16983882],       [0.85372228, 0.17028636],       [0.18343727, 0.05411589],       [0.81218536, 0.81752393],       [0.80061342, 0.82728653],       [0.80538093, 0.76023242],       [0.30321464, 0.4925957 ],       [0.80988999, 0.81449315],       [0.88165345, 0.16339178],       [0.88062083, 0.13871555],       [0.99528145, 0.37128539],       [0.87748919, 0.1509256 ],       [0.88713641, 0.14735386],       [0.81079562, 0.83481322],       [0.60483533, 0.90856191],       [0.8105699 , 0.81750791],       [0.8802037 , 0.14446086],       [0.87675721, 0.12746733],       [0.99368165, 0.32338061],       [0.81197667, 0.81636348],       [0.80024534, 0.8145731 ],       [0.87161291, 0.14916841],       [0.13883348, 0.58787429],       [0.93942843, 0.59768178],       [0.81154042, 0.81989667],       [0.81020981, 0.82143172],       [0.5321093 , 0.30496611],       [0.81185837, 0.81560598],       [0.86415118, 0.15546568],       [0.81068154, 0.82041779],       [0.29413743, 0.65889524],       [0.80970228, 0.81517025],       [0.8094429 , 0.81566061],       [0.81084487, 0.81647243],       [0.53280967, 0.21451361],       [0.81094904, 0.81595841],       [0.80652276, 0.81507663],       [0.81250116, 0.81557998],       [0.76178706, 0.28173521],       [0.8119936 , 0.8170617 ],       [0.81406899, 0.81742073],       [0.81243735, 0.81543743],       [0.49381482, 0.28724628],       [0.81117735, 0.81198866],       [0.81253799, 0.81779898],       [0.81113903, 0.81357096],       [0.17988603, 0.51751437],       [0.81216236, 0.81145899],       [0.81091201, 0.81568423],       [0.81104184, 0.8135298 ],       [0.94603463, 0.45254853],       [0.81171642, 0.81264409],       [0.80992285, 0.81395049],       [0.79720658, 0.81642646],       [0.74898289, 0.37265346],       [0.8111543 , 0.81007023]])
all_costs=array([-3.91780822, -3.79886148, -3.85741811, -3.16271722, -2.88057554,       -2.89725036, -3.19298246, -3.32006633, -3.02874433, -3.00149925,       -3.65996344, -3.02874433, -2.91411936, -3.25528455, -3.15275591,       -4.34273319, -3.33111481, -3.24473258, -3.22383253, -3.58139535,       -3.30909091, -3.46967071, -3.11353033, -3.41056218, -4.34273319,       -3.01052632, -2.72380952, -3.70055453, -3.56862745, -3.36470588,       -3.72811918, -4.16216216, -3.45768566, -3.75609756, -3.28735632,       -3.68692449, -2.93979442, -3.32006633, -3.16271722, -4.36165577,       -2.91411936, -4.09406953, -3.23424879, -3.84261036, -4.02816901,       -3.72811918, -2.70175439, -3.48173913, -3.06584992, -3.75609756,       -3.38747885, -3.45768566, -4.19706499, -3.56862745, -3.02874433,       -4.32397408, -3.77024482, -3.54336283, -3.25528455, -3.64663024,       -4.34273319, -4.21473684, -3.38747885, -3.84261036, -3.55595027,       -3.37605396, -3.48173913, -3.84261036, -3.54336283, -3.14285714,       -2.93118594, -3.99600798, -3.90253411, -4.23255814, -3.45768566,       -4.07739308, -3.75609756, -4.06085193, -3.06584992, -4.16216216,       -3.6733945 , -3.5061296 , -2.88888889, -4.32397408, -3.48173913,       -3.77024482, -3.5061296 , -3.33111481, -3.4938918 , -4.17954071,       -3.01052632, -4.34273319, -3.43396226, -3.58139535, -3.39898132,       -4.06085193, -3.96435644, -4.32397408, -3.48173913, -4.26865672,       -3.72811918, -4.38074398, -3.39898132, -4.36165577, -3.90253411,       -4.34273319, -3.42222222, -4.02816901, -4.02816901, -4.4       ,       -4.11088296, -4.30537634, -4.62355658, -3.81333333, -2.93118594,       -4.4787472 , -4.30537634, -3.99600798, -2.93979442, -4.02816901])
all_uncers=array([1.e-08, 1.e-08, 1.e-08, 1.e-08, 1.e-08, 1.e-08, 1.e-08, 1.e-08,       1.e-08, 1.e-08, 1.e-08, 1.e-08, 1.e-08, 1.e-08, 1.e-08, 1.e-08,       1.e-08, 1.e-08, 1.e-08, 1.e-08, 1.e-08, 1.e-08, 1.e-08, 1.e-08,       1.e-08, 1.e-08, 1.e-08, 1.e-08, 1.e-08, 1.e-08, 1.e-08, 1.e-08,       1.e-08, 1.e-08, 1.e-08, 1.e-08, 1.e-08, 1.e-08, 1.e-08, 1.e-08,       1.e-08, 1.e-08, 1.e-08, 1.e-08, 1.e-08, 1.e-08, 1.e-08, 1.e-08,       1.e-08, 1.e-08, 1.e-08, 1.e-08, 1.e-08, 1.e-08, 1.e-08, 1.e-08,       1.e-08, 1.e-08, 1.e-08, 1.e-08, 1.e-08, 1.e-08, 1.e-08, 1.e-08,       1.e-08, 1.e-08, 1.e-08, 1.e-08, 1.e-08, 1.e-08, 1.e-08, 1.e-08,       1.e-08, 1.e-08, 1.e-08, 1.e-08, 1.e-08, 1.e-08, 1.e-08, 1.e-08,       1.e-08, 1.e-08, 1.e-08, 1.e-08, 1.e-08, 1.e-08, 1.e-08, 1.e-08,       1.e-08, 1.e-08, 1.e-08, 1.e-08, 1.e-08, 1.e-08, 1.e-08, 1.e-08,       1.e-08, 1.e-08, 1.e-08, 1.e-08, 1.e-08, 1.e-08, 1.e-08, 1.e-08,       1.e-08, 1.e-08, 1.e-08, 1.e-08, 1.e-08, 1.e-08, 1.e-08, 1.e-08,       1.e-08, 1.e-08, 1.e-08, 1.e-08, 1.e-08, 1.e-08, 1.e-08, 1.e-08])
bad_run_indexs=[]
best_cost=-4.623556581986144
best_params=array([0.81091201, 0.81568423])
best_index=112
worst_cost=-2.7017543859649127
worst_index=46
cost_range=1.9218021960212317
costs_count=120
params_count=91
cost_scaler_init_index=3
net_0={'last_hyperfit': 0, 'last_net_reg': 1e-08, 'regularization_history': [1e-08], 'losses_list': [1.4627424, 0.0930162, 0.03449535, 0.0132355485, 0.0020051843, 0.00061547774, 0.00060878706, 0.00028632037, 7.2543946e-05, 1.3184759e-05, 5.33295e-06, 2.0864481e-06, 7.711547e-07, 7.514768e-07, 5.776218e-07, 5.638558e-07, 5.4954097e-07, 5.450948e-07, 5.44015e-07, 5.4351665e-07, 5.4325994e-07, 5.431754e-07, 5.430833e-07, 5.4306236e-07, 5.430529e-07, 5.430496e-07, 5.430494e-07, 5.43049e-07, 5.430489e-07, 5.430487e-07, 172.85326, 57.85945, 34.974545, 23.790962, 12.395179, 3.3726332, 0.07489468, 0.09520068, 0.01888342, 0.004593725, 0.003710029, 0.00039310928, 0.00042357182, 0.0001108909, 4.3720356e-05, 2.6347636e-05, 2.4573121e-06, 2.902139e-06, 1.2869957e-06, 6.718211e-07, 6.9258203e-07, 5.953745e-07, 85.041466, 28.21398, 19.007582, 8.75697, 5.657778, 4.2016478, 2.766929, 1.4221964, 0.42041415, 0.09379998, 0.025486264, 0.00938546, 0.0077596065, 0.0031536617, 0.0009683729, 0.00038151222, 8.261425e-05, 1.2205594e-05, 1.5683774e-05, 5.299178e-06, 1.8144682e-06, 1.2502417e-06, 6.694269e-07, 7.1402394e-07, 6.27917e-07, 6.0756514e-07, 77.438644, 17.27017, 11.37731, 6.7801323, 4.497654, 2.7993143, 1.6587155, 1.0838796, 0.86494905, 0.8153357, 26.844103, 31.637445, 29.447826, 12.9448, 9.299519, 7.878363, 6.295126, 5.3195386, 4.66073, 3.9199412, 3.6092877, 2.7565663, 2.3208992, 2.2976193, 29.372726, 15.796381, 21.48672, 16.345016, 12.338007, 8.283229, 5.101868, 3.6249292, 2.4043918, 1.7002257, 2.1293976, 1.652421, 21.510721, 11.459371, 10.986158, 10.8647785, 14.745196, 22.782387, 14.113777, 12.564149, 12.094835, 11.51856, 16.692616, 12.511989, 12.04029, 11.858237, 12.369463, 11.34919, 22.89566, 33.437717, 37.304676, 30.911396, 27.089167, 22.256327, 19.6395, 18.811588, 14.527071, 14.575444, 16.268599, 14.673993, 15.890755, 15.864983, 20.350056, 20.02848, 20.730986, 16.99917, 16.316317, 15.23887, 16.737455, 16.036972, 17.553297, 19.300135, 21.422382, 18.963669, 21.02115, 17.346626, 16.742691, 19.717697, 18.717531, 18.361698, 17.742834, 17.672989, 18.17827, 17.379189, 17.44812, 20.337065, 16.636307, 16.725857, 20.45107, 18.74044, 19.48112, 29.187122, 20.586899, 17.078857], 'scaler_samples': (array([[0.81586176, 0.86248352],       [0.04741685, 0.1838879 ],       [0.85006539, 0.16630566]]), array([-3.91780822, -3.79886148, -3.85741811])), 'net': {'saver_path': './M-LOOP_archives/./neural_net_archive_2022-10-23_12-03_9Dr3rmMh.ckpt'}}
net_1={'last_hyperfit': 0, 'last_net_reg': 1e-08, 'regularization_history': [1e-08], 'losses_list': [3.8046734, 0.26851857, 0.07328929, 0.05034073, 0.020753557, 0.005699598, 0.002223577, 0.00049938966, 0.00011792043, 7.7390905e-05, 3.210084e-05, 9.394823e-06, 3.9426877e-06, 2.3042562e-06, 1.2550698e-06, 7.211382e-07, 5.5928786e-07, 5.38305e-07, 5.38779e-07, 5.3566896e-07, 5.3305314e-07, 5.324096e-07, 5.323641e-07, 5.3230445e-07, 5.3227126e-07, 5.3226165e-07, 5.322593e-07, 5.322591e-07, 5.3225875e-07, 5.3225875e-07, 174.87476, 55.279068, 30.154617, 13.053886, 2.572647, 0.1415423, 0.11031197, 0.039810695, 0.023740528, 0.006391949, 0.0025365707, 0.0005244016, 0.00024585458, 6.302415e-05, 3.9208404e-05, 1.32775085e-05, 6.7294036e-06, 1.8508872e-06, 8.666578e-07, 5.645468e-07, 6.1538066e-07, 5.823111e-07, 105.91028, 31.848099, 23.917093, 18.651342, 14.805729, 11.829982, 9.232655, 6.9136786, 4.757017, 2.7402163, 0.9965096, 0.11489399, 0.00962341, 0.03417814, 29.957693, 5.853115, 1.2283787, 0.61126214, 0.42067465, 0.32787588, 0.2743966, 0.25281107, 16.154066, 42.84379, 32.474976, 16.556635, 12.798402, 10.788926, 7.803577, 6.1820617, 7.6362, 3.9696326, 3.1315823, 2.5959163, 2.0840423, 2.0930235, 23.875828, 12.155266, 7.5630817, 5.0613093, 3.7099307, 17.23209, 32.378952, 15.593495, 12.741109, 11.694078, 20.850254, 17.19077, 39.582706, 30.22991, 27.633095, 26.14352, 36.632866, 26.994368, 24.08186, 21.185038, 20.753277, 16.15838, 14.879723, 14.045946, 24.100824, 42.207954, 37.82646, 30.299286, 27.631008, 25.52257, 27.753721, 24.894386, 25.09304, 22.645979, 24.268396, 24.311148, 27.092796, 22.15872, 22.351797, 19.875349, 19.501602, 17.992538, 18.236313, 16.826748, 17.367373, 19.026566, 19.184435, 18.07846, 19.484892, 17.737715, 19.835018, 19.16893, 21.092203, 19.97072, 22.591866, 19.36892, 18.73494, 19.435656, 20.443674, 18.596693, 21.366186, 22.945335, 21.798237, 25.20696], 'scaler_samples': (array([[0.81586176, 0.86248352],       [0.04741685, 0.1838879 ],       [0.85006539, 0.16630566]]), array([-3.91780822, -3.79886148, -3.85741811])), 'net': {'saver_path': './M-LOOP_archives/./neural_net_archive_2022-10-23_12-03_tkkxAygm.ckpt'}}
net_2={'last_hyperfit': 0, 'last_net_reg': 1e-08, 'regularization_history': [1e-08], 'losses_list': [0.1786539, 0.05598776, 0.01627255, 0.006745283, 0.0028101616, 0.0009938756, 0.000318894, 0.00013552645, 5.892822e-05, 1.481616e-05, 5.0100016e-06, 1.732907e-06, 5.9652626e-07, 6.704142e-07, 6.074759e-07, 5.7979787e-07, 5.433808e-07, 5.384395e-07, 5.3924083e-07, 5.381644e-07, 5.3779195e-07, 5.378074e-07, 5.377598e-07, 5.3774835e-07, 5.377446e-07, 5.377441e-07, 5.377439e-07, 5.377437e-07, 5.377435e-07, 5.3774363e-07, 181.01128, 39.595745, 40.167862, 27.953033, 12.741424, 0.91243625, 0.22798885, 0.08388812, 0.0161318, 0.007623673, 0.0014323799, 0.0016630698, 0.00020250234, 0.00012225423, 2.1521424e-05, 1.8189186e-05, 6.521582e-06, 2.6481875e-06, 9.74466e-07, 7.7385783e-07, 6.37155e-07, 6.177915e-07, 96.3646, 30.200287, 20.569504, 11.414873, 7.872471, 5.852552, 4.404648, 3.0744083, 1.7105658, 0.59965235, 0.07570896, 0.0080271, 0.01570879, 0.0056406045, 0.001676552, 0.00023538865, 0.00016244058, 0.00011984728, 6.9162825e-06, 7.050091e-06, 4.476621e-06, 1.6582512e-06, 8.257997e-07, 7.0107836e-07, 6.94059e-07, 6.2002266e-07, 64.44006, 12.510536, 8.889167, 6.569174, 4.6163774, 3.192665, 2.0079677, 1.1912606, 0.82949615, 0.7707313, 31.645643, 33.747166, 27.648336, 14.495025, 9.935342, 7.3697505, 6.027156, 4.600157, 3.7991493, 3.0969892, 2.459006, 2.6143506, 1.6750381, 1.3435298, 1.2276443, 1.0411452, 0.9253951, 0.78403425, 46.721367, 22.018213, 16.372787, 15.94291, 11.867358, 9.334192, 25.36798, 17.471052, 14.6697855, 13.438946, 16.934525, 26.926712, 34.872837, 22.249887, 20.069609, 17.400915, 28.026062, 18.271715, 16.855522, 15.403801, 14.111563, 13.003502, 19.370474, 25.077938, 16.920725, 16.96668, 35.66208, 15.783964, 14.743716, 16.043192, 13.159911, 12.7450075, 17.10546, 14.308738, 14.086629, 13.306663, 14.67537, 14.093248, 16.91854, 36.411007, 34.325516, 26.91447, 24.35988, 21.43303, 19.430614, 19.27578, 27.332489, 17.124788, 17.267967, 15.859185, 17.560007, 23.844427, 23.572273, 17.619896, 18.866089, 17.361893, 18.61295, 18.219564, 17.731493, 22.482258, 18.41192, 17.826107, 17.230843, 16.885553, 16.907808, 16.664999, 19.184679, 30.867968, 37.963684, 28.437689, 29.650185, 25.109724], 'scaler_samples': (array([[0.81586176, 0.86248352],       [0.04741685, 0.1838879 ],       [0.85006539, 0.16630566]]), array([-3.91780822, -3.79886148, -3.85741811])), 'net': {'saver_path': './M-LOOP_archives/./neural_net_archive_2022-10-23_12-03_uqxRFzHI.ckpt'}}
