mloop_version='3.3.1'
archive_type='neural_net_learner'
num_params=2
min_boundary=array([0., 0.])
max_boundary=array([1., 1.])
start_datetime='2022-10-23_09-53'
param_names=['', '']
search_precision=1e-06
parameter_searches=10
bad_uncer_frac=0.1
trust_region=nan
has_trust_region=False
predict_global_minima_at_end=True
generation_num=3
update_hyperparameters=False
predicted_best_parameters=array([0.85988547, 0.11906028])
predicted_best_scaled_cost=-3.5700004
predicted_best_cost=-3.0127616645564483
all_params=array([[8.25467915e-01, 2.40237835e-01],       [8.65438661e-01, 1.69422728e-01],       [7.78843112e-01, 9.89903705e-01],       [1.00000000e+00, 5.55111512e-17],       [1.00000000e+00, 3.62281039e-01],       [1.00000000e+00, 5.55111512e-17],       [4.23141881e-01, 6.93178589e-01],       [8.62077800e-01, 1.08819831e-01],       [8.60578685e-01, 2.18567907e-01],       [8.64639762e-01, 5.78065803e-02],       [6.67417409e-01, 3.83340776e-01],       [8.56442703e-01, 1.66372230e-01],       [8.49614772e-01, 1.74233975e-01],       [8.56696878e-01, 1.16050789e-01],       [1.12246529e-01, 9.80427619e-01],       [8.54358995e-01, 2.70662275e-02],       [8.53020582e-01, 3.19983224e-02],       [8.54360927e-01, 5.55111512e-17],       [7.55366221e-01, 1.28710562e-01],       [8.56385442e-01, 1.61079920e-01],       [8.57145061e-01, 1.25926555e-01],       [8.54632323e-01, 1.92370489e-01],       [1.94589184e-01, 7.16601406e-01],       [8.57530852e-01, 1.36743755e-01],       [8.57307307e-01, 1.33034187e-01],       [8.57495770e-01, 1.18121054e-01],       [4.00624884e-01, 4.40496036e-01],       [0.00000000e+00, 6.53284773e-01],       [0.00000000e+00, 5.55111512e-17],       [0.00000000e+00, 1.00000000e+00],       [1.16940980e-02, 1.69165092e-01],       [8.56665229e-01, 1.46372832e-01],       [8.56174019e-01, 1.40269688e-01],       [8.56441077e-01, 1.15125956e-01],       [3.56258754e-01, 3.78690388e-02],       [8.58335093e-01, 1.28140854e-01],       [0.00000000e+00, 9.39681464e-01],       [8.56530623e-01, 1.13310946e-01],       [5.02144493e-01, 6.65363493e-01],       [8.58423311e-01, 1.72489094e-01],       [8.57809062e-01, 1.72707249e-01],       [8.56600377e-01, 1.24808574e-01],       [9.07118504e-01, 9.97616286e-01],       [8.58137188e-01, 1.82642030e-01],       [8.58544376e-01, 1.87873973e-01],       [8.56441201e-01, 1.47663473e-01],       [8.73434571e-01, 8.29943435e-01],       [8.57229791e-01, 1.45642454e-01],       [7.34431567e-01, 5.55111512e-17],       [8.56744579e-01, 1.31309437e-01],       [5.78540701e-01, 4.28849358e-01],       [8.55868293e-01, 1.40655360e-01],       [8.56716719e-01, 1.09053103e-01],       [8.55907324e-01, 1.44197618e-01],       [6.97526179e-01, 1.16878617e-01],       [8.56053137e-01, 1.39208642e-01],       [8.55126306e-01, 1.52341585e-01],       [8.56685124e-01, 1.30025935e-01],       [9.89668118e-01, 2.99801017e-01],       [7.48142872e-01, 2.16674787e-01],       [8.54252219e-01, 1.49351775e-01],       [7.62437800e-01, 2.28361440e-01],       [9.80773653e-01, 5.53690474e-01],       [8.55247587e-01, 1.43335489e-01],       [6.81921426e-01, 9.31258816e-02],       [6.86638108e-01, 5.99612918e-02],       [5.25883528e-01, 2.36160676e-01],       [8.55825557e-01, 1.51683657e-01],       [8.57256465e-01, 1.71832359e-01],       [8.56178401e-01, 1.44512573e-01],       [1.62338705e-01, 1.29261901e-01],       [7.30625344e-01, 2.07455291e-01],       [7.39250639e-01, 1.81919110e-01],       [8.55864492e-01, 1.44673972e-01],       [3.30008571e-02, 7.91565064e-01],       [8.61558560e-01, 2.84862321e-01],       [7.40363404e-01, 1.58750222e-01],       [8.56099679e-01, 1.49228993e-01],       [8.08699427e-01, 9.56372216e-01],       [8.57919431e-01, 1.14854368e-01],       [8.57607657e-01, 1.09006895e-01],       [8.55911797e-01, 1.46641098e-01],       [4.74913175e-02, 4.73829001e-01],       [8.58390532e-01, 1.05949171e-01],       [7.38310545e-01, 1.68638239e-01],       [7.18306644e-01, 5.55111512e-17],       [6.30296395e-01, 3.51758497e-01],       [8.58621357e-01, 1.07007933e-01],       [8.57322484e-01, 1.13370683e-01],       [7.36421688e-01, 1.39126415e-01],       [5.09515791e-01, 9.55826497e-01],       [8.57914198e-01, 1.12417747e-01],       [8.57423797e-01, 1.10582020e-01],       [8.58007562e-01, 1.02227674e-01],       [8.53873103e-01, 9.51127071e-01],       [7.06938868e-01, 1.71804243e-01],       [8.57159289e-01, 1.19304192e-01],       [8.57604138e-01, 9.49554185e-02],       [9.14383418e-02, 7.47472268e-01],       [8.57100506e-01, 1.03291681e-01],       [8.53509160e-01, 1.45327559e-01],       [8.55869098e-01, 1.68464621e-01],       [8.16186994e-02, 2.05849121e-01],       [8.57827391e-01, 1.19276078e-01],       [8.54843516e-01, 1.60979589e-01],       [8.55337687e-01, 1.61389365e-01],       [7.04808701e-01, 2.19603254e-01],       [8.57893000e-01, 1.18048022e-01],       [8.57866965e-01, 1.22174076e-01],       [8.54337237e-01, 1.73452556e-01],       [3.42241002e-01, 2.53060447e-01],       [8.58588051e-01, 1.19321192e-01],       [8.57592291e-01, 1.21504618e-01],       [8.56569669e-01, 1.39881161e-01],       [8.59282891e-01, 6.15435448e-01],       [8.59168288e-01, 1.12561910e-01],       [8.58121308e-01, 1.80338197e-01],       [1.00000000e+00, 6.68265374e-01],       [7.49504449e-02, 5.85494506e-01],       [8.59510295e-01, 1.17072249e-01]])
all_costs=array([-2.34701055, -2.61016949, -2.17845484, -2.10515247, -2.2932417 ,       -2.11851852, -2.35252644, -2.76137931, -2.94845361, -2.31445087,       -2.27758817, -3.17274168, -2.55031847, -3.34223706, -2.86409156,       -2.24691358, -2.37485172, -2.2418813 , -2.79218968, -3.16271722,       -2.84779516, -2.59662776, -3.01052632, -2.71641791, -2.55031847,       -3.08474576, -2.8       , -2.20242024, -2.40336134, -2.19758507,       -3.01960784, -2.8       , -2.73124147, -2.79218968, -2.40914561,       -2.93118594, -2.20242024, -2.78442281, -2.31445087, -2.65869854,       -2.93118594, -2.59662776, -2.27241771, -2.65869854, -2.65165563,       -2.76901798, -2.17372421, -2.84779516, -2.2269188 , -2.88057554,       -2.22197558, -2.98360656, -2.68724832, -2.84779516, -2.90566038,       -2.70906631, -3.06584992, -2.72380952, -2.15037594, -2.82369535,       -2.69448183, -2.49315068, -2.77669903, -2.77669903, -2.31445087,       -2.26727067, -2.61016949, -3.01052632, -2.65869854, -2.81575246,       -3.03793627, -2.73871409, -2.80785414, -2.78442281, -2.11851852,       -2.19758507, -2.77669903, -2.65869854, -2.2519685 , -3.01052632,       -2.79218968, -2.82369535, -2.27241771, -2.8       , -2.8723099 ,       -2.61016949, -2.20242024, -2.85592011, -2.99252616, -2.73124147,       -2.75378267, -2.83971631, -2.82369535, -2.57657658, -2.64464993,       -2.56996149, -2.83168317, -2.17372421, -2.64464993, -2.89725036,       -2.94845361, -2.93979442, -2.46248462, -2.93979442, -3.10387597,       -3.22383253, -2.17845484, -3.0942813 , -2.70175439, -2.78442281,       -2.41495778, -2.89725036, -2.88888889, -2.80785414, -2.80785414,       -3.12324493, -2.86409156, -2.36923077, -2.27241771, -3.15275591])
all_uncers=array([1.e-08, 1.e-08, 1.e-08, 1.e-08, 1.e-08, 1.e-08, 1.e-08, 1.e-08,       1.e-08, 1.e-08, 1.e-08, 1.e-08, 1.e-08, 1.e-08, 1.e-08, 1.e-08,       1.e-08, 1.e-08, 1.e-08, 1.e-08, 1.e-08, 1.e-08, 1.e-08, 1.e-08,       1.e-08, 1.e-08, 1.e-08, 1.e-08, 1.e-08, 1.e-08, 1.e-08, 1.e-08,       1.e-08, 1.e-08, 1.e-08, 1.e-08, 1.e-08, 1.e-08, 1.e-08, 1.e-08,       1.e-08, 1.e-08, 1.e-08, 1.e-08, 1.e-08, 1.e-08, 1.e-08, 1.e-08,       1.e-08, 1.e-08, 1.e-08, 1.e-08, 1.e-08, 1.e-08, 1.e-08, 1.e-08,       1.e-08, 1.e-08, 1.e-08, 1.e-08, 1.e-08, 1.e-08, 1.e-08, 1.e-08,       1.e-08, 1.e-08, 1.e-08, 1.e-08, 1.e-08, 1.e-08, 1.e-08, 1.e-08,       1.e-08, 1.e-08, 1.e-08, 1.e-08, 1.e-08, 1.e-08, 1.e-08, 1.e-08,       1.e-08, 1.e-08, 1.e-08, 1.e-08, 1.e-08, 1.e-08, 1.e-08, 1.e-08,       1.e-08, 1.e-08, 1.e-08, 1.e-08, 1.e-08, 1.e-08, 1.e-08, 1.e-08,       1.e-08, 1.e-08, 1.e-08, 1.e-08, 1.e-08, 1.e-08, 1.e-08, 1.e-08,       1.e-08, 1.e-08, 1.e-08, 1.e-08, 1.e-08, 1.e-08, 1.e-08, 1.e-08,       1.e-08, 1.e-08, 1.e-08, 1.e-08, 1.e-08, 1.e-08, 1.e-08, 1.e-08])
bad_run_indexs=[]
best_cost=-3.3422370617696155
best_params=array([0.85669688, 0.11605079])
best_index=13
worst_cost=-2.1051524710830707
worst_index=3
cost_range=1.2370845906865449
costs_count=120
params_count=90
cost_scaler_init_index=3
net_0={'last_hyperfit': 0, 'last_net_reg': 1e-08, 'regularization_history': [1e-08], 'losses_list': [0.35900262, 0.12991153, 0.02915813, 0.028384201, 0.0067557353, 0.0022334324, 0.0007526932, 0.00023393531, 0.000101973266, 5.6401892e-05, 7.887957e-06, 3.853327e-06, 2.7077613e-06, 1.5741942e-06, 7.907326e-07, 6.199032e-07, 5.7250895e-07, 5.5196074e-07, 5.533611e-07, 5.5190895e-07, 5.511783e-07, 5.511308e-07, 5.5107336e-07, 5.510302e-07, 5.510299e-07, 5.5102646e-07, 5.5102583e-07, 5.510257e-07, 5.5102566e-07, 5.510258e-07, 4.2278233, 0.29195186, 0.11950276, 0.04746191, 0.01722046, 0.0017030955, 0.0007750483, 0.00077511376, 0.00063346414, 0.000513487, 0.00047623605, 0.00047513115, 1.3594418, 0.63885653, 0.41806585, 0.25312954, 0.18224227, 0.15777084, 0.12996025, 0.09875761, 0.06561162, 0.036013167, 0.018274384, 0.009074474, 0.0049497955, 0.0019687847, 0.00089086517, 0.0033712282, 0.5536059, 0.2585954, 0.04840713, 0.017318426, 0.008160141, 0.002633351, 0.0018774945, 0.00096548715, 0.00055040146, 0.00039228963, 0.0002839178, 0.00024107023, 0.00021958181, 0.00020962684, 5.090058, 2.961641, 1.4854447, 3.8176682, 1.0984648, 1.3775388, 0.41537413, 0.8667529, 0.87799966, 0.5582922, 0.45238426, 0.4284311, 1.0590721, 0.88022727, 0.8399886, 0.8315558, 1.5372761, 1.3846489, 1.3604878, 1.3352661, 1.5988005, 2.048127, 1.9322845, 1.4730977, 1.4968029, 1.4698547, 1.5406246, 1.4068824, 1.3970838, 1.3374543, 1.3857199, 1.3019644, 1.2003729, 1.1379238, 1.3453377, 1.1714555, 1.1002305, 1.0805998, 1.1012073, 1.0177668, 1.164499, 1.3310335, 1.1807089, 1.0274749, 0.97091365, 0.98029494, 1.0960026, 0.95190144, 1.1850265, 1.03683, 0.95564115, 1.0713832, 1.0866613, 0.9568688, 0.87797266, 0.86422086, 0.9332575, 0.82480454, 0.98144984, 1.2869009, 0.98798513, 0.93341076, 0.8945321, 0.85566187, 0.8362881, 0.805548, 0.7629962, 0.8876796, 0.9528352, 0.7501358, 0.72627014, 0.690562, 0.75438774, 0.6328556], 'scaler_samples': (array([[0.82546791, 0.24023784],       [0.86543866, 0.16942273],       [0.77884311, 0.9899037 ]]), array([-2.34701055, -2.61016949, -2.17845484])), 'net': {'saver_path': './M-LOOP_archives/./neural_net_archive_2022-10-23_09-53_FeWPqFU3.ckpt'}}
net_1={'last_hyperfit': 0, 'last_net_reg': 1e-08, 'regularization_history': [1e-08], 'losses_list': [0.6418607, 0.00051470246, 0.00023998182, 0.0010120893, 0.0014171919, 0.00073488615, 0.00031066066, 0.00013780723, 7.32016e-05, 3.690421e-05, 1.2356228e-05, 2.288218e-06, 8.705447e-07, 8.963297e-07, 6.32408e-07, 5.66474e-07, 5.667335e-07, 5.4258226e-07, 5.4079123e-07, 5.405013e-07, 5.398737e-07, 5.397496e-07, 5.3966943e-07, 5.396753e-07, 5.396615e-07, 5.396601e-07, 5.396601e-07, 5.396598e-07, 5.396597e-07, 5.396596e-07, 0.068737365, 0.04162834, 0.061891902, 0.022099085, 0.006458974, 0.0016287856, 0.0005921962, 0.00047633966, 0.00048058096, 0.00048042127, 0.8881049, 0.43299177, 0.23541236, 0.18427306, 0.15468019, 0.12394748, 0.08910898, 0.056573313, 0.037354473, 0.022100976, 0.013936322, 0.0066147097, 0.0029765402, 0.0014156405, 1.4996831, 0.8123565, 0.4429605, 0.07487784, 0.023701465, 0.015008945, 0.0052546654, 0.0033799254, 0.0014515576, 0.0009372308, 0.00055525504, 0.00038786224, 0.00029503, 0.00024775066, 0.00022454288, 0.00021296926, 9.058252, 3.578163, 1.105242, 0.44492438, 0.30281496, 0.28518072, 0.6768791, 0.40129927, 0.38037783, 0.3764688, 1.0376035, 0.8476732, 0.8169765, 0.8085756, 1.6538398, 1.6876037, 1.4720292, 1.5914053, 1.6046267, 1.9641106, 1.8604034, 1.656447, 1.5386084, 1.4294494, 1.426816, 1.3817244, 1.3507222, 1.3100607, 1.4451793, 1.5583066, 1.2450011, 1.1521528, 1.1284465, 1.0478251, 1.0127463, 0.9744656, 1.2220271, 1.2165409, 1.2566618, 1.0825355, 1.0797096, 0.9629268, 1.1348462, 0.9985234, 0.9072975, 0.9352003, 0.99557227, 1.0501848, 0.9065005, 0.84990484, 0.8912345, 0.8351736, 0.91910905, 0.98659104, 1.0199383, 0.85910535, 0.9811866, 0.99732465, 0.9469058, 0.8907631, 0.83914125, 1.0458416, 0.98230165, 0.796043, 0.7887046, 0.8393142], 'scaler_samples': (array([[0.82546791, 0.24023784],       [0.86543866, 0.16942273],       [0.77884311, 0.9899037 ]]), array([-2.34701055, -2.61016949, -2.17845484])), 'net': {'saver_path': './M-LOOP_archives/./neural_net_archive_2022-10-23_09-53_r0kP2EKG.ckpt'}}
net_2={'last_hyperfit': 0, 'last_net_reg': 1e-08, 'regularization_history': [1e-08], 'losses_list': [1.0896547, 0.07964453, 0.03699594, 0.02322616, 0.008778586, 0.003607725, 0.001590342, 0.00035256334, 6.755578e-06, 2.851194e-05, 2.7391708e-05, 4.250652e-06, 2.103517e-06, 1.5352504e-06, 5.3924373e-07, 6.6558795e-07, 5.368353e-07, 5.5179595e-07, 5.347872e-07, 5.3640713e-07, 5.342251e-07, 5.342256e-07, 5.341083e-07, 5.340826e-07, 5.6365934e-07, 0.00019769871, 4.282786e-06, 7.1762815e-06, 5.1210758e-05, 3.332508e-05, 0.76291734, 0.8968015, 0.12755561, 0.03494642, 0.0066554337, 0.0017176077, 0.0018787566, 0.0011379174, 0.0006475781, 0.0004923126, 0.77981853, 0.808136, 0.5469688, 0.35859966, 0.21629755, 0.18238816, 0.1378795, 0.10707887, 0.0765957, 0.052408956, 0.035717946, 0.025757898, 0.018812472, 0.012401567, 0.006961705, 0.0038132516, 0.0024153343, 0.001556485, 0.00071676663, 0.00050316646, 0.00032663625, 0.0003134412, 0.60538715, 0.2738498, 0.109272994, 0.05178907, 0.028830398, 0.013156578, 0.0051863696, 0.0045805452, 0.0023681114, 0.0013799948, 0.00096982106, 0.0007038527, 0.0004924147, 0.00038692346, 0.0003197785, 0.00027550338, 0.00024820562, 0.00023092335, 12.498481, 2.4079382, 3.640394, 1.0062199, 0.28022277, 0.41862658, 0.29425904, 0.40249822, 1.3789202, 0.78193706, 0.62244, 0.55876946, 1.1087523, 0.91670185, 0.86071676, 0.8564231, 1.7012701, 1.471672, 1.3717604, 1.3475424, 1.5536693, 1.5523621, 1.616809, 1.3777021, 1.3377359, 1.3111581, 1.2489446, 1.2070315, 1.2985132, 1.3324133, 1.2732699, 1.2114681, 1.2784809, 1.1558033, 1.1724823, 1.086946, 1.3246192, 1.7142546, 1.1335956, 1.0903442, 1.0649353, 1.0303799, 1.1460989, 1.0516868, 0.98903656, 0.98921984, 1.2391337, 1.0730317, 0.99369454, 1.0380607, 1.0028645, 0.9164607, 0.91425216, 0.8836747, 1.0464228, 1.0949049, 1.2399384, 1.1136671, 1.0923243, 1.0074944, 0.985108, 0.9593374, 1.0535687, 0.9523011, 1.0171349, 1.100986], 'scaler_samples': (array([[0.82546791, 0.24023784],       [0.86543866, 0.16942273],       [0.77884311, 0.9899037 ]]), array([-2.34701055, -2.61016949, -2.17845484])), 'net': {'saver_path': './M-LOOP_archives/./neural_net_archive_2022-10-23_09-53_-RlVIco0.ckpt'}}
