mloop_version='3.3.1'
archive_type='neural_net_learner'
num_params=6
min_boundary=array([0.05, 0.05, 0.05, 0.05, 0.05, 0.05])
max_boundary=array([0.949, 0.949, 0.949, 0.949, 0.949, 0.949])
start_datetime='2022-10-23_20-52'
param_names=['', '', '', '', '', '']
search_precision=1e-06
parameter_searches=10
bad_uncer_frac=0.1
trust_region=nan
has_trust_region=False
predict_global_minima_at_end=True
generation_num=3
update_hyperparameters=False
predicted_best_parameters=array([0.50366035, 0.05      , 0.29031133, 0.05      , 0.949     ,       0.26196008])
predicted_best_scaled_cost=-4.4908047
predicted_best_cost=-1.167532402928581
all_params=array([[0.38158484, 0.24579774, 0.68247346, 0.54861871, 0.2810855 ,        0.5289816 ],       [0.17085484, 0.32151153, 0.07364683, 0.25989941, 0.7325985 ,        0.91630535],       [0.21785545, 0.09762497, 0.53207889, 0.54750873, 0.49853729,        0.83448882]])
all_costs=array([-1.03569581, -1.07924528, -1.08627238])
all_uncers=array([0.01232964, 0.01918106, 0.02014647])
bad_run_indexs=[]
best_cost=-1.0862723819858926
best_params=array([0.21785545, 0.09762497, 0.53207889, 0.54750873, 0.49853729,       0.83448882])
best_index=2
worst_cost=-1.0356958096223488
worst_index=0
cost_range=0.05057657236354385
costs_count=3
params_count=3
cost_scaler_init_index=3
net_0={'last_hyperfit': 0, 'last_net_reg': 1e-08, 'regularization_history': [1e-08], 'losses_list': [0.8222601, 0.11966426, 0.012445752, 0.0012242957, 0.003995289, 0.0011800431, 5.011421e-05, 0.000108483495, 7.6337135e-05, 2.026901e-05, 2.2131003e-06, 6.2838853e-07, 9.343817e-07, 8.577445e-07, 6.902601e-07, 5.8877885e-07, 5.4759937e-07, 5.351609e-07, 5.319106e-07, 5.308121e-07, 5.3044346e-07, 5.303511e-07, 5.3031914e-07, 5.3030715e-07, 5.3030493e-07, 5.303053e-07, 5.3030453e-07, 5.303042e-07, 5.303041e-07, 5.303042e-07, 5.303041e-07, 5.303041e-07], 'scaler_samples': (array([[0.38158484, 0.24579774, 0.68247346, 0.54861871, 0.2810855 ,        0.5289816 ],       [0.17085484, 0.32151153, 0.07364683, 0.25989941, 0.7325985 ,        0.91630535],       [0.21785545, 0.09762497, 0.53207889, 0.54750873, 0.49853729,        0.83448882]]), array([-1.03569581, -1.07924528, -1.08627238])), 'net': {'saver_path': './M-LOOP_archives/./neural_net_archive_2022-10-23_20-52_HmHG4QFe.ckpt'}}
net_1={'last_hyperfit': 0, 'last_net_reg': 1e-08, 'regularization_history': [1e-08], 'losses_list': [1.2068262, 0.23113945, 0.07056618, 0.028330896, 0.0043774797, 0.0009131179, 0.0007758472, 0.00028253792, 0.00010094363, 2.6084837e-05, 1.8005368e-05, 6.8086597e-06, 2.2109534e-06, 1.4990251e-06, 6.836957e-07, 6.7259157e-07, 5.4663553e-07, 5.398561e-07, 5.3783293e-07, 5.3356194e-07, 5.334128e-07, 5.3280297e-07, 5.3266854e-07, 5.326207e-07, 5.326127e-07, 5.326096e-07, 5.3260663e-07, 5.326063e-07, 5.326062e-07, 5.3260607e-07], 'scaler_samples': (array([[0.38158484, 0.24579774, 0.68247346, 0.54861871, 0.2810855 ,        0.5289816 ],       [0.17085484, 0.32151153, 0.07364683, 0.25989941, 0.7325985 ,        0.91630535],       [0.21785545, 0.09762497, 0.53207889, 0.54750873, 0.49853729,        0.83448882]]), array([-1.03569581, -1.07924528, -1.08627238])), 'net': {'saver_path': './M-LOOP_archives/./neural_net_archive_2022-10-23_20-52_0Mir0Z4s.ckpt'}}
net_2={'last_hyperfit': 0, 'last_net_reg': 1e-08, 'regularization_history': [1e-08], 'losses_list': [], 'scaler_samples': None, 'net': {'saver_path': './M-LOOP_archives/./neural_net_archive_2022-10-23_20-52_IIzdqFV9.ckpt'}}
