mloop_version='3.3.1'
archive_type='neural_net_learner'
num_params=6
min_boundary=array([0.05, 0.05, 0.05, 0.05, 0.05, 0.05])
max_boundary=array([0.49, 0.49, 0.49, 0.49, 0.49, 0.49])
start_datetime='2022-10-23_20-46'
param_names=['', '', '', '', '', '']
search_precision=1e-06
parameter_searches=10
bad_uncer_frac=0.1
trust_region=nan
has_trust_region=False
predict_global_minima_at_end=True
generation_num=3
update_hyperparameters=False
predicted_best_parameters=array([0.22331701, 0.15792225, 0.05      , 0.49      , 0.05      ,       0.49      ])
predicted_best_scaled_cost=-3.7309706
predicted_best_cost=-1.0850063494306073
all_params=array([[0.35809212, 0.0884612 , 0.25549363, 0.06136693, 0.47790491,        0.35417223],       [0.27804055, 0.25977531, 0.44792928, 0.15657258, 0.46769818,        0.06816172],       [0.47981472, 0.16970416, 0.08687859, 0.32199692, 0.24563055,        0.36367786]])
all_costs=array([-1.06887347, -1.07230852, -1.07692308])
all_uncers=array([0.0177056 , 0.01820169, 0.01885633])
bad_run_indexs=[]
best_cost=-1.0769230769230769
best_params=array([0.47981472, 0.16970416, 0.08687859, 0.32199692, 0.24563055,       0.36367786])
best_index=2
worst_cost=-1.0688734650293645
worst_index=0
cost_range=0.008049611893712338
costs_count=3
params_count=3
cost_scaler_init_index=3
net_0={'last_hyperfit': 0, 'last_net_reg': 1e-08, 'regularization_history': [1e-08], 'losses_list': [8.742763, 0.098547876, 0.006168624, 0.0051796534, 0.005489022, 0.0025005434, 0.0004739849, 1.7597311e-05, 2.2602224e-05, 3.7517806e-05, 2.5876689e-05, 1.199997e-05, 3.7101595e-06, 1.1181457e-06, 9.2768516e-07, 7.370255e-07, 5.807975e-07, 5.544823e-07, 5.511099e-07, 5.440758e-07, 5.439645e-07, 5.4367365e-07, 5.4350807e-07, 5.43527e-07, 5.4350903e-07, 5.435012e-07, 5.4349954e-07, 5.4349863e-07, 5.434985e-07, 5.434985e-07, 5.434985e-07, 5.434985e-07], 'scaler_samples': (array([[0.35809212, 0.0884612 , 0.25549363, 0.06136693, 0.47790491,        0.35417223],       [0.27804055, 0.25977531, 0.44792928, 0.15657258, 0.46769818,        0.06816172],       [0.47981472, 0.16970416, 0.08687859, 0.32199692, 0.24563055,        0.36367786]]), array([-1.06887347, -1.07230852, -1.07692308])), 'net': {'saver_path': './M-LOOP_archives/./neural_net_archive_2022-10-23_20-46_KXuE5cN9.ckpt'}}
net_1={'last_hyperfit': 0, 'last_net_reg': 1e-08, 'regularization_history': [1e-08], 'losses_list': [0.07785085, 0.039871063, 0.007955935, 0.003619336, 0.0012345198, 0.00042466942, 0.00021483707, 1.5737967e-05, 1.4385437e-05, 5.973853e-06, 3.8862545e-06, 1.0226306e-06, 7.338233e-07, 6.432366e-07, 5.508313e-07, 5.274479e-07, 5.152746e-07, 5.1602e-07, 5.144926e-07, 5.1416737e-07, 5.139951e-07, 5.1399843e-07, 5.139652e-07, 5.139597e-07, 5.139574e-07, 5.139569e-07, 5.1395654e-07, 5.139564e-07, 5.1395637e-07, 5.139563e-07], 'scaler_samples': (array([[0.35809212, 0.0884612 , 0.25549363, 0.06136693, 0.47790491,        0.35417223],       [0.27804055, 0.25977531, 0.44792928, 0.15657258, 0.46769818,        0.06816172],       [0.47981472, 0.16970416, 0.08687859, 0.32199692, 0.24563055,        0.36367786]]), array([-1.06887347, -1.07230852, -1.07692308])), 'net': {'saver_path': './M-LOOP_archives/./neural_net_archive_2022-10-23_20-46_KAwKghTB.ckpt'}}
net_2={'last_hyperfit': 0, 'last_net_reg': 1e-08, 'regularization_history': [1e-08], 'losses_list': [], 'scaler_samples': None, 'net': {'saver_path': './M-LOOP_archives/./neural_net_archive_2022-10-23_20-46_WW1FZBJi.ckpt'}}
