mloop_version='3.3.1'
archive_type='neural_net_learner'
num_params=6
min_boundary=array([0., 0., 0., 0., 0., 0.])
max_boundary=array([1., 1., 1., 1., 1., 1.])
start_datetime='2022-10-23_18-39'
param_names=['', '', '', '', '', '']
search_precision=1e-06
parameter_searches=10
bad_uncer_frac=0.1
trust_region=nan
has_trust_region=False
predict_global_minima_at_end=True
generation_num=3
update_hyperparameters=False
predicted_best_parameters=array([0.27364213, 0.16434857, 0.55805561, 0.14509741, 0.21128189,       0.05454116])
predicted_best_scaled_cost=-1.9773092
predicted_best_cost=-2.0803373482144583
all_params=array([[0.84352139, 0.96970454, 0.73194047, 0.07334867, 0.90924695,        0.6833156 ],       [0.67686798, 0.31306405, 0.73064271, 0.27721747, 0.60122429,        0.59290073],       [0.6605573 , 0.26187721, 0.74747482, 0.91108706, 0.57423227,        0.12359511],       [0.11941132, 1.        , 1.        , 1.        , 1.        ,        0.73165889],       [1.        , 0.        , 0.        , 1.        , 1.        ,        0.        ],       [1.        , 0.6277104 , 1.        , 0.        , 1.        ,        0.        ],       [0.28892847, 0.7536748 , 0.42513378, 0.36374794, 0.39085128,        0.41241626],       [0.69327737, 0.02851959, 0.75145563, 1.        , 0.4185393 ,        0.        ],       [0.        , 1.        , 0.71407999, 1.        , 0.0715786 ,        0.        ],       [0.50417847, 0.        , 0.72498574, 1.        , 1.        ,        0.        ],       [0.90265768, 0.45782665, 0.48524371, 0.85097869, 0.97019048,        0.02747653],       [0.65039052, 0.38353863, 0.74752844, 1.        , 0.54893109,        0.        ],       [1.        , 0.73910062, 0.65519716, 0.        , 0.        ,        0.        ],       [0.61165729, 0.27748419, 0.74475872, 0.5352437 , 0.70953908,        0.        ],       [0.9667018 , 0.30050987, 0.37968903, 0.34820509, 0.61276242,        0.48285302],       [0.62827032, 0.18354661, 0.75330822, 0.94143438, 0.62956203,        0.17918469],       [1.        , 1.        , 0.87001612, 1.        , 0.        ,        1.        ],       [0.6410891 , 0.        , 0.74324859, 0.78854809, 0.58675228,        0.28889072],       [0.25826958, 0.53694828, 0.5436571 , 0.93076431, 0.80563978,        0.06850369],       [0.        , 0.        , 0.        , 1.        , 0.86307983,        0.        ],       [0.6746242 , 0.58076347, 0.82237729, 1.        , 1.        ,        1.        ],       [0.47816429, 0.        , 0.66831004, 1.        , 1.        ,        0.        ],       [0.67163073, 0.69293491, 0.29886823, 0.96637593, 0.86843013,        0.83415242],       [0.65828228, 0.15362266, 0.74658326, 0.86673755, 0.53576249,        0.03117324],       [0.72220706, 0.06168771, 0.75313692, 1.        , 0.67740606,        0.05684945],       [0.95058075, 0.        , 0.75346103, 1.        , 1.        ,        0.13986331],       [0.56331092, 0.32002198, 0.76410841, 0.01793909, 0.84433455,        0.94817498],       [0.71202016, 0.07747913, 0.75264143, 1.        , 0.65525512,        0.04046787],       [0.70484637, 0.15900773, 0.75038819, 1.        , 0.60424581,        0.17664186],       [0.67370845, 0.        , 0.74534351, 1.        , 0.48308574,        0.47308799],       [0.33217294, 0.0522012 , 0.63372371, 0.70527839, 0.36911437,        0.65504151],       [0.74093631, 0.        , 0.75645031, 1.        , 0.74875012,        0.00382204],       [0.72890971, 0.        , 0.75298773, 1.        , 0.741091  ,        0.05635178],       [0.7430566 , 0.        , 0.76386719, 1.        , 0.80353629,        0.        ],       [0.99030142, 0.91829432, 0.89537386, 0.92336811, 0.23478331,        0.12926659],       [1.        , 0.56514808, 0.74528922, 1.        , 0.70871065,        0.04092341],       [0.        , 0.57692592, 0.44754392, 0.        , 1.        ,        1.        ],       [0.7202078 , 0.        , 0.74777588, 1.        , 0.68063688,        0.07925514],       [0.89346756, 0.85533246, 0.73121592, 0.13094513, 0.88036968,        0.54284222],       [0.73750092, 0.        , 0.75628474, 1.        , 0.6763289 ,        0.15064113],       [0.72164445, 0.12007119, 0.75242371, 1.        , 0.67658497,        0.13101518],       [0.71845713, 0.        , 0.7528111 , 1.        , 0.68557932,        0.06572483],       [0.09257211, 0.28258793, 0.08704511, 0.53461674, 0.1318247 ,        0.46085464],       [0.72268149, 0.24999726, 0.75148596, 1.        , 0.67413888,        0.16690287],       [0.71505106, 0.25710886, 0.74813823, 1.        , 0.71055128,        0.20316277],       [0.72995314, 0.18164175, 0.75324532, 1.        , 0.67745877,        0.10743287],       [0.65213908, 0.68604081, 0.2948394 , 0.90103869, 0.12008941,        0.59313234],       [0.72400319, 0.10510488, 0.75077853, 1.        , 0.67832664,        0.09789385],       [0.72570186, 0.13441468, 0.75245392, 1.        , 0.67572208,        0.14851633],       [0.72049426, 0.12934988, 0.75213259, 1.        , 0.66541826,        0.18536666],       [0.79483779, 0.49534532, 0.6599167 , 0.51229285, 0.06685126,        0.67455173],       [0.72838804, 0.15033569, 0.75368803, 1.        , 0.67480366,        0.1390466 ],       [0.53077724, 1.        , 1.        , 1.        , 0.73276772,        0.50335247],       [0.33288522, 0.        , 0.47358552, 0.59017048, 0.        ,        0.        ],       [0.07600583, 0.57842223, 0.51772659, 0.75390439, 0.42686017,        0.73572478],       [0.71209587, 0.10905248, 0.75700934, 1.        , 0.6712237 ,        0.10252873],       [0.71941317, 0.16235959, 0.75229333, 1.        , 0.72415787,        0.07226271],       [0.72258003, 0.11937336, 0.75456903, 1.        , 0.68144637,        0.08044047],       [0.27881296, 0.53365154, 0.12253736, 0.51433055, 0.38160627,        0.23722295],       [0.72407331, 0.12017142, 0.75338725, 1.        , 0.6795123 ,        0.12724321],       [0.72956666, 0.09186274, 0.75371641, 1.        , 0.66122354,        0.10093833],       [0.72272556, 0.12029943, 0.75412824, 1.        , 0.66914507,        0.14088614],       [0.90022966, 0.13941812, 0.12175451, 0.89092666, 0.27182846,        0.50813307],       [0.7306323 , 0.12195899, 0.75292005, 1.        , 0.68560592,        0.12581391],       [0.73637586, 0.11829716, 0.75213101, 1.        , 0.68808247,        0.11903581],       [0.72978876, 0.12509373, 0.7528207 , 1.        , 0.6807036 ,        0.12519953],       [0.15905118, 0.8942888 , 0.45659596, 0.29402401, 0.95659638,        0.77629661],       [0.72028288, 0.10027516, 0.75427996, 1.        , 0.66784635,        0.10684408],       [1.        , 0.11965313, 0.62034181, 1.        , 0.63236234,        1.        ],       [0.71816883, 0.0878008 , 0.75475733, 1.        , 0.68601922,        0.        ],       [0.45168609, 0.52110532, 0.67100736, 0.10665081, 0.89366838,        0.51910544],       [0.76445317, 0.        , 0.57455082, 1.        , 0.        ,        1.        ],       [0.71203511, 0.17032116, 0.75533456, 1.        , 0.66896534,        0.15190444],       [0.72498318, 0.10998093, 0.75337979, 1.        , 0.67606821,        0.10538669],       [0.16421004, 0.61578783, 0.04756201, 0.69421738, 0.55608493,        0.26370357],       [0.72020732, 0.10031129, 0.75354302, 1.        , 0.67096837,        0.0978434 ],       [0.72002672, 0.1040319 , 0.75304046, 1.        , 0.67210934,        0.10524579],       [0.72021622, 0.10987971, 0.75294508, 1.        , 0.67916988,        0.1239018 ],       [0.11188612, 0.165854  , 0.40360161, 0.13989426, 0.35803477,        0.12221675],       [0.71939871, 0.1231795 , 0.75302866, 1.        , 0.68657457,        0.13899126],       [0.7239561 , 0.08843695, 0.7524371 , 1.        , 0.68718242,        0.12343985],       [0.72265187, 0.13530966, 0.7531427 , 1.        , 0.68836884,        0.14982108],       [0.0304081 , 0.31060207, 0.04517477, 0.47997768, 0.71133998,        0.35459   ],       [0.79803826, 0.28701231, 0.67740046, 0.12620652, 0.        ,        1.        ],       [0.        , 0.46828211, 0.        , 0.43008546, 0.        ,        0.        ],       [0.        , 0.        , 0.16191184, 1.        , 0.        ,        0.08798335],       [0.44246175, 0.22100232, 0.47367194, 0.65926297, 0.24163394,        0.54655313],       [0.        , 0.        , 0.35517953, 0.56492966, 0.47310445,        0.        ],       [0.88441418, 0.73321708, 0.65474575, 0.77682805, 0.        ,        0.5705864 ],       [0.56285278, 0.33073086, 0.67674959, 0.14506987, 0.58949914,        0.17942432],       [0.08426273, 0.50389696, 0.72848485, 0.4419495 , 0.19012849,        0.31005836],       [0.02834136, 0.        , 0.37064477, 0.14374545, 0.0755969 ,        0.27547242],       [0.        , 0.        , 0.35278053, 0.        , 0.11161917,        0.        ],       [0.57214196, 1.        , 0.68190828, 0.        , 0.40611556,        0.82833833],       [0.00939694, 0.63436267, 0.79063271, 0.33164349, 0.57982729,        0.84204963],       [0.        , 0.20694523, 0.31940785, 0.08854176, 0.29602283,        0.        ],       [0.        , 0.        , 0.32631277, 0.        , 0.20379674,        0.        ],       [0.        , 1.        , 0.41533477, 0.4928275 , 0.24232819,        0.        ],       [0.94528988, 0.98060825, 0.03145322, 0.15148933, 0.88753208,        0.04520568],       [0.01611877, 0.43528915, 0.64042032, 0.        , 0.04636809,        1.        ],       [0.48410644, 0.35202803, 0.6932565 , 0.24616401, 0.65617663,        0.33451251],       [1.        , 1.        , 0.84445913, 0.62909504, 0.45426183,        0.25024982],       [0.58660707, 0.9771401 , 0.83407808, 0.18076426, 0.47327581,        0.39175821],       [0.57024925, 0.27509476, 0.6613645 , 0.24255865, 0.5773011 ,        0.        ],       [0.58272531, 0.4961204 , 0.6537733 , 0.        , 0.43417813,        0.10686818],       [0.56887114, 0.01192593, 0.68305118, 0.        , 0.        ,        0.62606419],       [0.99039234, 0.40043103, 0.48028057, 0.84146467, 0.91225355,        0.07084586],       [0.56050836, 0.46085077, 0.65329029, 0.        , 0.52381377,        0.09148305],       [0.5569649 , 0.54514765, 0.66283336, 0.        , 0.4763577 ,        0.16597378],       [0.81188295, 0.71606231, 0.65547327, 1.        , 0.55228719,        0.24645841],       [0.49614125, 0.4904659 , 0.63042324, 0.69197673, 0.94960438,        0.92939755],       [0.53258135, 0.19460005, 0.63879894, 0.        , 0.2767069 ,        0.00937081],       [1.        , 0.6911271 , 0.46237707, 1.        , 0.9932943 ,        0.        ],       [0.75416747, 0.51273425, 0.58862224, 0.        , 0.        ,        0.24845531],       [0.48885043, 0.2630107 , 0.18751266, 0.34340319, 0.4733605 ,        0.73215498],       [0.61969172, 0.1988492 , 0.69651932, 0.31494524, 0.59921   ,        0.28578079],       [0.        , 0.32206956, 0.79439911, 0.48805014, 1.        ,        0.99324712],       [0.5105898 , 1.        , 0.69686029, 0.70820508, 0.42973965,        0.35625344],       [0.06232916, 0.35137174, 0.48526335, 0.05661486, 0.03237909,        0.67015053],       [1.        , 0.        , 0.46642528, 1.        , 1.        ,        0.39162413]])
all_costs=array([-2.00802407, -1.93804453, -2.04077472, -1.85542169, -1.92315082,       -1.89403974, -1.92685274, -1.98021761, -1.87628866, -1.85886722,       -1.96467125, -1.84176633, -1.77325066, -1.90123457, -1.90123457,       -1.90485252, -1.83838384, -1.98021761, -2.        , -1.81176471,       -1.86579683, -1.86928105, -1.86928105, -1.87981221, -2.08324662,       -1.97241379, -1.91578947, -1.85886722, -1.8904627 , -1.8727783 ,       -1.96853491, -1.87628866, -1.98021761, -1.81176471, -2.01611279,       -1.85542169, -1.83501375, -1.98021761, -1.89403974, -1.86928105,       -2.13660619, -1.93429952, -2.02836879, -1.97241379, -1.94936709,       -2.03662258, -1.97241379, -1.94936709, -2.08324662, -2.0120603 ,       -2.05755396, -2.12752391, -1.75768218, -1.98021761, -2.00802407,       -2.03662258, -1.93804453, -2.04912999, -1.86928105, -2.16901408,       -2.11851852, -2.04494382, -1.90123457, -2.08324662, -2.        ,       -1.976308  , -1.92315082, -2.06179197, -1.98021761, -1.91578947,       -1.98808342, -1.8283105 , -1.976308  , -2.09195402, -2.02018163,       -1.91578947, -2.07032058, -2.14117647, -2.17845484, -2.06179197,       -1.9920398 , -1.92685274, -1.95698925, -2.01611279, -1.78590544,       -1.976308  , -1.83165599, -1.93429952, -1.87981221, -2.0746114 ,       -1.89403974, -2.        , -1.98808342, -1.93804453, -1.97241379,       -1.96467125, -1.86232558, -1.85886722, -1.89403974, -1.83838384,       -1.93056895, -1.84856879, -1.92315082, -2.03662258, -2.10073452,       -1.87981221, -2.17845484, -1.94936709, -1.96082272, -1.93056895,       -2.00802407, -1.89763033, -1.86232558, -1.81504986, -1.93429952,       -1.93056895, -1.84856879, -1.87628866, -2.00802407, -1.88334901])
all_uncers=array([1.e-08, 1.e-08, 1.e-08, 1.e-08, 1.e-08, 1.e-08, 1.e-08, 1.e-08,       1.e-08, 1.e-08, 1.e-08, 1.e-08, 1.e-08, 1.e-08, 1.e-08, 1.e-08,       1.e-08, 1.e-08, 1.e-08, 1.e-08, 1.e-08, 1.e-08, 1.e-08, 1.e-08,       1.e-08, 1.e-08, 1.e-08, 1.e-08, 1.e-08, 1.e-08, 1.e-08, 1.e-08,       1.e-08, 1.e-08, 1.e-08, 1.e-08, 1.e-08, 1.e-08, 1.e-08, 1.e-08,       1.e-08, 1.e-08, 1.e-08, 1.e-08, 1.e-08, 1.e-08, 1.e-08, 1.e-08,       1.e-08, 1.e-08, 1.e-08, 1.e-08, 1.e-08, 1.e-08, 1.e-08, 1.e-08,       1.e-08, 1.e-08, 1.e-08, 1.e-08, 1.e-08, 1.e-08, 1.e-08, 1.e-08,       1.e-08, 1.e-08, 1.e-08, 1.e-08, 1.e-08, 1.e-08, 1.e-08, 1.e-08,       1.e-08, 1.e-08, 1.e-08, 1.e-08, 1.e-08, 1.e-08, 1.e-08, 1.e-08,       1.e-08, 1.e-08, 1.e-08, 1.e-08, 1.e-08, 1.e-08, 1.e-08, 1.e-08,       1.e-08, 1.e-08, 1.e-08, 1.e-08, 1.e-08, 1.e-08, 1.e-08, 1.e-08,       1.e-08, 1.e-08, 1.e-08, 1.e-08, 1.e-08, 1.e-08, 1.e-08, 1.e-08,       1.e-08, 1.e-08, 1.e-08, 1.e-08, 1.e-08, 1.e-08, 1.e-08, 1.e-08,       1.e-08, 1.e-08, 1.e-08, 1.e-08, 1.e-08, 1.e-08, 1.e-08, 1.e-08])
bad_run_indexs=[]
best_cost=-2.1784548422198045
best_params=array([0.11188612, 0.165854  , 0.40360161, 0.13989426, 0.35803477,       0.12221675])
best_index=78
worst_cost=-1.7576821773485514
worst_index=52
cost_range=0.4207726648712531
costs_count=120
params_count=90
cost_scaler_init_index=3
net_0={'last_hyperfit': 0, 'last_net_reg': 1e-08, 'regularization_history': [1e-08], 'losses_list': [1.619136, 0.10454329, 0.012734544, 0.018622307, 0.0014391723, 0.00180833, 0.0005215157, 3.407618e-05, 0.000101818114, 2.350853e-05, 3.0270107e-06, 3.3385713e-06, 2.3104933e-06, 8.617554e-07, 5.645393e-07, 5.7887974e-07, 5.7031025e-07, 5.540463e-07, 5.4727934e-07, 5.459512e-07, 5.4589043e-07, 5.4590754e-07, 5.458869e-07, 5.458531e-07, 5.4583967e-07, 5.458379e-07, 5.4583757e-07, 5.458371e-07, 5.45837e-07, 5.4583694e-07, 10.005424, 2.0958493, 0.35846722, 0.041635547, 0.033563044, 0.008139751, 0.0029736923, 0.001428109, 0.0002814337, 0.0001775129, 3.696358e-05, 3.2323504e-05, 2.9340288e-06, 2.8402535e-06, 9.341064e-07, 1.0318022e-06, 6.407739e-07, 6.0788557e-07, 1.5032704, 0.1471761, 0.041478407, 0.008565035, 0.003571068, 0.0007360668, 0.00032584267, 8.275834e-05, 5.9126633e-05, 2.4250972e-05, 1.0623927e-05, 3.5463104e-06, 1.5339523e-06, 8.965857e-07, 6.573168e-07, 5.850162e-07, 3.518041, 0.87538594, 0.52056146, 0.31217524, 0.12318291, 0.024232103, 0.0020251204, 0.0011973365, 0.00065333495, 4.696101e-05, 7.109207e-05, 2.7488752e-05, 2.2913364e-06, 3.953594e-06, 1.4672605e-06, 7.4143884e-07, 7.455077e-07, 5.795117e-07, 5.6589374e-07, 5.6435726e-07, 1.2937214, 2.52134, 18.3356, 0.6128535, 0.107749, 0.043032307, 0.012903749, 0.008596399, 0.0043161814, 0.002894971, 0.0035307223, 0.0015225961, 0.00081986195, 0.0004978675, 0.000164666, 0.00016495069, 5.5591867e-05, 2.8856868e-05, 4.28218e-05, 1.6451126e-05, 5.0732024e-06, 4.1185667e-06, 1.7630633e-06, 6.2725003e-06, 0.74881035, 0.28543472, 0.10454718, 0.056992132, 0.016039735, 0.002590494, 0.00076602283, 0.0002314184, 0.00013046466, 7.6890035e-05, 3.2709482e-05, 5.0227114e-05, 1.0664742e-05, 1.1751268e-05, 1.4295359, 0.6332779, 0.51437306, 0.44604975, 0.39320165, 0.34239593, 0.33465356, 0.23255983, 0.1865726, 0.11242394, 0.08564273, 0.058636867, 0.02715939, 0.05684803, 1.730155, 0.79897714, 0.9716724, 1.0574998, 0.6297457, 0.44109926, 0.37704533, 0.3657213, 0.97657377, 0.37533548, 0.28341824, 0.2530248, 0.22696987, 0.19645898, 0.9581787, 0.741403, 0.6547668, 0.59069496, 0.51759905, 0.40371302, 0.3251802, 0.2025417, 1.254797, 0.64960885, 0.53161025, 0.4652786, 0.4026241, 0.28922436, 0.2044099, 0.14320111, 0.09428375, 0.08407858, 0.047184963, 0.032180257, 0.011899168, 0.0063820747, 0.016972154, 0.0012145373, 0.0008312731, 0.0002176022, 0.44763526, 0.78373957, 1.0913372, 0.29442766, 0.17294788, 0.12866123, 0.094890885, 0.11151771, 0.0634601, 0.05014587, 0.05822957, 0.043256715, 0.26346198, 0.0599845, 0.05139397, 0.03974447, 0.150832, 0.12771435, 0.119674355, 0.26886955, 0.4096124, 0.54877317, 0.8061655, 0.33100125, 0.31772974, 0.37360415, 0.65188056, 0.28303146, 0.19978292, 0.19807594, 0.61491185, 0.65125227, 0.511062, 0.49525243, 0.88727576, 1.2573622, 2.2614317, 1.1974143, 1.1141248, 0.85738134, 1.4202825, 0.8637529, 0.8077986, 0.6294816, 0.7696561, 0.7042394, 0.49121124, 0.5794926, 0.80376977, 1.5270439, 1.6073595, 1.0105538, 0.9067601, 0.99812573, 1.4101534, 0.83891046, 0.7098724, 0.82290816, 1.0244944, 0.76637447, 0.72300774, 0.6744794, 0.56843823, 0.6206768, 0.94999653, 1.9039506, 1.4503031, 1.1736463, 0.95918053, 0.84565175, 0.9006164, 0.78959256, 0.7023333, 0.96557134], 'scaler_samples': (array([[0.84352139, 0.96970454, 0.73194047, 0.07334867, 0.90924695,        0.6833156 ],       [0.67686798, 0.31306405, 0.73064271, 0.27721747, 0.60122429,        0.59290073],       [0.6605573 , 0.26187721, 0.74747482, 0.91108706, 0.57423227,        0.12359511]]), array([-2.00802407, -1.93804453, -2.04077472])), 'net': {'saver_path': './M-LOOP_archives/./neural_net_archive_2022-10-23_18-39_-0mIYV0I.ckpt'}}
net_1={'last_hyperfit': 0, 'last_net_reg': 1e-08, 'regularization_history': [1e-08], 'losses_list': [3.204413, 0.12562202, 0.014179548, 0.017894046, 0.011399436, 0.0026024252, 0.0007974956, 0.00055065664, 0.0002455712, 7.0741065e-05, 1.6745096e-05, 4.7939698e-06, 2.0514324e-06, 1.1496338e-06, 8.0373746e-07, 6.633147e-07, 5.939331e-07, 5.596314e-07, 5.477087e-07, 5.448175e-07, 5.435814e-07, 5.429049e-07, 5.4271237e-07, 5.42679e-07, 5.426631e-07, 5.426562e-07, 5.426543e-07, 5.4265405e-07, 5.42654e-07, 5.4265394e-07, 39.801086, 11.86472, 2.4347913, 0.20398697, 0.068965964, 0.021438317, 0.00934821, 0.0009743975, 0.00014423684, 0.0003126133, 0.00017186285, 6.1405655e-05, 2.5241066e-05, 1.0288452e-05, 3.4795603e-06, 1.4049408e-06, 8.878627e-07, 6.789808e-07, 6.1680436, 0.24054544, 0.04244382, 0.01056036, 0.004978101, 0.001911544, 0.00062973157, 0.00021862141, 7.669077e-05, 2.0367599e-05, 4.932485e-06, 2.0179912e-06, 1.2712408e-06, 8.349706e-07, 6.9743766e-07, 6.084067e-07, 6.3142614, 0.8669416, 0.6199837, 0.36786687, 0.12346132, 0.0050710468, 0.010617632, 0.0024138505, 0.0005469597, 0.00046164138, 2.551636e-05, 5.742689e-05, 5.457325e-06, 5.9486306e-06, 2.1223236e-06, 7.63122e-07, 8.481044e-07, 5.781776e-07, 5.8865567e-07, 5.5536685e-07, 2.563562, 2.0708883, 2.6060128, 0.53157455, 0.23432307, 0.13148974, 0.09375586, 0.040757693, 0.029036451, 0.022541298, 0.017389676, 0.014418338, 0.013264829, 0.012036722, 0.49190003, 0.24226718, 0.1520052, 0.07963456, 0.051812142, 0.042467672, 0.030471366, 0.026020927, 0.021471795, 0.01761547, 0.014810746, 0.012133978, 0.0117120035, 0.008755313, 0.007370271, 0.006343872, 0.0052977204, 0.004590892, 1.3937868, 0.68965554, 0.5656333, 0.5008845, 0.42999646, 0.37557495, 0.32877365, 0.26734087, 0.22456391, 0.18167713, 0.11042681, 0.058560926, 0.03210834, 0.010215248, 0.0060217, 0.0013845798, 0.00061372644, 0.00047910406, 0.00042619338, 0.00022321685, 0.00017487493, 0.00014457438, 0.00012377817, 0.00011458867, 9.606536e-05, 9.6511045e-05, 9.972859e-05, 7.665665e-05, 5.1608127e-05, 4.20897e-05, 3.972786e-05, 3.1243875e-05, 2.1738307, 0.37640348, 0.27594006, 0.44285476, 5.4894505, 0.4912003, 0.12109154, 0.07665907, 0.045036174, 0.08003828, 0.019717922, 0.009660035, 0.006708585, 0.0055608526, 0.0031973799, 0.0035886469, 0.4806214, 0.24236175, 0.14784084, 0.085134886, 0.043477062, 0.023533992, 0.0052965223, 0.0020087922, 0.0006274456, 0.0004050798, 0.80842036, 0.37086844, 0.13483998, 0.0772939, 0.11664885, 0.10046612, 0.2641446, 1.1634412, 1.818827, 0.36382833, 0.32739168, 0.25502434, 0.13767946, 0.15521677, 0.073310465, 0.06905624, 0.06274523, 0.12858628, 0.027633777, 0.020109273, 0.10265789, 0.019082488, 0.01533068, 0.023812713, 0.553684, 0.20874244, 0.08250989, 0.031851064, 0.020379325, 0.016774904, 0.0135553265, 0.013690069, 0.12621129, 0.32799095, 0.22903466, 0.12787034, 0.44299412, 0.6595201, 0.79850876, 0.43686366, 0.5066651, 0.35518456, 0.47723836, 0.25404987, 0.22848989, 0.23381715, 0.72437865, 0.56159854, 0.5212649, 0.5383698, 0.893131, 1.237016, 1.8301262, 1.6852144, 1.0970498, 1.0069882, 0.9721868, 0.8803599, 1.3558818, 1.0650793, 0.8709074, 0.83241975, 0.74514335, 0.71349585, 0.64061725, 0.52640164, 1.2075194, 1.8709054, 1.6037282, 1.1557761, 0.9351621, 0.92724025, 0.8323134, 0.7141346, 0.6646874, 0.6617821, 0.96163434, 0.7944269, 0.7198299, 0.68560416, 0.9412116, 1.2078503, 1.1026533, 0.8721182, 0.9951651, 0.7123044, 0.69905764, 0.6364967], 'scaler_samples': (array([[0.84352139, 0.96970454, 0.73194047, 0.07334867, 0.90924695,        0.6833156 ],       [0.67686798, 0.31306405, 0.73064271, 0.27721747, 0.60122429,        0.59290073],       [0.6605573 , 0.26187721, 0.74747482, 0.91108706, 0.57423227,        0.12359511]]), array([-2.00802407, -1.93804453, -2.04077472])), 'net': {'saver_path': './M-LOOP_archives/./neural_net_archive_2022-10-23_18-39_K2FnGomU.ckpt'}}
net_2={'last_hyperfit': 0, 'last_net_reg': 1e-08, 'regularization_history': [1e-08], 'losses_list': [1.5123677, 0.09674992, 0.025728965, 0.014497969, 0.0073767165, 0.0027274499, 0.00091526867, 0.0003028991, 6.305822e-05, 7.6000506e-06, 1.0419408e-05, 6.390973e-06, 1.5374537e-06, 1.2787707e-06, 7.9776845e-07, 5.4676616e-07, 5.485976e-07, 5.2872633e-07, 5.3021387e-07, 5.246273e-07, 5.241947e-07, 5.236456e-07, 5.235136e-07, 5.234706e-07, 5.2347116e-07, 5.234703e-07, 5.2347036e-07, 5.234697e-07, 5.234695e-07, 5.234695e-07, 120.30315, 30.696968, 7.984158, 1.3651332, 0.22454044, 0.06365739, 0.016815715, 0.0022508537, 0.00073190464, 0.0009100515, 0.0006027549, 0.00031712075, 0.00013718074, 3.5567486e-05, 3.7626028e-06, 1.5391099e-06, 1.8914698e-06, 1.2002474e-06, 4.03607, 0.13724454, 0.042347208, 0.015242883, 0.0032360335, 0.00067194575, 0.00019020724, 0.00016723189, 5.9526978e-05, 1.2182515e-05, 2.7295732e-06, 2.6570513e-06, 1.598966e-06, 7.8167477e-07, 5.6092256e-07, 5.43428e-07, 3.4467742, 0.7441732, 0.4489231, 0.14919902, 0.0070026163, 0.010643095, 0.0024268324, 0.0005691764, 0.000575745, 4.4456916e-05, 6.739615e-05, 1.527665e-05, 4.1306275e-06, 3.5527987e-06, 6.289159e-07, 8.7222304e-07, 1.0568306, 1.6469817, 1.290059, 1.2081158, 2.7385018, 0.6131729, 1.5866815, 0.30511448, 0.09977976, 0.051079113, 0.029584069, 0.063569084, 0.040959097, 0.061059695, 0.99749917, 0.3338907, 0.049451556, 0.021683821, 0.011076818, 0.011915519, 0.0067956997, 0.008474257, 1.2816447, 0.4019371, 0.24560276, 0.18627106, 0.13238168, 0.087871, 0.048685953, 0.026972158, 0.012548849, 0.008248293, 0.0057416535, 0.0045956727, 0.0037937313, 0.0031955566, 0.0028162245, 0.0022037185, 0.0018274448, 0.0014859156, 0.0012173392, 0.0013991655, 0.0010042939, 0.00068902917, 0.00054454687, 0.00043569753, 0.0003467757, 0.00028016214, 0.00023598877, 0.00017950188, 0.00018828509, 0.00011777262, 2.006538, 0.60347545, 0.4063415, 0.32274088, 0.25267482, 0.18943565, 0.12390754, 0.058529593, 0.031024426, 0.005243013, 0.0007254661, 0.00013893898, 4.6307538e-05, 3.4918303e-05, 2.3025006e-05, 1.8186749e-05, 1.4707891e-05, 1.2067325e-05, 9.461408e-06, 7.749067e-06, 6.3724256e-06, 4.9510127e-06, 5.7583934e-06, 3.6802408e-06, 2.6458724e-06, 2.1774986e-06, 1.9084055e-06, 1.5411852e-06, 1.3382044e-06, 1.4806278e-06, 2.8471954, 0.51995945, 0.77649736, 0.70097715, 0.35900673, 0.46185175, 0.14539027, 0.07623302, 0.8009417, 0.13234963, 0.053917635, 0.026099896, 0.013511303, 0.007236044, 0.0033378198, 0.0025399786, 0.00092323415, 0.00045733785, 0.6350589, 0.2881494, 0.21256028, 0.16932464, 0.1360426, 0.114927985, 0.07316796, 0.054670386, 0.037624925, 0.030907135, 0.022905666, 0.017085468, 0.020984406, 0.013566114, 0.008794576, 0.0071659023, 0.010643009, 0.03432592, 0.0041880547, 0.0024392777, 0.0021666838, 0.001467195, 0.0010481359, 0.00097183196, 0.52988875, 0.7377009, 0.2426444, 0.06773671, 0.049024597, 0.028410733, 0.027733015, 0.017864762, 0.010224856, 0.006459294, 0.0042063445, 0.0025830464, 0.42409208, 0.31427422, 0.95087636, 0.35315567, 0.09757702, 0.07928203, 0.046516288, 0.1341994, 0.3476762, 0.10367997, 0.0571019, 0.038156517, 0.06335116, 0.026150258, 0.22313252, 0.18566811, 0.13973159, 0.16403104, 0.1186888, 0.12867844, 0.4267043, 1.41187, 0.8545286, 0.551454, 0.3894713, 0.25448424, 0.23016976, 0.21670656, 0.214289, 0.20232786, 0.40878427, 0.16218671, 0.14724143, 0.12954481, 0.114812635, 0.13222815, 0.5016498, 0.47832146, 0.41118607, 0.67715454, 0.8613355, 1.2184608, 1.5828552, 0.9115632, 0.87993264, 0.7809233, 0.75262225, 0.67161393, 0.9722105, 0.8772053, 0.7278902, 0.51178026, 0.49861026, 0.40658316, 0.8781037, 0.52997214, 0.27127755, 0.72631705, 1.1304889, 0.9248845, 2.1775696, 0.8454463, 0.9273722, 0.7325816, 0.56725425, 1.1511672, 0.7708331, 0.5313632, 1.0723566, 0.66387826, 0.4651644, 0.46641994, 0.89742124, 1.3638123], 'scaler_samples': (array([[0.84352139, 0.96970454, 0.73194047, 0.07334867, 0.90924695,        0.6833156 ],       [0.67686798, 0.31306405, 0.73064271, 0.27721747, 0.60122429,        0.59290073],       [0.6605573 , 0.26187721, 0.74747482, 0.91108706, 0.57423227,        0.12359511]]), array([-2.00802407, -1.93804453, -2.04077472])), 'net': {'saver_path': './M-LOOP_archives/./neural_net_archive_2022-10-23_18-39_bApfrABM.ckpt'}}
