mloop_version='3.3.1'
archive_type='neural_net_learner'
num_params=6
min_boundary=array([0., 0., 0., 0., 0., 0.])
max_boundary=array([1., 1., 1., 1., 1., 1.])
start_datetime='2022-10-23_17-18'
param_names=['', '', '', '', '', '']
search_precision=1e-06
parameter_searches=10
bad_uncer_frac=0.1
trust_region=nan
has_trust_region=False
predict_global_minima_at_end=True
generation_num=3
update_hyperparameters=False
predicted_best_parameters=array([5.55111512e-17, 3.03541782e-01, 0.00000000e+00, 9.78734222e-01,       9.20779850e-01, 0.00000000e+00])
predicted_best_scaled_cost=-2.3946342
predicted_best_cost=-1.6717233282442185
all_params=array([[5.73803776e-01, 8.36079575e-01, 8.65816415e-01, 9.95070898e-01,        2.18999125e-01, 7.33907876e-01],       [3.14733488e-01, 5.57238496e-01, 4.48514811e-01, 3.53608873e-01,        5.97608427e-01, 7.91702411e-01],       [5.49401064e-01, 6.98482741e-01, 3.95392190e-01, 2.32643253e-02,        6.11650398e-01, 2.42677947e-01],       [5.55111512e-17, 7.75019891e-01, 1.36796017e-01, 1.00000000e+00,        2.03682192e-01, 8.57833660e-01],       [1.00000000e+00, 0.00000000e+00, 0.00000000e+00, 5.55111512e-17,        0.00000000e+00, 0.00000000e+00],       [5.55111512e-17, 3.08268013e-01, 5.90721456e-01, 5.55111512e-17,        8.70848461e-01, 5.26380989e-01],       [3.05476797e-02, 5.47150859e-01, 8.32969422e-01, 7.31565203e-01,        6.86529386e-01, 8.12030449e-01],       [6.95857095e-01, 7.92393991e-01, 0.00000000e+00, 5.55111512e-17,        0.00000000e+00, 7.55742489e-01],       [2.85439080e-01, 4.97606922e-01, 2.71776855e-01, 4.84350650e-01,        6.17806027e-01, 9.44054651e-01],       [5.90824872e-01, 8.60867695e-01, 0.00000000e+00, 8.60466004e-01,        2.81903332e-01, 9.05606986e-01],       [1.00786326e-01, 2.99727397e-01, 2.10165714e-01, 1.38797605e-01,        8.47276814e-01, 3.38191985e-01],       [2.68300222e-01, 6.09252561e-01, 5.89882914e-01, 4.55776403e-01,        4.47044769e-01, 8.54627668e-01],       [3.02328624e-01, 5.72146088e-01, 5.03999796e-01, 4.09639456e-01,        5.68196373e-01, 8.65150631e-01],       [3.36404114e-01, 6.35595350e-01, 5.25535116e-01, 2.97581115e-01,        5.62846630e-01, 8.24656326e-01],       [6.23025246e-01, 4.83143123e-01, 2.00055178e-01, 1.17495747e-01,        3.94075576e-01, 3.32100757e-01],       [2.00849175e-01, 5.53529105e-01, 4.19302181e-01, 5.55111512e-17,        9.94908378e-01, 6.06026072e-01],       [3.52178968e-01, 5.61777877e-01, 4.12219473e-01, 3.25457915e-01,        6.44163841e-01, 6.95316023e-01],       [3.19363887e-01, 5.43087639e-01, 3.88705254e-01, 1.07443883e-01,        6.83186436e-01, 7.26420041e-01],       [4.56333854e-01, 8.59383121e-01, 6.67375101e-01, 4.58028772e-01,        5.75007246e-01, 7.75420110e-01],       [3.75967010e-01, 1.00000000e+00, 4.47317717e-01, 1.26711751e-01,        7.62125178e-01, 1.61434135e-01],       [3.26958940e-01, 7.22801021e-01, 8.09649867e-01, 2.33034102e-01,        7.47510761e-01, 9.68576107e-01],       [3.59174222e-01, 5.79546499e-01, 4.49801960e-01, 2.21251816e-01,        5.09332790e-01, 7.55819505e-01],       [4.77495438e-01, 2.11424590e-01, 6.39028671e-01, 3.20309941e-01,        5.88958784e-01, 6.42072797e-01],       [2.78673329e-01, 5.68251157e-01, 4.61686876e-01, 2.52366897e-01,        6.98658883e-01, 7.66237697e-01],       [2.75313848e-01, 5.29875289e-01, 4.94584899e-01, 4.19072055e-01,        6.26911613e-01, 7.95095311e-01],       [2.88505564e-01, 5.46134130e-01, 4.50877307e-01, 4.09356683e-01,        6.40510288e-01, 7.61259031e-01],       [3.92467689e-01, 8.46827950e-01, 5.89329092e-01, 9.37062408e-01,        7.24226080e-01, 7.64417210e-01],       [3.17156905e-01, 5.23142375e-01, 4.28636906e-01, 2.84119471e-01,        5.55596426e-01, 8.48268676e-01],       [3.33570702e-01, 5.84791036e-01, 3.84156946e-01, 3.63896896e-01,        5.75498463e-01, 7.94406107e-01],       [4.04222149e-01, 5.66891871e-01, 3.45576756e-01, 4.69128320e-01,        5.17797699e-01, 8.77522988e-01],       [9.19323315e-01, 5.24549919e-01, 2.82344996e-01, 5.38323606e-01,        5.19721616e-01, 5.99110226e-01],       [5.89552583e-01, 3.06140473e-01, 1.00000000e+00, 1.00000000e+00,        0.00000000e+00, 1.00000000e+00],       [3.05426143e-01, 5.71445805e-01, 4.55756366e-01, 3.53264316e-01,        6.15711270e-01, 7.92463712e-01],       [3.03954800e-01, 5.97456545e-01, 4.41128563e-01, 3.75232962e-01,        6.00482071e-01, 8.24143985e-01],       [2.06879593e-01, 5.86547893e-01, 7.36089669e-01, 4.12165773e-01,        9.78319369e-01, 5.14511724e-01],       [3.05611350e-01, 5.78696838e-01, 5.10481127e-01, 2.86225790e-01,        6.25553792e-01, 7.42576235e-01],       [5.55111512e-17, 0.00000000e+00, 6.07309823e-01, 1.00000000e+00,        2.79012228e-01, 1.00000000e+00],       [3.27535326e-01, 5.48646376e-01, 5.72808201e-01, 2.84327819e-01,        6.18537712e-01, 7.47612580e-01],       [4.35702301e-01, 2.82081491e-01, 5.01076161e-01, 7.69901976e-01,        7.63649590e-01, 7.81089700e-01],       [3.06782773e-01, 5.72706361e-01, 4.37910819e-01, 4.16356190e-01,        5.74671815e-01, 8.20573639e-01],       [2.91672870e-01, 6.07148189e-01, 4.24397278e-01, 4.20575658e-01,        6.46677195e-01, 8.05784181e-01],       [3.27847100e-01, 5.75211763e-01, 4.98576958e-01, 3.31907284e-01,        5.93905445e-01, 7.88704846e-01],       [7.80293468e-02, 6.76746243e-01, 6.18996539e-01, 5.60891162e-01,        9.13890730e-01, 8.28479161e-01],       [5.74779771e-01, 0.00000000e+00, 3.17096591e-01, 5.55111512e-17,        1.00000000e+00, 1.00000000e+00],       [3.67887738e-01, 3.95154654e-02, 6.35127589e-01, 1.00000000e+00,        1.00000000e+00, 8.07244857e-01],       [3.14326527e-01, 5.44875843e-01, 3.62639515e-01, 4.25663828e-01,        5.64385673e-01, 7.55729504e-01],       [6.57188159e-01, 1.45430835e-01, 6.69460405e-02, 7.13716867e-01,        9.37946188e-01, 7.44707725e-01],       [5.55111512e-17, 6.80393079e-01, 5.05151198e-01, 4.15272473e-01,        1.00000000e+00, 6.40620624e-01],       [8.87288539e-02, 6.53863344e-01, 6.37455295e-01, 7.80898046e-01,        1.00000000e+00, 7.81676437e-01],       [5.55111512e-17, 6.07360833e-01, 3.67891554e-01, 1.00000000e+00,        1.00000000e+00, 9.34692369e-01],       [4.79596161e-01, 1.52650836e-01, 6.55629464e-01, 9.60646764e-01,        9.37712345e-01, 7.27679892e-01],       [1.09455907e-02, 7.10720110e-01, 6.64729323e-01, 4.25338965e-01,        1.00000000e+00, 8.26791828e-01],       [3.12264815e-02, 6.21487863e-01, 8.92772456e-01, 5.45617743e-01,        1.00000000e+00, 9.61384455e-01],       [8.58872638e-06, 7.54527011e-01, 7.06644848e-01, 5.59679225e-01,        1.00000000e+00, 8.55510318e-01],       [4.45547758e-01, 5.50295959e-01, 7.43297693e-01, 5.77664401e-01,        5.52094972e-01, 3.39312134e-01],       [4.67521207e-02, 6.35423353e-01, 5.52250450e-01, 6.11094950e-01,        9.32482208e-01, 9.23253439e-01],       [1.02971554e-01, 6.56317169e-01, 6.67315274e-01, 5.55603984e-01,        1.00000000e+00, 9.15715792e-01],       [8.38350514e-02, 6.48217577e-01, 6.11368352e-01, 5.41900301e-01,        9.22258955e-01, 8.58681040e-01],       [5.05667593e-01, 2.68811650e-01, 1.50337418e-01, 7.28056347e-01,        5.68524992e-01, 6.72154609e-01],       [5.55111512e-17, 6.73590098e-01, 7.22616465e-01, 7.72224468e-01,        7.50403542e-01, 7.48732088e-01],       [1.67346193e-02, 6.53348725e-01, 7.32223834e-01, 7.69284534e-01,        1.00000000e+00, 7.39230138e-01],       [2.28125160e-02, 7.02510156e-01, 6.44147294e-01, 6.33375062e-01,        9.39204722e-01, 8.20261265e-01],       [2.42574274e-01, 4.59066683e-01, 9.49323688e-01, 2.90328188e-01,        4.72815850e-01, 1.30440507e-01],       [7.96351973e-02, 6.79216323e-01, 6.16874779e-01, 5.65167168e-01,        9.03124659e-01, 8.17375621e-01],       [2.46419023e-01, 2.25163552e-01, 2.72956181e-01, 1.00000000e+00,        8.05278882e-01, 8.80653712e-01],       [7.82224280e-02, 6.87594098e-01, 6.07612526e-01, 5.46560028e-01,        9.01832420e-01, 8.31507375e-01],       [5.55120819e-01, 4.06650544e-01, 8.88662402e-01, 4.08240002e-03,        7.49319641e-01, 2.49287843e-02],       [3.43886012e-01, 6.03131064e-01, 4.83163341e-01, 3.54358909e-01,        6.10224495e-01, 7.36683621e-01],       [2.94236687e-01, 5.86291528e-01, 4.89114873e-01, 4.14640576e-01,        6.36118570e-01, 8.03816009e-01],       [4.18515395e-01, 4.87825044e-01, 5.83171329e-01, 7.77607949e-01,        6.17769411e-01, 8.00310695e-01],       [2.13427560e-01, 2.15221700e-01, 7.37792349e-01, 5.70603936e-01,        6.50549597e-01, 8.62623712e-01],       [7.77155283e-02, 6.60778202e-01, 6.41545225e-01, 5.35747463e-01,        9.58359925e-01, 8.02666201e-01],       [4.85332823e-01, 3.67646194e-01, 5.75262981e-01, 9.27823457e-01,        6.11883634e-01, 8.81904259e-01],       [6.64814287e-02, 6.57049946e-01, 6.13534582e-01, 5.83911722e-01,        9.59114337e-01, 8.22676985e-01],       [6.01769926e-01, 2.96981246e-01, 1.87453100e-01, 6.85044344e-01,        2.59487148e-01, 2.86106599e-01],       [4.29040143e-01, 3.56426906e-01, 5.27432069e-01, 5.65568311e-01,        7.80304892e-01, 7.29787405e-01],       [4.73153064e-03, 6.79546094e-01, 6.27492574e-01, 6.75697888e-01,        1.00000000e+00, 8.60228342e-01],       [4.24571583e-02, 6.56613771e-01, 6.07595074e-01, 5.96380205e-01,        1.00000000e+00, 8.28246001e-01],       [2.10730228e-01, 4.07708990e-01, 4.98210825e-01, 6.33293037e-01,        9.99930940e-01, 5.53941889e-01],       [4.20420100e-01, 5.07959641e-01, 6.57437873e-01, 8.33042782e-01,        6.82534727e-01, 8.01836579e-01],       [8.31381801e-02, 6.54256250e-01, 6.25520559e-01, 5.62519193e-01,        9.05868638e-01, 8.19369666e-01],       [1.33976461e-01, 6.63725263e-01, 6.33867055e-01, 5.77951024e-01,        9.01044898e-01, 7.99319504e-01],       [9.60365678e-01, 1.84873145e-01, 5.64336398e-01, 9.69887909e-01,        8.46627553e-02, 6.17353597e-01],       [4.92850115e-02, 6.29784540e-01, 5.89374480e-01, 4.09138210e-01,        7.86473261e-01, 8.59813569e-01],       [1.07764381e-01, 7.22926568e-01, 5.03488420e-01, 5.89222678e-01,        1.00000000e+00, 7.57244027e-01],       [6.18023033e-02, 6.49226127e-01, 6.18065786e-01, 5.78322337e-01,        9.47382743e-01, 8.22363539e-01],       [1.50423264e-01, 4.86519063e-01, 8.23219747e-02, 6.48706941e-01,        7.59805545e-01, 1.13942223e-01],       [1.00000000e+00, 0.00000000e+00, 6.07304082e-01, 1.00000000e+00,        0.00000000e+00, 5.81134155e-01],       [1.00000000e+00, 1.84560112e-02, 5.42382115e-01, 1.00000000e+00,        6.56951626e-02, 6.64185442e-01],       [1.00000000e+00, 1.00312258e-01, 7.96308325e-01, 1.00000000e+00,        1.59770151e-02, 3.95597825e-01],       [9.73844480e-01, 4.56813671e-01, 2.63945164e-01, 6.94744698e-01,        5.27029731e-01, 8.88009396e-01],       [1.00000000e+00, 1.75818970e-01, 5.58030105e-01, 1.00000000e+00,        3.25347103e-02, 5.81555012e-01],       [1.00000000e+00, 2.16112104e-01, 5.59656585e-01, 1.00000000e+00,        4.43747904e-02, 5.43189532e-01],       [1.00000000e+00, 1.51300915e-01, 5.62323881e-01, 1.00000000e+00,        2.39572277e-02, 5.84177869e-01],       [2.86763063e-01, 9.61362848e-01, 2.88929092e-01, 6.85869140e-01,        5.28101406e-01, 1.38144345e-01],       [4.17797875e-01, 4.63744250e-01, 6.04596010e-01, 7.54844487e-01,        6.79139348e-01, 7.92276017e-01],       [9.31736084e-01, 2.26669009e-01, 5.42775532e-01, 1.00000000e+00,        1.45199159e-01, 5.54539359e-01],       [8.92370822e-01, 2.28899056e-01, 6.08252670e-01, 8.86812519e-01,        1.24511934e-01, 5.85830257e-01],       [1.55692844e-01, 8.37817982e-01, 8.31438029e-01, 5.32513938e-01,        3.91791737e-01, 1.31465758e-01],       [8.17660201e-02, 7.10690420e-01, 8.00499298e-01, 6.24990786e-01,        9.07366977e-01, 8.54875331e-01],       [6.81079227e-01, 2.05782559e-01, 4.22608908e-01, 1.00000000e+00,        2.75561159e-01, 5.34508089e-01],       [3.87236836e-01, 5.40507998e-01, 6.09888105e-01, 7.15931601e-01,        5.13849794e-01, 7.71640230e-01],       [9.39001245e-01, 8.14556578e-01, 9.40010880e-01, 6.64317556e-02,        2.76785911e-01, 8.58738198e-01],       [9.48313971e-01, 2.43175257e-01, 5.90309148e-01, 8.59026946e-01,        1.66326565e-01, 6.88401094e-01],       [9.69595226e-01, 1.91714386e-01, 5.62849008e-01, 8.77135705e-01,        8.67256569e-02, 6.75238509e-01],       [4.93210317e-01, 5.79362334e-01, 5.31313001e-01, 7.50838273e-01,        5.34697551e-01, 8.45742041e-01],       [7.92480584e-01, 1.09335802e-01, 9.08522946e-01, 4.22663760e-01,        4.33225930e-01, 4.79995879e-01],       [9.52502133e-01, 1.67300296e-01, 5.54918746e-01, 9.97633794e-01,        9.32931031e-03, 6.59364903e-01],       [9.99201010e-01, 1.38945449e-01, 5.62599429e-01, 1.00000000e+00,        3.29227495e-02, 6.55632410e-01],       [1.00000000e+00, 5.57915424e-02, 4.99876643e-01, 8.48182720e-01,        1.53598593e-01, 5.78414259e-01],       [4.61805677e-01, 3.93169608e-01, 7.27719402e-01, 5.75942217e-01,        4.99067443e-01, 6.81745238e-02],       [5.11780313e-01, 9.39129211e-01, 5.65964413e-01, 1.82902787e-01,        1.85136873e-01, 0.00000000e+00],       [1.00000000e+00, 1.75881664e-01, 4.95150616e-01, 1.00000000e+00,        9.59237978e-02, 5.44580117e-01],       [1.00000000e+00, 1.58540790e-01, 5.32142165e-01, 1.00000000e+00,        8.52857799e-02, 6.22596495e-01],       [3.48200670e-01, 6.94546827e-01, 1.68837534e-01, 2.51242975e-01,        5.16477043e-01, 1.52871659e-01],       [9.58772793e-01, 1.64503495e-01, 5.59717584e-01, 1.00000000e+00,        1.19291071e-01, 5.54387448e-01],       [1.00000000e+00, 6.51707432e-01, 9.91967032e-01, 1.00000000e+00,        3.07096264e-01, 3.63210370e-01],       [1.00000000e+00, 0.00000000e+00, 1.00000000e+00, 1.72775611e-01,        2.23706679e-01, 5.78425999e-01],       [9.35893758e-01, 3.15033439e-02, 5.93241505e-01, 4.05297058e-01,        8.21456386e-01, 3.68688106e-01],       [9.41064683e-01, 2.12871824e-01, 5.55116001e-01, 9.94722186e-01,        9.60613471e-02, 6.12390200e-01]])
all_costs=array([-1.52707857, -1.62105263, -1.58762887, -1.56284153, -1.44967415,       -1.44967415, -1.57762017, -1.55073586, -1.55555556, -1.54356207,       -1.5604053 , -1.55073586, -1.5604053 , -1.60031974, -1.55797665,       -1.55073586, -1.48847584, -1.54118553, -1.54356207, -1.572663  ,       -1.5801105 , -1.56528538, -1.56773688, -1.54118553, -1.56773688,       -1.55555556, -1.57513769, -1.53409962, -1.57513769, -1.52941176,       -1.48847584, -1.55555556, -1.6369583 , -1.55073586, -1.54594595,       -1.52941176, -1.5317521 , -1.52941176, -1.62105263, -1.61321515,       -1.60288231, -1.59776536, -1.65317919, -1.5317521 , -1.58511481,       -1.4581209 , -1.52243346, -1.49291573, -1.57513769, -1.54356207,       -1.50639579, -1.49069248, -1.56284153, -1.52475248, -1.55314197,       -1.51551855, -1.47531319, -1.59521912, -1.46881878, -1.49291573,       -1.47097722, -1.60803213, -1.572663  , -1.62368208, -1.47314202,       -1.56773688, -1.47314202, -1.48626578, -1.58762887, -1.63963964,       -1.50413223, -1.60545309, -1.54118553, -1.67531381, -1.50413223,       -1.49069248, -1.52243346, -1.5604053 , -1.52012149, -1.54118553,       -1.62896664, -1.60545309, -1.67812238, -1.59015091, -1.53645434,       -1.60288231, -1.65045342, -1.55073586, -1.54356207, -1.52243346,       -1.47097722, -1.50866616, -1.55314197, -1.56528538, -1.56773688,       -1.55797665, -1.60803213, -1.54356207, -1.55073586, -1.62105263,       -1.50866616, -1.59015091, -1.54594595, -1.52707857, -1.62368208,       -1.60288231, -1.61843169, -1.4796748 , -1.52012149, -1.56284153,       -1.55314197, -1.52243346, -1.572663  , -1.56773688, -1.4973822 ,       -1.60288231, -1.47531319, -1.49962547, -1.53645434, -1.63963964])
all_uncers=array([1.e-08, 1.e-08, 1.e-08, 1.e-08, 1.e-08, 1.e-08, 1.e-08, 1.e-08,       1.e-08, 1.e-08, 1.e-08, 1.e-08, 1.e-08, 1.e-08, 1.e-08, 1.e-08,       1.e-08, 1.e-08, 1.e-08, 1.e-08, 1.e-08, 1.e-08, 1.e-08, 1.e-08,       1.e-08, 1.e-08, 1.e-08, 1.e-08, 1.e-08, 1.e-08, 1.e-08, 1.e-08,       1.e-08, 1.e-08, 1.e-08, 1.e-08, 1.e-08, 1.e-08, 1.e-08, 1.e-08,       1.e-08, 1.e-08, 1.e-08, 1.e-08, 1.e-08, 1.e-08, 1.e-08, 1.e-08,       1.e-08, 1.e-08, 1.e-08, 1.e-08, 1.e-08, 1.e-08, 1.e-08, 1.e-08,       1.e-08, 1.e-08, 1.e-08, 1.e-08, 1.e-08, 1.e-08, 1.e-08, 1.e-08,       1.e-08, 1.e-08, 1.e-08, 1.e-08, 1.e-08, 1.e-08, 1.e-08, 1.e-08,       1.e-08, 1.e-08, 1.e-08, 1.e-08, 1.e-08, 1.e-08, 1.e-08, 1.e-08,       1.e-08, 1.e-08, 1.e-08, 1.e-08, 1.e-08, 1.e-08, 1.e-08, 1.e-08,       1.e-08, 1.e-08, 1.e-08, 1.e-08, 1.e-08, 1.e-08, 1.e-08, 1.e-08,       1.e-08, 1.e-08, 1.e-08, 1.e-08, 1.e-08, 1.e-08, 1.e-08, 1.e-08,       1.e-08, 1.e-08, 1.e-08, 1.e-08, 1.e-08, 1.e-08, 1.e-08, 1.e-08,       1.e-08, 1.e-08, 1.e-08, 1.e-08, 1.e-08, 1.e-08, 1.e-08, 1.e-08])
bad_run_indexs=[]
best_cost=-1.6781223805532275
best_params=array([0.96036568, 0.18487315, 0.5643364 , 0.96988791, 0.08466276,       0.6173536 ])
best_index=82
worst_cost=-1.44967414916727
worst_index=4
cost_range=0.2284482313859575
costs_count=120
params_count=90
cost_scaler_init_index=3
net_0={'last_hyperfit': 0, 'last_net_reg': 1e-08, 'regularization_history': [1e-08], 'losses_list': [1.4053885, 0.017637134, 0.01302606, 0.011171141, 0.0071993037, 0.0029548747, 0.0010185902, 0.00032612923, 9.37368e-05, 2.6642267e-05, 9.339489e-06, 4.308828e-06, 2.7566587e-06, 1.468761e-06, 7.76523e-07, 5.595958e-07, 5.457971e-07, 5.4615936e-07, 5.399573e-07, 5.3803177e-07, 5.3720584e-07, 5.3684494e-07, 5.368661e-07, 5.36842e-07, 5.368249e-07, 5.3682135e-07, 5.3682004e-07, 5.3682004e-07, 5.368199e-07, 5.368199e-07, 5.43079, 0.4541, 0.09292876, 0.020667015, 0.0061855433, 0.003824909, 0.00092477433, 0.0002696357, 8.23005e-05, 3.44703e-05, 1.4738865e-05, 4.4547646e-06, 2.8414834e-06, 1.1293914e-06, 5.778019e-07, 6.010964e-07, 0.3241573, 0.12203725, 0.015839366, 0.0053861053, 0.0024862182, 0.0010805645, 0.00020002855, 0.00018568154, 4.937574e-05, 9.666931e-06, 3.5685975e-06, 2.8579154e-06, 1.1175712e-06, 7.9867044e-07, 6.244782e-07, 5.4611985e-07, 1.1054054, 0.23134409, 0.096996166, 0.04468371, 0.021130282, 0.008926046, 0.0019382676, 0.00028285984, 0.00015065643, 0.0001306396, 2.445827e-05, 4.9847135e-06, 3.3594847e-06, 2.303761e-06, 8.6222343e-07, 5.839158e-07, 5.889559e-07, 5.637491e-07, 1.3014913, 0.5319252, 0.3205122, 0.41724262, 0.21320951, 0.13491327, 0.17850381, 0.09830272, 0.0325663, 0.008172526, 0.002609447, 0.002580341, 0.00071184593, 0.00059348275, 0.00012322004, 0.00018296156, 0.24964722, 0.02255168, 0.007867772, 0.0032899834, 0.0010763262, 0.00024035694, 4.39482e-05, 6.5148092e-06, 1.1857567e-06, 6.3032616e-07, 5.612406e-07, 5.541443e-07, 0.41718808, 0.10391753, 0.079702534, 0.06357203, 0.046753548, 0.028625468, 0.015400619, 0.0057552774, 0.0016664177, 0.0007918104, 0.00017066841, 4.2460062e-05, 1.5242958e-05, 4.208145e-06, 9.90336e-07, 1.1092632e-06, 6.752417e-07, 5.8544157e-07, 5.7123566e-07, 5.5841565e-07, 0.22228293, 0.045252483, 0.011656298, 0.0038068215, 0.0013135592, 0.0004036708, 9.136857e-05, 2.140337e-05, 4.5926718e-06, 1.3836893e-06, 0.07930343, 0.097761855, 0.066685125, 0.042206645, 0.031110099, 0.03876841, 0.21312186, 0.11294876, 0.07287361, 0.04286323, 0.049058154, 0.009157274, 0.004343748, 0.0011354513, 0.0004654522, 9.4617164e-05, 3.4612018e-05, 1.3657616e-05, 5.825603e-06, 3.57694e-06, 1.5392413e-06, 0.00025897223, 0.14385311, 0.020205533, 0.0075349114, 0.003638216, 0.0022498153, 0.0019479243, 0.0009886672, 0.0008407957, 0.15289308, 0.01739418, 0.0021472173, 0.0028283573, 0.0003343792, 0.00011128215, 0.00016150772, 6.8614805e-05, 5.8500966e-05, 1.8123486e-05, 7.5516114e-06, 1.7834292e-06, 1.326631e-06, 7.4373037e-07, 7.8560055e-07, 8.337028e-07, 0.17383, 0.07110498, 0.031525146, 0.00740159, 0.015859092, 0.016351366, 0.008767987, 0.015068664, 0.32313895, 0.13543676, 0.13024615, 0.09387888, 0.038889825, 0.027798671, 0.011828438, 0.0038218338, 0.0014743843, 0.00032886074, 7.750605e-05, 8.979541e-06, 5.005384e-06, 6.5885065e-06, 1.3666211e-06, 9.976227e-07, 6.517326e-07, 6.0500724e-07, 0.23224624, 0.10363055, 0.037335157, 0.0012150663, 5.5359764e-05, 3.140475e-05, 1.7289774e-06, 9.670448e-07, 1.0184729e-06, 7.102569e-07, 7.900288e-07, 3.188315e-06, 0.5114575, 0.05025533, 0.0035157083, 0.00044546044, 0.00013621282, 0.00035211229, 0.00027425482, 0.00013687855, 3.48329e-05, 3.889554e-06, 1.7189163e-06, 1.3135949e-06, 7.192402e-07, 8.3072115e-07, 0.12344924, 0.18043812, 0.10603926, 0.05636175, 0.042467736, 0.020197006, 0.015856674, 0.055755623, 0.34009635, 0.055611357, 0.060638692, 0.02236592, 0.063684784, 0.03322588, 0.028428216, 0.02783826, 0.30559963, 0.1308739, 0.078720145, 0.0668288, 0.04563231, 0.037719995, 0.03258021, 0.044275403, 0.12816292, 0.045877244, 0.33603725, 0.036757015, 0.10893491, 0.034360036, 0.19209714, 0.055035464, 0.061067972, 0.031302337, 0.01960262, 0.032097448, 0.20820552, 0.1149393, 0.09948519, 0.088145316, 0.13786404, 0.21588643, 0.11862679, 0.10863724, 0.097103566, 0.06766205, 0.025502104, 0.024712712, 0.037014943, 0.13865712, 0.009644842, 0.040101163, 0.18439688, 0.055509616, 0.033992313, 0.02068172, 0.35083905, 0.15959713, 0.13183169, 0.0813126, 0.0925983, 0.15479021, 0.091225415, 0.18203904, 0.15179043, 0.048289474, 0.061374206, 0.038483784, 0.02496126, 0.03141227, 0.03750645, 0.026701579, 0.021336334, 0.021206317], 'scaler_samples': (array([[0.57380378, 0.83607957, 0.86581642, 0.9950709 , 0.21899913,        0.73390788],       [0.31473349, 0.5572385 , 0.44851481, 0.35360887, 0.59760843,        0.79170241],       [0.54940106, 0.69848274, 0.39539219, 0.02326433, 0.6116504 ,        0.24267795]]), array([-1.52707857, -1.62105263, -1.58762887])), 'net': {'saver_path': './M-LOOP_archives/./neural_net_archive_2022-10-23_17-18_rSFLzneS.ckpt'}}
net_1={'last_hyperfit': 0, 'last_net_reg': 1e-08, 'regularization_history': [1e-08], 'losses_list': [1.3769734, 0.17461485, 0.070440896, 0.018842181, 0.0007005608, 0.00095783477, 0.0010082502, 0.00028527962, 2.4160365e-05, 4.264991e-06, 9.78672e-06, 5.5955675e-06, 2.7830054e-06, 1.2960447e-06, 7.6643335e-07, 6.006003e-07, 5.524508e-07, 5.3598995e-07, 5.325289e-07, 5.307285e-07, 5.3016623e-07, 5.2996853e-07, 5.298636e-07, 5.298337e-07, 5.2982205e-07, 5.298221e-07, 5.298214e-07, 5.2982114e-07, 5.298211e-07, 5.298212e-07, 8.165517, 0.37770584, 0.07788671, 0.020004233, 0.009254599, 0.0021016698, 0.00092775427, 0.00017952263, 5.417035e-05, 8.567751e-06, 5.6238196e-06, 2.7750223e-06, 1.4243774e-06, 9.352249e-07, 7.004377e-07, 6.012738e-07, 5.552755e-07, 5.398717e-07, 0.50876236, 0.08391873, 0.0074115186, 0.0036871578, 0.0025361944, 0.0008310423, 0.00026467873, 4.023856e-05, 3.8560152e-05, 1.5352318e-05, 1.8305199e-06, 1.6946667e-06, 0.43314308, 0.11828208, 0.06131604, 0.043939512, 0.026659697, 0.0140258195, 0.005112493, 0.00075218093, 4.4610868e-05, 0.00016090865, 0.9776874, 0.3763854, 0.2760071, 0.20358957, 0.124213204, 0.05513626, 0.08784391, 0.061758373, 0.04304096, 0.014509024, 0.0035273295, 0.0006008161, 0.000108498585, 0.00018600894, 0.00010259921, 1.5334283e-05, 1.2966653e-05, 4.946526e-06, 1.9428853e-06, 3.4227266e-06, 1.7105083e-06, 9.02494e-07, 7.209273e-07, 7.9551455e-07, 0.119698696, 0.014672803, 0.004096166, 0.0007886526, 0.000118832104, 1.3951574e-05, 2.9367832e-06, 1.0189763e-06, 6.100249e-07, 5.628828e-07, 0.20167714, 0.03795772, 0.019238941, 0.0109501975, 0.0055482388, 0.0027983126, 0.001340489, 0.0006647712, 0.00029912574, 0.00013374255, 5.6660152e-05, 3.1997286e-05, 8.074137e-06, 4.729595e-06, 2.259455e-06, 1.946865e-06, 1.048164e-06, 5.9796105e-07, 5.6253003e-07, 5.553394e-07, 0.21713206, 0.050128497, 0.020884035, 0.0100703575, 0.0050124084, 0.0021953173, 0.0011579167, 0.00028875642, 0.000104648745, 3.378605e-05, 1.0154198e-05, 5.372223e-06, 2.8081427e-06, 8.0236487e-07, 1.3195718e-06, 5.801335e-07, 5.7562403e-07, 5.577072e-07, 0.030541247, 0.038615353, 0.17560701, 0.018371407, 0.0075533027, 0.0048285206, 0.0065750983, 0.004480647, 0.006130636, 0.0023151874, 0.0017630882, 0.0013585915, 0.16275778, 0.0311949, 0.012496194, 0.0064167925, 0.0047661704, 0.005528552, 0.004231077, 0.003861929, 0.29314217, 0.09885578, 0.020223223, 0.006024053, 0.0020492459, 0.0009291941, 0.0005696892, 0.00032190062, 0.000258376, 0.00013485478, 0.00010225361, 5.6191555e-05, 3.3159322e-05, 1.991433e-05, 1.2364584e-05, 6.6825837e-06, 7.176573e-06, 9.385233e-06, 0.41232824, 0.11857793, 0.052844264, 0.17805956, 0.3615034, 0.10569737, 0.053757373, 0.04097837, 0.013700187, 0.018760081, 0.3465486, 0.15634267, 0.06264396, 0.012083089, 0.004906719, 0.0025807426, 0.0016215575, 0.00021778389, 0.00012026228, 5.697501e-05, 0.38163847, 0.083227344, 0.03036152, 0.0019034027, 0.0005817985, 0.00017744798, 7.421399e-05, 2.89497e-05, 1.8954024e-05, 7.669228e-06, 3.7444347e-06, 1.0400863e-06, 7.5147824e-07, 6.705633e-07, 6.266787e-07, 6.1468666e-07, 0.25129864, 0.07588694, 0.04132296, 0.021389335, 0.022484912, 0.46559212, 0.2728188, 0.09101536, 0.039304923, 0.02532334, 0.15556295, 0.03169689, 0.027227903, 0.014514865, 0.013656691, 0.013984267, 0.33267257, 0.09108934, 0.106992096, 0.05464791, 0.07235566, 0.043088038, 0.047653113, 0.035306845, 0.11134068, 0.25587523, 0.38268864, 0.0936474, 0.050922595, 0.15787397, 0.17571321, 0.07825974, 0.041583087, 0.0392859, 0.19728589, 0.13894553, 0.12863207, 0.11314217, 0.12830901, 0.07306043, 0.07459378, 0.057803046, 0.17275006, 0.03664847, 0.025711153, 0.04509922, 0.020389732, 0.03315692, 0.07550205, 0.045989797, 0.25186512, 0.04086854, 0.018734694, 0.028036494, 0.011122268, 0.022338666, 0.033315722, 0.066363804, 0.031878714, 0.016234439, 0.008066915, 0.01057538, 0.3430586, 0.10059739, 0.049711376, 0.08290806, 0.03345172, 0.025309261, 0.09245851, 0.08883235, 0.24814817, 0.08410927, 0.04533273, 0.26840195], 'scaler_samples': (array([[0.57380378, 0.83607957, 0.86581642, 0.9950709 , 0.21899913,        0.73390788],       [0.31473349, 0.5572385 , 0.44851481, 0.35360887, 0.59760843,        0.79170241],       [0.54940106, 0.69848274, 0.39539219, 0.02326433, 0.6116504 ,        0.24267795]]), array([-1.52707857, -1.62105263, -1.58762887])), 'net': {'saver_path': './M-LOOP_archives/./neural_net_archive_2022-10-23_17-18_p78moQB0.ckpt'}}
net_2={'last_hyperfit': 0, 'last_net_reg': 1e-08, 'regularization_history': [1e-08], 'losses_list': [0.15165165, 0.044668, 0.025924051, 0.0060675666, 0.0027706223, 0.0008697751, 0.00020613671, 3.280952e-05, 3.5879213e-05, 2.1886734e-05, 2.8937325e-06, 1.3855627e-06, 1.2822607e-06, 6.1571694e-07, 5.9469096e-07, 5.5107034e-07, 5.4441796e-07, 5.352236e-07, 5.342868e-07, 5.3309253e-07, 5.3305547e-07, 5.3286914e-07, 5.32865e-07, 5.3284725e-07, 5.3284407e-07, 5.3284333e-07, 5.3284356e-07, 5.3284356e-07, 5.328431e-07, 5.3284316e-07, 3.470087, 0.3170576, 0.040940206, 0.012741628, 0.0020693883, 0.0014218087, 0.0004521485, 0.00024369509, 7.264536e-05, 2.5555128e-05, 1.1514816e-05, 3.966327e-06, 2.0422085e-06, 7.62799e-07, 6.250792e-07, 5.553709e-07, 5.3807423e-07, 5.37412e-07, 1.0982498, 0.13823183, 0.034901243, 0.008883443, 0.0023657044, 0.00089394336, 0.000308057, 5.840133e-05, 3.4325174e-05, 1.9072655e-05, 6.134556e-06, 1.6670831e-06, 9.544902e-07, 7.1314355e-07, 5.9095066e-07, 5.668546e-07, 0.8171727, 0.17118852, 0.08426298, 0.050818868, 0.032711565, 0.024767336, 0.017509485, 0.011890963, 0.00745099, 0.0042793057, 0.0022110315, 0.0010076548, 0.00039778312, 0.00013149703, 3.4930716e-05, 6.9553757e-06, 1.1279586e-06, 5.490973e-07, 6.4447227e-07, 6.534311e-07, 1.2867936, 0.44748613, 0.18759564, 0.06323911, 0.101942286, 0.03722306, 0.017172761, 0.021196181, 0.009912348, 0.0037316352, 0.004551627, 0.0016298698, 0.00042241692, 0.00055356516, 0.18998823, 0.053288303, 0.03182119, 0.018690258, 0.010003434, 0.005724496, 0.0024770605, 0.0009773171, 0.00038006663, 0.0001708416, 5.8606885e-05, 2.1120677e-05, 9.191494e-06, 3.882392e-06, 2.0259317e-06, 9.726477e-07, 6.9252e-07, 5.803328e-07, 5.593965e-07, 5.4688024e-07, 0.22225216, 0.06349318, 0.046252526, 0.036735076, 0.029755972, 0.025002783, 0.02047316, 0.016218593, 0.0121377455, 0.008260837, 0.0049919663, 0.0028470925, 0.0015879158, 0.0006736362, 0.00031308288, 0.000117730044, 4.058068e-05, 1.427372e-05, 4.946121e-06, 1.7772028e-06, 8.975878e-07, 6.9726235e-07, 5.7587823e-07, 5.56466e-07, 0.28591737, 0.05308715, 0.015144477, 0.007990678, 0.004584411, 0.0025762005, 0.001431852, 0.000725388, 0.00035128108, 0.00016521104, 7.3338444e-05, 3.1082567e-05, 1.2604332e-05, 5.3917574e-06, 2.5027225e-06, 1.3515493e-06, 8.364211e-07, 6.6096675e-07, 5.9304637e-07, 5.712419e-07, 0.18962087, 0.18770736, 0.25155276, 0.2849637, 0.15561767, 0.11781464, 0.09898825, 0.085506454, 0.060701884, 0.096827716, 0.2862783, 0.08121709, 0.03938339, 0.02077425, 0.012019163, 0.00881252, 0.0052401023, 0.0037316696, 0.0032532648, 0.0041479697, 0.0018935368, 0.0016431047, 0.19102338, 0.04003358, 0.02404502, 0.01509386, 0.010513343, 0.008813927, 0.004262007, 0.0011626342, 0.0006973758, 0.0012331797, 0.55995315, 0.030944077, 0.010438166, 0.0025894116, 0.0008298064, 0.00032038742, 0.00016157956, 5.347389e-05, 3.4911605e-05, 2.0915426e-05, 1.4826692e-05, 1.169694e-05, 3.9781107e-06, 3.5985174e-06, 0.3498912, 0.22316878, 0.087032825, 0.015310417, 0.003018684, 0.00085655926, 0.00046353327, 0.00047269693, 0.00014255125, 7.3345946e-05, 8.329734e-05, 6.0301652e-05, 0.19079056, 0.041125417, 0.01732096, 0.0032634009, 0.00016426711, 3.3164368e-05, 1.4299611e-05, 8.290903e-06, 1.2981321e-05, 2.1799883e-06, 1.4804268e-06, 8.0285645e-07, 6.270193e-07, 6.123253e-07, 0.31379074, 0.12279989, 0.02191979, 0.009609337, 0.007821246, 0.009072718, 0.13659193, 0.01189853, 0.003941456, 0.002021398, 0.0010973329, 0.0013583979, 0.00023118599, 0.00024354969, 0.00016120888, 3.8104845e-05, 2.0622434e-05, 1.9838377e-05, 0.104405865, 0.26960424, 0.06809805, 0.029606652, 0.11113095, 0.04415562, 0.021854127, 0.01645272, 0.013543223, 0.0104555655, 0.0076741627, 0.012163656, 0.04541886, 0.004472654, 0.0034408416, 0.0028194543, 0.003720885, 0.007237002, 0.31840387, 0.11144672, 0.101048596, 0.042529818, 0.03331281, 0.018058568, 0.014138955, 0.012590495, 0.023779837, 0.043652758, 0.008657149, 0.0015442461, 0.0012235292, 0.0006570617, 0.00021702684, 0.00028454835, 0.08686659, 0.059414707, 0.04641208, 0.025378324, 0.014250512, 0.03947859, 0.1969808, 0.023037272, 0.017719844, 0.043449312, 0.012312867, 0.008669841, 0.18032902, 0.0704816, 0.041071646, 0.0041965735, 0.0025901906, 0.0012768352, 0.00041573282, 0.00024493842, 9.7389915e-05, 0.0075688725, 0.19022302, 0.09961039, 0.097125314, 0.089184605, 0.047469933, 0.042843897, 0.13421832, 0.1526428, 0.089914404, 0.21156853, 0.2793792, 0.1280832, 0.1017315, 0.08833625, 0.06914774, 0.09485087, 0.030384399, 0.017861186, 0.017668154, 0.023327056, 0.13040766, 0.07509259, 0.046142478, 0.03547566, 0.20973858, 0.07793635, 0.061045125, 0.020595824, 0.014733578, 0.00490878, 0.0066440357, 0.0018937687, 0.091722615, 0.1413934], 'scaler_samples': (array([[0.57380378, 0.83607957, 0.86581642, 0.9950709 , 0.21899913,        0.73390788],       [0.31473349, 0.5572385 , 0.44851481, 0.35360887, 0.59760843,        0.79170241],       [0.54940106, 0.69848274, 0.39539219, 0.02326433, 0.6116504 ,        0.24267795]]), array([-1.52707857, -1.62105263, -1.58762887])), 'net': {'saver_path': './M-LOOP_archives/./neural_net_archive_2022-10-23_17-18_c-Lkjcps.ckpt'}}
