mloop_version='3.3.1'
archive_type='neural_net_learner'
num_params=2
min_boundary=array([0., 0.])
max_boundary=array([1., 1.])
start_datetime='2022-10-23_11-50'
param_names=['', '']
search_precision=1e-06
parameter_searches=10
bad_uncer_frac=0.1
trust_region=nan
has_trust_region=False
predict_global_minima_at_end=True
generation_num=3
update_hyperparameters=False
predicted_best_parameters=array([0.15405437, 0.61346624])
predicted_best_scaled_cost=-1.5747422
predicted_best_cost=-3.563257235131466
all_params=array([[0.603751  , 0.26157471],       [0.88146196, 0.6109651 ],       [0.94457615, 0.23295643],       [1.        , 1.        ],       [1.        , 0.96226378],       [0.89747501, 1.        ],       [0.90507203, 0.92948395],       [0.90289303, 0.68704368],       [0.92217055, 0.6089642 ],       [0.8855661 , 0.59278248],       [0.26939323, 0.2002367 ],       [0.76057639, 0.62947199],       [0.83261362, 0.58231154],       [0.83707682, 0.59516499],       [0.64118913, 0.1238772 ],       [0.15628777, 1.        ],       [0.33350922, 1.        ],       [0.3502184 , 1.        ],       [0.56042093, 0.95224003],       [0.68486941, 0.        ],       [0.67829955, 0.07945261],       [0.53541022, 0.        ],       [0.26272556, 0.76470182],       [0.99072282, 0.70240985],       [0.        , 0.87884766],       [0.60539879, 0.1433243 ],       [0.11149645, 0.60828385],       [0.88396404, 0.61585752],       [0.88005182, 0.6165773 ],       [0.89033463, 0.62211466],       [0.61228721, 0.02068363],       [0.        , 0.62624024],       [0.        , 0.63341256],       [0.        , 0.56100824],       [0.44043159, 0.00568443],       [0.60568097, 0.        ],       [0.60815577, 0.        ],       [0.73832164, 0.64163564],       [0.38761154, 0.75677567],       [0.86748025, 0.5969908 ],       [0.25288738, 0.54352287],       [0.64683743, 0.13556926],       [0.60212223, 0.88925342],       [0.63838488, 0.10564037],       [0.6174343 , 0.04035185],       [0.63339484, 0.08814776],       [0.68919298, 0.00788368],       [0.        , 0.48445415],       [0.62599996, 0.03799433],       [0.64475796, 0.15760635],       [0.73203564, 0.06288584],       [0.64879893, 0.1631207 ],       [0.64101047, 0.13555232],       [0.63742763, 0.17096229],       [0.66710315, 0.45945637],       [0.63887938, 0.15099838],       [0.63574514, 0.12230916],       [0.64365969, 0.15841121],       [0.79957345, 0.26138444],       [0.63984834, 0.1641343 ],       [0.13109373, 0.59839461],       [0.63972833, 0.16294105],       [0.26452433, 0.86618264],       [0.64207048, 0.15604573],       [0.10768173, 0.60781067],       [1.        , 0.62342227],       [0.4901852 , 0.20425732],       [0.763145  , 0.59895167],       [0.12290734, 0.61575877],       [0.82906744, 0.28684902],       [0.76051595, 0.87149773],       [0.77765957, 0.24477909],       [0.10748095, 0.60973793],       [0.77950391, 0.67763112],       [0.00358148, 0.61242756],       [0.068609  , 0.65950232],       [0.73434568, 1.        ],       [0.75711038, 1.        ],       [0.9332419 , 0.99758558],       [0.77005993, 0.8057237 ],       [0.11277056, 0.60420503],       [0.88158245, 0.61045006],       [0.05060594, 0.29202728],       [0.16216062, 0.59955462],       [0.87919128, 0.60933492],       [0.64306733, 0.15392239],       [0.10011164, 0.46084422],       [0.80501504, 0.24835387],       [0.1126076 , 0.59965053],       [0.88206709, 0.61062889],       [0.07838474, 0.12351463],       [0.09152138, 0.57155661],       [0.74306629, 0.8834468 ],       [0.19005168, 0.41017259],       [0.65395475, 0.7641541 ],       [0.12809751, 0.60448809],       [0.12500519, 0.61380054],       [0.12005686, 0.63450025],       [0.79715326, 0.43531136],       [0.        , 0.2050562 ],       [0.07963614, 0.44980043],       [0.6656817 , 0.1749708 ],       [0.78193899, 0.49604169],       [0.14006925, 0.60149976],       [0.12608801, 0.60922398],       [0.34992547, 0.59964829],       [0.52736518, 0.56383589],       [0.79825862, 0.2776472 ],       [0.13623747, 0.61016534],       [0.87716245, 0.60340321],       [0.27272845, 0.05775059],       [0.08811076, 0.62898338],       [0.12190892, 0.61461143],       [0.15618155, 0.59464559],       [0.04044428, 0.30685116],       [0.16408521, 0.61129874],       [0.15365639, 0.59507577],       [0.1691611 , 0.61941301],       [0.54084323, 0.99099076],       [0.16908818, 0.61859491]])
all_costs=array([-2.65869854, -3.45768566, -2.3198146 , -2.30379747, -2.48079306,       -2.37485172, -2.34152047, -2.62385321, -2.62385321, -2.61699346,       -2.46248462, -3.2032    , -2.48079306, -2.330617  , -3.28735632,       -3.19298246, -2.38617402, -2.16901408, -2.59662776, -2.46248462,       -2.34152047, -2.21705426, -2.35252644, -2.74622771, -2.37485172,       -3.15275591, -3.85741811, -3.32006633, -3.2032    , -2.61016949,       -3.78449905, -2.30911188, -2.39760479, -3.13302034, -2.56338028,       -2.23188406, -2.45644172, -2.73124147, -2.46248462, -2.36363636,       -2.35252644, -3.18282989, -2.59662776, -3.48173913, -2.91411936,       -2.5119197 , -2.48695652, -2.31445087, -2.59662776, -3.35343384,       -2.46248462, -3.03793627, -3.56862745, -3.44578313, -2.25704622,       -3.42222222, -2.89725036, -3.39898132, -3.26590538, -3.16271722,       -3.41056218, -3.08474576, -2.60338101, -3.18282989, -3.44578313,       -2.4504284 , -2.39760479, -2.36363636, -3.5308642 , -2.58990944,       -3.71428571, -2.27241771, -3.2032    , -2.66577896, -2.89725036,       -2.3198146 , -2.330617  , -2.30911188, -2.35252644, -2.40914561,       -3.16271722, -3.6733945 , -2.77669903, -2.83971631, -2.43256379,       -3.21348315, -3.44578313, -2.38049941, -3.14285714, -3.72811918,       -2.91411936, -2.32520325, -2.46248462, -2.79218968, -2.46248462,       -3.38747885, -3.62025316, -3.05648855, -2.3198146 , -2.30379747,       -2.30911188, -3.03793627, -2.33605601, -3.65996344, -3.14285714,       -2.28278221, -2.52459016, -2.47466007, -3.78449905, -2.45644172,       -2.33605601, -2.5119197 , -3.41056218, -3.03793627, -2.23687151,       -3.77024482, -2.88888889, -3.65996344, -3.35343384, -3.37605396])
all_uncers=array([1.e-08, 1.e-08, 1.e-08, 1.e-08, 1.e-08, 1.e-08, 1.e-08, 1.e-08,       1.e-08, 1.e-08, 1.e-08, 1.e-08, 1.e-08, 1.e-08, 1.e-08, 1.e-08,       1.e-08, 1.e-08, 1.e-08, 1.e-08, 1.e-08, 1.e-08, 1.e-08, 1.e-08,       1.e-08, 1.e-08, 1.e-08, 1.e-08, 1.e-08, 1.e-08, 1.e-08, 1.e-08,       1.e-08, 1.e-08, 1.e-08, 1.e-08, 1.e-08, 1.e-08, 1.e-08, 1.e-08,       1.e-08, 1.e-08, 1.e-08, 1.e-08, 1.e-08, 1.e-08, 1.e-08, 1.e-08,       1.e-08, 1.e-08, 1.e-08, 1.e-08, 1.e-08, 1.e-08, 1.e-08, 1.e-08,       1.e-08, 1.e-08, 1.e-08, 1.e-08, 1.e-08, 1.e-08, 1.e-08, 1.e-08,       1.e-08, 1.e-08, 1.e-08, 1.e-08, 1.e-08, 1.e-08, 1.e-08, 1.e-08,       1.e-08, 1.e-08, 1.e-08, 1.e-08, 1.e-08, 1.e-08, 1.e-08, 1.e-08,       1.e-08, 1.e-08, 1.e-08, 1.e-08, 1.e-08, 1.e-08, 1.e-08, 1.e-08,       1.e-08, 1.e-08, 1.e-08, 1.e-08, 1.e-08, 1.e-08, 1.e-08, 1.e-08,       1.e-08, 1.e-08, 1.e-08, 1.e-08, 1.e-08, 1.e-08, 1.e-08, 1.e-08,       1.e-08, 1.e-08, 1.e-08, 1.e-08, 1.e-08, 1.e-08, 1.e-08, 1.e-08,       1.e-08, 1.e-08, 1.e-08, 1.e-08, 1.e-08, 1.e-08, 1.e-08, 1.e-08])
bad_run_indexs=[]
best_cost=-3.857418111753373
best_params=array([0.11149645, 0.60828385])
best_index=26
worst_cost=-2.1690140845070425
worst_index=17
cost_range=1.6884040272463303
costs_count=120
params_count=91
cost_scaler_init_index=3
net_0={'last_hyperfit': 0, 'last_net_reg': 1e-08, 'regularization_history': [1e-08], 'losses_list': [1.9867425, 0.064432055, 0.010723263, 0.00015407553, 0.0015682604, 0.0014976524, 0.00070498895, 0.00023223601, 4.4163826e-05, 6.208215e-06, 5.7961447e-06, 2.0376212e-06, 6.540838e-07, 8.193543e-07, 5.760321e-07, 5.8205103e-07, 5.447753e-07, 5.3924526e-07, 5.323668e-07, 5.3139814e-07, 5.305718e-07, 5.305879e-07, 5.3055885e-07, 5.3054583e-07, 5.305361e-07, 5.3053526e-07, 5.3053424e-07, 5.3053407e-07, 5.3053395e-07, 5.3053395e-07, 1.1231709, 0.25547048, 0.014205439, 0.007844436, 0.00808418, 0.0066949604, 0.0054112906, 0.004493882, 0.0038152023, 0.0033186688, 0.002903893, 0.0025574379, 0.002253306, 0.0019823688, 0.0017406401, 0.0015236438, 0.0013275688, 0.001150267, 0.0009901194, 0.000846491, 0.0007196001, 0.0006092218, 0.0005135595, 0.0004302151, 0.00035746302, 0.00029435818, 0.0002400897, 0.00019391991, 0.00015507221, 0.00012273753, 9.616674e-05, 7.4587595e-05, 5.728172e-05, 4.3572265e-05, 3.285172e-05, 2.4563142e-05, 1.8231456e-05, 1.3449533e-05, 9.874955e-06, 7.234069e-06, 5.3008434e-06, 3.8993676e-06, 2.891427e-06, 2.1749352e-06, 1.6682484e-06, 1.3118994e-06, 1.0639058e-06, 8.934926e-07, 7.760593e-07, 6.9584576e-07, 0.7592726, 0.2512514, 0.21628436, 0.19015121, 0.16536467, 0.14754991, 0.13242674, 0.11212801, 0.13532598, 0.0787223, 0.054923747, 0.02951364, 0.0069585084, 0.0020981668, 0.00054836593, 0.0006823273, 0.0002085985, 6.0617444e-05, 2.9057936e-05, 1.2131696e-05, 4.901415e-06, 2.7820133e-06, 1.6362819e-06, 8.724604e-07, 6.380532e-07, 5.953433e-07, 6.837922, 0.36663046, 0.25110227, 0.18789315, 0.14875264, 0.12552609, 0.106751986, 0.08726056, 0.06419207, 0.04058935, 0.026617667, 0.012252181, 0.004578323, 0.0032733262, 0.00259134, 0.0018348219, 0.0015308539, 0.0012739162, 0.0010869063, 0.00092081184, 0.0007827439, 0.0006692026, 0.00057550136, 0.00049718487, 0.00043080078, 0.00037377686, 0.00032438143, 0.0002813661, 0.00024381343, 0.00021102409, 0.00018238193, 0.00015740846, 0.00013820379, 0.0012876019, 7.3278127, 0.8952587, 0.324743, 0.27103782, 0.19185011, 0.18199281, 0.15309957, 0.09870972, 0.0865631, 0.07494129, 0.40912426, 0.1551885, 0.11731639, 0.09094013, 0.07052815, 0.05597774, 0.04117467, 0.029719938, 0.022315346, 0.013878796, 0.009592792, 0.007201615, 0.005625486, 0.005435676, 0.1815895, 0.03193309, 0.01182467, 0.007636891, 0.005333491, 0.003997675, 0.0033033523, 0.0029776823, 0.0027448377, 0.0025459507, 0.28971776, 0.06931892, 0.05973285, 0.055090014, 0.0521049, 0.050784074, 0.44661936, 0.5430894, 0.3717824, 0.2712123, 0.2473854, 0.25565284, 0.7133729, 0.48317742, 0.43502566, 0.38448328, 0.48028553, 0.41003057, 0.3844605, 0.36534044, 0.39971206, 0.3557622, 0.3859626, 0.47690213, 0.37648848, 0.30866918, 0.3086318, 0.27838078, 0.3293884, 0.2677467, 0.25975758, 0.25209224, 0.24931303, 0.30678985, 0.4625756, 0.32233793, 0.31905463, 0.28462067, 0.3701443, 0.28466332, 0.27546167, 0.23205549, 0.49167874, 0.29564762, 0.25472662, 0.26483494, 0.21684867, 0.21780671, 0.24680784, 0.31699687, 0.33275434, 0.32200477, 0.39615113, 0.2858325, 0.2557775, 0.22936662, 0.3004619, 0.25015658, 0.234326, 0.24690145, 0.23161112, 0.43343663, 0.38544303, 0.3204326, 0.288674, 0.2717831, 0.25947142, 0.24719766, 0.3736983, 0.24832375, 0.33006576, 0.7405772, 0.36200726, 0.2828431, 0.32965985, 0.29925692], 'scaler_samples': (array([[0.603751  , 0.26157471],       [0.88146196, 0.6109651 ],       [0.94457615, 0.23295643]]), array([-2.65869854, -3.45768566, -2.3198146 ])), 'net': {'saver_path': './M-LOOP_archives/./neural_net_archive_2022-10-23_11-50_lXbzCPwK.ckpt'}}
net_1={'last_hyperfit': 0, 'last_net_reg': 1e-08, 'regularization_history': [1e-08], 'losses_list': [0.36295387, 0.022776382, 0.012390162, 0.005504232, 0.0023346895, 0.0011716164, 0.0005131489, 0.000153126, 1.528681e-05, 2.4568706e-06, 7.792946e-06, 2.6885536e-06, 5.220972e-07, 8.7082935e-07, 5.5208636e-07, 5.3363084e-07, 5.2031646e-07, 5.112086e-07, 5.10593e-07, 5.095152e-07, 5.092701e-07, 5.0923205e-07, 5.0916265e-07, 5.0916225e-07, 5.09158e-07, 5.091562e-07, 5.091556e-07, 5.091557e-07, 5.091554e-07, 5.0915537e-07, 0.944515, 0.17487952, 0.0307678, 0.0131405275, 0.0069062524, 0.0042264145, 0.0030249278, 0.002588553, 0.002134058, 0.0017461003, 0.0014188946, 0.0011329697, 0.0008942141, 0.0006983146, 0.00054136204, 0.000416539, 0.00031824765, 0.00024146377, 0.00018192013, 0.00013607617, 0.0001010198, 7.442158e-05, 5.4405027e-05, 3.9474617e-05, 2.8440745e-05, 2.0360752e-05, 1.4502204e-05, 1.029232e-05, 7.2929947e-06, 5.1768893e-06, 3.6983722e-06, 2.6713592e-06, 1.9654117e-06, 1.4840286e-06, 1.1578414e-06, 9.385168e-07, 7.924431e-07, 6.9536986e-07, 6.3185564e-07, 5.901146e-07, 0.79567254, 0.23611173, 0.1959281, 0.17443761, 0.5007697, 0.30985606, 0.2692205, 0.22036988, 0.16709724, 0.11879176, 0.10256452, 0.082426466, 0.05692751, 0.031191243, 0.026487827, 0.01054916, 0.0053011943, 0.002943051, 0.001333981, 0.00056747627, 0.00022047367, 7.3001924e-05, 1.9052843e-05, 4.3991963e-06, 1.6978956e-06, 9.847284e-07, 7.8547527e-07, 6.880191e-07, 5.99401e-07, 5.623332e-07, 0.4267131, 0.8063286, 0.3292805, 0.23068702, 1.5073112, 0.44103512, 0.6101285, 0.32131925, 0.24722221, 0.17010266, 0.11859105, 0.08913193, 0.0722089, 0.06514684, 0.4404496, 0.13637531, 0.10897699, 0.083969414, 0.06775373, 0.053926434, 0.041915886, 0.030258048, 0.022464175, 0.015102665, 0.010584903, 0.0077277804, 0.005851929, 0.004742064, 0.0039033832, 0.0033852966, 0.0029868765, 0.0027026117, 0.22904631, 0.0521093, 0.036543775, 0.027364992, 0.02325945, 0.020453792, 0.017455889, 0.01661396, 0.5229326, 0.55449027, 0.39374533, 0.31029186, 0.24371444, 0.403342, 0.66280323, 0.38941497, 0.35073507, 0.37315252, 0.42187443, 0.33529696, 0.27557832, 0.23889136, 0.20969698, 0.15401794, 0.1254688, 0.13787548, 0.08723905, 0.07080117, 0.28580284, 0.1882932, 0.11921491, 0.09435141, 0.062318914, 0.062090807, 0.057547808, 0.03643199, 0.02677965, 0.024981288, 0.019588461, 0.020582994, 0.25913122, 0.39001003, 0.32241789, 0.23920827, 0.18970983, 0.17010991, 0.18510762, 0.1361352, 0.11908661, 0.11074829, 0.19634026, 0.09818706, 0.0901255, 0.08620437, 0.090808146, 0.15212217, 0.22384007, 0.13339534, 0.10726157, 0.095102526, 0.22444507, 0.11280806, 0.094894856, 0.09043753, 0.076976635, 0.06828517, 0.23479606, 0.12297244, 0.14833628, 0.11881795, 0.06867157, 0.061724383, 0.082083136, 0.3343458, 0.40828547, 0.19268103, 0.16382182, 0.14041539, 0.2592712, 0.18691267, 0.11342834, 0.14248669, 0.1832113, 0.14639658, 0.13318522, 0.11883989, 0.16494027, 0.25624737, 0.2648576, 0.22890764, 0.22609389, 0.21921799, 0.20495395, 0.17212039, 0.19871773, 0.17771178, 0.19199897, 0.2694759, 0.28058568, 0.19996716, 0.14221159, 0.24045843], 'scaler_samples': (array([[0.603751  , 0.26157471],       [0.88146196, 0.6109651 ],       [0.94457615, 0.23295643]]), array([-2.65869854, -3.45768566, -2.3198146 ])), 'net': {'saver_path': './M-LOOP_archives/./neural_net_archive_2022-10-23_11-50_OoV9o_Mq.ckpt'}}
net_2={'last_hyperfit': 0, 'last_net_reg': 1e-08, 'regularization_history': [1e-08], 'losses_list': [0.5398534, 0.06615274, 0.032934524, 0.020213926, 0.0067758164, 0.0011171016, 5.551922e-05, 2.4011037e-05, 3.5324407e-05, 1.8344916e-05, 7.4170453e-06, 3.5261062e-06, 1.5338801e-06, 7.727964e-07, 6.1886635e-07, 5.5346146e-07, 5.562134e-07, 5.5437357e-07, 5.543351e-07, 5.524552e-07, 5.515458e-07, 5.511706e-07, 5.5111457e-07, 5.511142e-07, 5.5111104e-07, 5.5110974e-07, 5.511099e-07, 5.5110945e-07, 5.511094e-07, 5.511093e-07, 6.992617, 0.18948124, 0.11705742, 0.035866853, 0.011923394, 0.008480844, 0.007580407, 0.0063750576, 0.0054833037, 0.004914241, 0.5772548, 0.3163945, 0.19485784, 0.1648047, 0.5566318, 0.33017722, 0.23650658, 0.20284227, 0.17727308, 0.15477537, 0.13709599, 0.124196, 1.7616546, 0.25893033, 0.43647176, 0.1520596, 0.15825507, 0.15409938, 0.13686559, 0.1985922, 0.58947664, 0.19026165, 0.15174186, 0.13093022, 0.11565601, 0.090523474, 0.09339804, 0.05181082, 0.038231, 0.03134399, 0.19185004, 0.08273381, 0.044111654, 0.026865184, 0.02329079, 0.014051802, 0.010493388, 0.007657085, 0.0068445494, 0.004779471, 0.0038169932, 0.0031389385, 0.002707084, 0.0022604065, 0.002051242, 0.0020993764, 0.39219856, 0.290477, 0.103601456, 0.05589561, 0.05362325, 0.051823292, 0.7990981, 0.64064735, 0.92690593, 0.9291297, 0.51932764, 0.45541477, 0.36393392, 0.3381413, 0.58704823, 0.4397331, 0.38675696, 0.36986506, 0.46457532, 0.3931137, 0.36618263, 0.33481446, 0.36774987, 0.33885863, 0.37097663, 0.42156896, 0.42342252, 0.3824637, 0.32542938, 0.3183451, 0.32003444, 0.2904575, 0.36397555, 0.28258055, 0.2766336, 0.26851696, 0.29220745, 0.3316529, 0.49640086, 0.3201159, 0.30954936, 0.2816436, 0.41446382, 0.27315256, 0.25206134, 0.2649008, 0.35131863, 0.28818244, 0.29256102, 0.25718758, 0.3260934, 0.35614944, 0.44936603, 0.31266364, 0.3187773, 0.2845224, 0.35122752, 0.31806058, 0.26756802, 0.2473313, 0.28897455, 0.24640414, 0.3255199, 0.29840994, 0.41321456, 0.32850057, 0.3149227, 0.3073664, 0.4133597, 0.30056098, 0.32451162, 0.25088984, 0.35804865, 0.29017836, 0.3584272, 0.27104545, 0.34943548, 0.36695516], 'scaler_samples': (array([[0.603751  , 0.26157471],       [0.88146196, 0.6109651 ],       [0.94457615, 0.23295643]]), array([-2.65869854, -3.45768566, -2.3198146 ])), 'net': {'saver_path': './M-LOOP_archives/./neural_net_archive_2022-10-23_11-50_ZZ5KHRZM.ckpt'}}
