mloop_version='3.3.1'
archive_type='neural_net_learner'
num_params=6
min_boundary=array([0., 0., 0., 0., 0., 0.])
max_boundary=array([1., 1., 1., 1., 1., 1.])
start_datetime='2022-10-23_18-06'
param_names=['', '', '', '', '', '']
search_precision=1e-06
parameter_searches=10
bad_uncer_frac=0.1
trust_region=nan
has_trust_region=False
predict_global_minima_at_end=True
generation_num=3
update_hyperparameters=False
predicted_best_parameters=array([0.79807371, 0.5516816 , 0.52103075, 0.37339865, 0.1399285 ,       0.39500136])
predicted_best_scaled_cost=-1.6957712
predicted_best_cost=-1.9700411637750692
all_params=array([[0.48195501, 0.51247067, 0.62314791, 0.96087417, 0.58444985,        0.92095067],       [0.77853883, 0.42942823, 0.21092069, 0.79066604, 0.53789751,        0.74658054],       [0.61178052, 0.09992293, 0.1879765 , 0.48263644, 0.38806708,        0.66384002],       [0.        , 1.        , 0.73994593, 1.        , 1.        ,        0.00451037],       [0.        , 0.12006762, 0.79420643, 1.        , 0.38347045,        0.        ],       [1.        , 1.        , 0.35009073, 0.        , 1.        ,        1.        ],       [0.22296689, 0.29517101, 0.32512173, 0.06634521, 0.83979691,        0.8915933 ],       [1.        , 0.1448633 , 0.63349947, 0.60354474, 0.69227935,        1.        ],       [0.        , 0.        , 0.98641024, 1.        , 0.5660817 ,        0.        ],       [0.14800711, 1.        , 0.        , 0.71001248, 0.1735629 ,        0.        ],       [0.7371782 , 0.37105675, 0.49913314, 0.43123043, 0.7701155 ,        0.2033992 ],       [0.        , 0.14846122, 1.        , 0.52313895, 0.11664085,        0.04143297],       [0.        , 0.        , 0.54471114, 1.        , 0.13279858,        0.        ],       [0.19052094, 0.        , 1.        , 1.        , 0.        ,        0.7957925 ],       [0.12124784, 0.24801752, 0.07865126, 0.13743491, 0.10239498,        0.38234935],       [0.        , 0.29316605, 0.01914849, 0.396733  , 1.        ,        0.65996115],       [1.        , 0.        , 0.        , 1.        , 1.        ,        0.97172629],       [0.87001382, 0.37440696, 1.        , 1.        , 0.23369926,        0.99117191],       [0.41841668, 0.50857817, 0.2426237 , 0.63278984, 0.44778881,        0.67808023],       [0.82485669, 0.43992688, 0.17243317, 0.84035717, 0.54491772,        0.75031469],       [0.77795151, 0.28958824, 0.25420885, 0.89133069, 0.43630572,        0.77630577],       [0.06269774, 0.60827117, 0.00671451, 0.        , 0.97124108,        0.04141284],       [0.66875118, 0.43075676, 0.63096428, 0.78741785, 0.65012544,        0.00884462],       [0.77136099, 0.42340768, 0.17531031, 0.76824896, 0.54816328,        0.73913295],       [0.73079801, 0.44754529, 0.16803249, 0.73822579, 0.56030873,        0.72104203],       [0.75103057, 0.35476606, 0.14218109, 0.6608857 , 0.57054092,        0.74722627],       [0.46593887, 0.0501609 , 0.68773963, 0.66782324, 0.39620882,        0.34331247],       [0.80291131, 0.41405383, 0.2761081 , 0.75286066, 0.54386331,        0.78131506],       [0.79699763, 0.40399247, 0.24522558, 0.7284518 , 0.54303114,        0.78307134],       [0.7814105 , 0.37772348, 0.24273601, 0.75834606, 0.53430805,        0.76974895],       [0.04141982, 0.82381656, 0.74190118, 0.12472415, 0.62914713,        0.03316476],       [0.80368729, 0.46137791, 0.10115699, 0.83015969, 0.54867685,        0.7569097 ],       [0.75207691, 0.59284849, 0.17618594, 0.79593522, 0.48239871,        0.72647813],       [0.76698547, 0.40364958, 0.16203484, 0.72451869, 0.50770109,        0.76571887],       [0.78356766, 0.92272715, 0.96976099, 0.38689003, 0.91381856,        0.38313178],       [0.78397005, 0.44961992, 0.22517446, 0.78942643, 0.55923333,        0.72582536],       [0.75770747, 0.33565837, 0.14342089, 0.66142448, 0.59076279,        0.79205353],       [0.        , 0.84352926, 1.        , 0.33400806, 0.9963007 ,        0.        ],       [0.81623509, 0.61561578, 0.57909403, 0.35361352, 0.08102197,        0.33242761],       [0.78787212, 0.32208587, 0.07460359, 0.70926292, 0.60202087,        0.80725906],       [0.77396431, 0.3850321 , 0.16469305, 0.64168032, 0.5898527 ,        0.7878563 ],       [0.77701904, 0.38755282, 0.20856202, 0.72532116, 0.54667546,        0.76103245],       [0.68462989, 0.54543778, 0.1173115 , 0.74694313, 0.26892148,        0.79780847],       [1.        , 0.49569146, 0.77827557, 0.        , 0.        ,        0.02368664],       [1.        , 0.49878274, 0.7548638 , 0.        , 0.        ,        0.        ],       [1.        , 0.86475617, 1.        , 0.08763051, 0.        ,        0.        ],       [0.11201092, 0.90599081, 0.34052841, 0.72171866, 0.45360505,        0.70543585],       [0.82374353, 0.84814348, 0.62723018, 0.04362612, 0.        ,        0.29592148],       [1.        , 0.76421201, 0.35313204, 0.21040638, 0.        ,        0.1880968 ],       [0.86019379, 0.48103742, 0.20297331, 0.02390806, 0.        ,        0.25606102],       [0.1508116 , 0.52052535, 0.14502629, 0.54491115, 0.56606678,        0.66846571],       [0.86441884, 0.59615943, 0.60052529, 0.49008096, 0.        ,        0.24889909],       [1.        , 1.        , 0.19400815, 1.        , 0.        ,        0.17148093],       [1.        , 1.        , 1.        , 0.5745046 , 0.        ,        0.16034535],       [0.13229308, 0.78038594, 0.51043955, 0.51658373, 0.96444319,        0.74357996],       [0.87304067, 0.65324066, 0.68795802, 0.23588822, 0.        ,        0.27517581],       [0.83177583, 0.70678114, 0.64422127, 0.27438933, 0.        ,        0.26583524],       [0.9511268 , 1.        , 0.75292584, 0.33635751, 0.        ,        0.24810832],       [0.45777484, 0.84311107, 0.39040886, 0.42135206, 0.97714228,        0.50513274],       [0.80780882, 0.58540568, 0.63341875, 0.29209167, 0.        ,        0.16537949],       [0.82343269, 0.63063412, 0.55589355, 0.28304274, 0.03022662,        0.27413835],       [0.78456568, 0.6258298 , 0.59664947, 0.27662479, 0.01873292,        0.23855557],       [0.10341436, 0.66739035, 0.38568292, 0.66532556, 0.67676517,        0.40533512],       [0.80940622, 0.59366241, 0.56831223, 0.40271415, 0.12541046,        0.35195505],       [0.8659566 , 0.6294433 , 0.46989813, 0.48928955, 0.1547039 ,        0.41398925],       [0.84137292, 1.        , 0.31330097, 0.06492871, 0.        ,        0.94904792],       [0.67059411, 0.13603742, 0.21356659, 0.01384941, 0.39281412,        0.32006595],       [0.74614857, 0.27613397, 0.17033802, 0.59709041, 0.58526203,        0.7737098 ],       [0.        , 1.        , 0.53830603, 0.47771492, 0.36960472,        0.62155804],       [0.30179184, 0.85211548, 0.38739788, 1.        , 0.74674756,        0.        ],       [0.62205325, 0.13849492, 0.72192327, 0.09360628, 0.16372149,        0.54059601],       [0.77969458, 0.56735976, 0.58852261, 0.40837081, 0.10678628,        0.36649439],       [0.79464301, 0.00919518, 0.09901737, 0.31479274, 0.42478859,        0.        ],       [0.79090255, 0.63020192, 0.61390961, 0.39637575, 0.10819201,        0.3781747 ],       [0.93089012, 0.38878167, 0.45136282, 0.86978127, 0.07127148,        0.70540741],       [0.8466923 , 0.64072417, 0.59258427, 0.31435171, 0.05077169,        0.2784647 ],       [0.78725351, 0.57980388, 0.62703026, 0.36162011, 0.10555395,        0.36144778],       [0.82748025, 0.58651144, 0.55554919, 0.34918574, 0.09138823,        0.32515647],       [0.05448343, 0.26502815, 0.22575089, 0.77549545, 0.71090434,        0.07424279],       [0.80900136, 0.6219136 , 0.57164808, 0.3988382 , 0.11786085,        0.36294042],       [0.78234793, 0.60636241, 0.58931794, 0.40026993, 0.10267193,        0.37530602],       [0.80712253, 0.63594193, 0.59309654, 0.3844102 , 0.09935843,        0.34006635],       [0.2668168 , 0.27211393, 0.83716484, 0.29124008, 0.71603505,        0.46725837],       [0.79377356, 0.58125586, 0.5484902 , 0.42906094, 0.13014281,        0.38343724],       [0.80773616, 0.60978085, 0.56198966, 0.39140799, 0.10794793,        0.36127627],       [0.01935246, 1.        , 0.0291905 , 1.        , 1.        ,        1.        ],       [0.82001826, 0.2852385 , 0.60043128, 0.38863756, 0.99988231,        0.28198058],       [0.81271942, 0.62625515, 0.59585997, 0.35823894, 0.08386279,        0.32396014],       [0.81169554, 0.57010211, 0.54669912, 0.39664354, 0.12806489,        0.36754874],       [0.17663702, 0.60797076, 0.47761922, 0.21711843, 0.51898859,        0.        ],       [0.40565684, 0.27786421, 0.07231963, 0.93929201, 0.01227497,        0.67248771],       [0.8118925 , 0.5681079 , 0.53603792, 0.41657358, 0.18167448,        0.38892942],       [0.79075238, 0.55867196, 0.5693715 , 0.4224993 , 0.14109202,        0.39764455],       [0.73116552, 0.37548466, 0.16805169, 0.67561761, 0.59740698,        0.81341318],       [0.79950385, 0.82592018, 0.35800338, 0.36746345, 0.48466327,        0.42598683],       [0.80181882, 0.52544386, 0.55249046, 0.42237356, 0.11417218,        0.40115552],       [0.79201686, 0.56076296, 0.56883658, 0.4311733 , 0.14029343,        0.40448307],       [0.80322226, 0.56902175, 0.56186322, 0.42037647, 0.14424394,        0.39213509],       [0.35563745, 0.04236385, 0.84272801, 0.01506081, 0.20722659,        0.12909193],       [0.21085977, 1.        , 0.92741527, 1.        , 0.10519806,        0.26047456],       [0.81080262, 0.57890041, 0.54954121, 0.40212696, 0.13134928,        0.36776732],       [0.76813837, 0.41447878, 0.20895591, 0.8142459 , 0.53897479,        0.74701631],       [0.83849058, 0.84153695, 0.23084521, 0.52726522, 0.6617994 ,        0.86428776],       [0.79941978, 0.58273223, 0.54328864, 0.38641278, 0.14529074,        0.37897514],       [0.        , 1.        , 0.94981623, 0.24949049, 0.60667973,        0.        ],       [1.        , 0.84389306, 0.        , 0.70345119, 0.02937347,        0.27787152],       [0.19716816, 0.59168138, 0.23895898, 0.15348555, 0.84570697,        0.73456877],       [0.80283183, 0.57573898, 0.54532743, 0.36939019, 0.13259176,        0.37485808],       [0.79715826, 0.57734843, 0.55060613, 0.38875509, 0.14293725,        0.36830903],       [0.79965013, 0.46437566, 0.19704082, 0.75977469, 0.53011767,        0.73841156],       [0.75819903, 0.35942096, 0.80293205, 0.57963228, 0.2877479 ,        0.37565816],       [0.80629025, 0.57483104, 0.54049934, 0.37605063, 0.13093175,        0.38475813],       [0.80730133, 0.58767397, 0.55084894, 0.37029165, 0.11022463,        0.37449214],       [0.79944288, 0.56692018, 0.54743834, 0.37467519, 0.12243635,        0.36771527],       [0.00210588, 0.89468715, 0.94722926, 0.77575115, 0.80084478,        0.919408  ],       [0.77426875, 0.5572951 , 0.54077755, 0.4059722 , 0.14138213,        0.41347924],       [0.762625  , 0.49053503, 0.20884989, 0.80384235, 0.54044579,        0.77175978],       [0.77106531, 0.3457256 , 0.15419811, 0.67760952, 0.59391706,        0.79324198],       [0.36324904, 0.43789199, 0.26973778, 0.48516374, 0.70191986,        0.42049481],       [0.72259121, 0.32845939, 0.14641648, 0.6535638 , 0.58816496,        0.80479187]])
all_costs=array([-1.76699029, -1.94557823, -1.75768218, -1.89763033, -1.92315082,       -1.74238468, -1.85542169, -1.82165605, -1.78272484, -1.76387665,       -1.73633998, -1.73033708, -1.76387665, -1.86232558, -1.83165599,       -1.73033708, -1.77639752, -1.71845494, -1.76699029, -1.87628866,       -1.8019802 , -1.75153106, -1.81176471, -1.87628866, -1.78590544,       -1.90123457, -1.78909741, -1.82165605, -1.88334901, -1.88689915,       -1.92315082, -1.8727783 , -1.86232558, -1.78909741, -1.84176633,       -1.83165599, -1.95698925, -1.8019802 , -1.98808342, -1.84856879,       -1.91212989, -1.78909741, -1.85542169, -1.81834696, -1.79874214,       -1.82497721, -1.93056895, -1.83838384, -1.8904627 , -1.69804919,       -1.8519889 , -1.78909741, -1.84856879, -1.74542284, -1.90123457,       -1.65591398, -1.8519889 , -1.74847162, -1.81176471, -1.83501375,       -1.81834696, -1.82497721, -1.68660489, -1.95698925, -1.70673487,       -1.86232558, -1.76387665, -1.82497721, -1.73033708, -1.77955556,       -1.76387665, -1.90848427, -1.84856879, -1.89763033, -1.77325066,       -1.86232558, -1.88689915, -1.84176633, -1.7955157 , -1.92685274,       -1.94557823, -1.93429952, -1.72141015, -1.93056895, -1.90123457,       -1.69230769, -1.83838384, -1.91946309, -1.9920398 , -1.87628866,       -1.83165599, -1.79874214, -1.97241379, -1.90123457, -1.83165599,       -1.89403974, -1.87628866, -1.90123457, -1.85542169, -1.83838384,       -1.91212989, -1.86232558, -1.8727783 , -1.96082272, -1.86579683,       -1.80522994, -1.87628866, -1.96853491, -1.8904627 , -1.87981221,       -1.8519889 , -1.94557823, -1.91212989, -1.9920398 , -1.74847162,       -1.8727783 , -1.87981221, -1.8904627 , -1.77955556, -1.98414272])
all_uncers=array([1.e-08, 1.e-08, 1.e-08, 1.e-08, 1.e-08, 1.e-08, 1.e-08, 1.e-08,       1.e-08, 1.e-08, 1.e-08, 1.e-08, 1.e-08, 1.e-08, 1.e-08, 1.e-08,       1.e-08, 1.e-08, 1.e-08, 1.e-08, 1.e-08, 1.e-08, 1.e-08, 1.e-08,       1.e-08, 1.e-08, 1.e-08, 1.e-08, 1.e-08, 1.e-08, 1.e-08, 1.e-08,       1.e-08, 1.e-08, 1.e-08, 1.e-08, 1.e-08, 1.e-08, 1.e-08, 1.e-08,       1.e-08, 1.e-08, 1.e-08, 1.e-08, 1.e-08, 1.e-08, 1.e-08, 1.e-08,       1.e-08, 1.e-08, 1.e-08, 1.e-08, 1.e-08, 1.e-08, 1.e-08, 1.e-08,       1.e-08, 1.e-08, 1.e-08, 1.e-08, 1.e-08, 1.e-08, 1.e-08, 1.e-08,       1.e-08, 1.e-08, 1.e-08, 1.e-08, 1.e-08, 1.e-08, 1.e-08, 1.e-08,       1.e-08, 1.e-08, 1.e-08, 1.e-08, 1.e-08, 1.e-08, 1.e-08, 1.e-08,       1.e-08, 1.e-08, 1.e-08, 1.e-08, 1.e-08, 1.e-08, 1.e-08, 1.e-08,       1.e-08, 1.e-08, 1.e-08, 1.e-08, 1.e-08, 1.e-08, 1.e-08, 1.e-08,       1.e-08, 1.e-08, 1.e-08, 1.e-08, 1.e-08, 1.e-08, 1.e-08, 1.e-08,       1.e-08, 1.e-08, 1.e-08, 1.e-08, 1.e-08, 1.e-08, 1.e-08, 1.e-08,       1.e-08, 1.e-08, 1.e-08, 1.e-08, 1.e-08, 1.e-08, 1.e-08, 1.e-08])
bad_run_indexs=[]
best_cost=-1.992039800995025
best_params=array([0.81169554, 0.57010211, 0.54669912, 0.39664354, 0.12806489,       0.36754874])
best_index=88
worst_cost=-1.655913978494624
worst_index=55
cost_range=0.33612582250040113
costs_count=120
params_count=90
cost_scaler_init_index=3
net_0={'last_hyperfit': 0, 'last_net_reg': 1e-08, 'regularization_history': [1e-08], 'losses_list': [0.3488372, 0.0039459583, 0.002188917, 0.0008673553, 8.6744505e-05, 0.0001509687, 0.00011101731, 8.0152466e-05, 4.7184527e-05, 1.657045e-05, 1.488283e-06, 1.2750118e-06, 1.3586764e-06, 6.5122003e-07, 5.938487e-07, 5.908063e-07, 5.520125e-07, 5.5548645e-07, 5.512662e-07, 5.5159e-07, 5.510462e-07, 5.511017e-07, 5.510371e-07, 5.510358e-07, 5.5103425e-07, 5.5103266e-07, 5.510322e-07, 5.510321e-07, 5.5103203e-07, 5.5103203e-07, 3.4252553, 0.021975657, 0.06553159, 0.01844677, 0.003559178, 0.0021517437, 0.0010164061, 0.00021381669, 2.5916155e-05, 2.2618726e-05, 1.5756692e-05, 4.2347915e-06, 8.7173885e-07, 1.0117556e-06, 7.6976664e-07, 5.650656e-07, 5.7065046e-07, 5.622286e-07, 0.86457944, 0.08685837, 0.03884664, 0.018198228, 0.0012882669, 0.0014083083, 0.0005305787, 0.00015459949, 6.0080583e-05, 2.0916006e-05, 7.5228195e-06, 2.1460473e-06, 1.7779006e-06, 8.2922224e-07, 6.211097e-07, 5.7590967e-07, 0.5510566, 0.106692836, 0.022346983, 0.015200721, 0.0063800854, 0.00043486114, 0.00075498916, 7.166083e-05, 0.00010210035, 2.01718e-05, 6.81393e-06, 3.932698e-06, 8.000155e-07, 1.0322005e-06, 7.011614e-07, 5.779637e-07, 0.2530689, 0.41487074, 0.23905423, 0.06760607, 0.027934916, 0.007951331, 0.0039795632, 0.00047452605, 0.0007369877, 0.012132197, 0.0011817862, 0.00035180748, 0.068822324, 0.011701522, 0.0024154137, 0.0001492887, 8.084108e-05, 5.003889e-06, 1.784605e-06, 7.0821466e-07, 5.718648e-07, 5.563225e-07, 0.104239136, 0.036902968, 0.013104854, 0.0047825635, 0.0033859091, 0.002201501, 0.0015154121, 0.00079695805, 0.0003779422, 0.00027554107, 5.1024053e-05, 1.7949304e-05, 6.5197337e-06, 2.0245166e-06, 9.819776e-07, 6.994974e-07, 5.974055e-07, 5.6882396e-07, 0.1917723, 0.031505503, 0.017044144, 0.011209965, 0.0076217777, 0.005069758, 0.0034097964, 0.0025256877, 0.0018434909, 0.0014014114, 0.0010848913, 0.0007402033, 0.0005123153, 0.00036316182, 0.00024117368, 0.00014639545, 8.720371e-05, 5.707187e-05, 3.2935575e-05, 1.851633e-05, 1.0947848e-05, 5.641311e-06, 4.096454e-06, 2.3432842e-06, 1.3509807e-06, 9.111297e-07, 7.4509603e-07, 6.480977e-07, 0.13758032, 0.100302614, 0.06451542, 0.025673078, 0.006800507, 0.0028992002, 0.0009782863, 0.0004703644, 0.0002859893, 0.00019360306, 0.00017887892, 0.00010683839, 6.734811e-05, 6.3833904e-05, 0.10343456, 0.026667295, 0.016227946, 0.010798708, 0.011833743, 0.005774386, 0.002784888, 0.0019460097, 0.00095374754, 0.00059896184, 0.0004446665, 0.00024685616, 0.16523178, 0.034456596, 0.0129001355, 0.0032009464, 0.001100006, 0.00038993545, 0.00033314625, 8.424414e-05, 4.0215797e-05, 1.6768738e-05, 4.837039e-06, 5.60806e-06, 1.4903994e-06, 9.278586e-07, 6.486524e-07, 6.250278e-07, 0.14236204, 0.007295838, 0.002080316, 0.00049451826, 0.00039524486, 0.00024022977, 0.0002425227, 0.00019438233, 0.13739176, 0.047744013, 0.111462526, 0.045689758, 0.016848363, 0.0049520847, 0.0014270159, 0.00040470346, 0.000906593, 0.0003757955, 0.13514324, 0.03772834, 0.011470145, 0.0014006764, 0.000320485, 0.00024941962, 0.0001969511, 0.00021349419, 0.20631558, 0.10282733, 0.05073552, 0.025379311, 0.02955971, 0.031936035, 0.013534799, 0.007159455, 0.0053761136, 0.007219559, 0.0016113325, 0.0018659381, 0.0017125541, 0.0005397316, 7.8173725e-05, 1.6888342e-05, 5.311626e-05, 3.1514395e-05, 6.668755e-05, 0.0007852909, 0.15149592, 0.0329199, 0.015984397, 0.010048081, 0.010368123, 0.0045429366, 0.005146849, 0.0036115889, 0.10560126, 0.02512747, 0.062828995, 0.01664847, 0.008094081, 0.0030950115, 0.119383715, 0.0149220135, 0.002227951, 0.0007235667, 0.00036386435, 0.00025373348, 0.00014049576, 6.940006e-05, 5.7567184e-05, 4.7076464e-05, 2.5802621e-05, 1.1450985e-05, 7.319691e-06, 5.235795e-06, 3.188224e-06, 4.094218e-05, 0.015228529, 0.00492499, 0.00407725, 0.0021119942, 0.002153759, 0.013761523, 0.039758846, 0.026729917, 0.014689211, 0.015907887, 0.011933876, 0.0067101563, 0.017589143, 0.01598176, 0.13315393, 0.12045285, 0.0162096, 0.013124395, 0.012336836, 0.008980298, 0.008368664, 0.007406525, 0.013623743, 0.0061411127, 0.017772814, 0.012995712, 0.035046685, 0.012113448, 0.008549401, 0.011480679, 0.0057885363, 0.0055206185, 0.047651496, 0.019173767, 0.011314912, 0.012823704, 0.0061227423, 0.0036433197, 0.00760527, 0.0025104033, 0.0032579133, 0.006120389, 0.028238742, 0.06906535, 0.02682881, 0.022268208, 0.039053854, 0.021569999, 0.019917792, 0.027722346, 0.022583647, 0.014811468, 0.017082246, 0.012239854, 0.011871277, 0.009188663, 0.021105535, 0.013058681, 0.0148567995, 0.009237588, 0.04733118, 0.10168696, 0.04903716, 0.034561303, 0.047867943, 0.0245971, 0.02693619, 0.026409863, 0.019743772, 0.019438185], 'scaler_samples': (array([[0.48195501, 0.51247067, 0.62314791, 0.96087417, 0.58444985,        0.92095067],       [0.77853883, 0.42942823, 0.21092069, 0.79066604, 0.53789751,        0.74658054],       [0.61178052, 0.09992293, 0.1879765 , 0.48263644, 0.38806708,        0.66384002]]), array([-1.76699029, -1.94557823, -1.75768218])), 'net': {'saver_path': './M-LOOP_archives/./neural_net_archive_2022-10-23_18-06_NOt945iY.ckpt'}}
net_1={'last_hyperfit': 0, 'last_net_reg': 1e-08, 'regularization_history': [1e-08], 'losses_list': [0.9638937, 0.09049728, 0.028678423, 0.014312473, 0.005855043, 0.0017262305, 0.0003887549, 0.00012538787, 4.5558085e-05, 6.722654e-06, 4.1560097e-06, 2.8794243e-06, 1.3757035e-06, 1.0066783e-06, 7.240326e-07, 5.994355e-07, 5.519185e-07, 5.3661796e-07, 5.37256e-07, 5.366262e-07, 5.361338e-07, 5.358978e-07, 5.358182e-07, 5.3582136e-07, 5.358131e-07, 5.35812e-07, 5.3581203e-07, 5.3581186e-07, 5.3581175e-07, 5.358117e-07, 0.76482415, 0.07517031, 0.014110885, 0.0037566186, 0.002662078, 0.0010804986, 0.00042806458, 0.00014490697, 3.7794016e-05, 1.2744191e-05, 3.993754e-06, 1.3244667e-06, 9.490499e-07, 6.9930985e-07, 6.0612354e-07, 5.5312114e-07, 0.83993965, 0.06993611, 0.012914805, 0.00585192, 0.0009410831, 0.00039643524, 0.00023582467, 3.831295e-05, 1.5690219e-05, 8.049223e-06, 2.5540567e-06, 1.3354229e-06, 8.5003967e-07, 6.1310806e-07, 5.588526e-07, 5.5144426e-07, 1.0070821, 0.2354263, 0.041812547, 0.0079683075, 0.0033516826, 0.0017373627, 7.3402975e-05, 0.00025732478, 3.3992077e-05, 1.8357336e-05, 8.278577e-06, 1.7934151e-06, 1.7429608e-06, 6.4012437e-07, 6.7581277e-07, 5.5655386e-07, 0.20416118, 0.058856443, 0.34614894, 0.06142451, 0.015126702, 0.030705249, 0.03277601, 0.014896618, 0.009161101, 0.0065294444, 0.0024006108, 0.005998554, 0.16408315, 0.041221004, 0.010469455, 0.0017748675, 0.00033477077, 4.878007e-05, 5.7506754e-06, 9.108054e-07, 6.912718e-07, 5.8964866e-07, 5.4417563e-07, 5.377331e-07, 0.16226165, 0.06528715, 0.044302516, 0.022730308, 0.006635383, 0.0019481821, 0.0008800315, 0.0001325224, 3.9953575e-05, 1.3465622e-05, 6.907386e-06, 3.498363e-06, 2.5534819e-06, 1.150015e-06, 8.042888e-07, 6.551538e-07, 5.914961e-07, 5.6433845e-07, 0.20608503, 0.0505951, 0.03110851, 0.021030573, 0.014619714, 0.010887993, 0.0085330745, 0.0065374942, 0.004966105, 0.0038835923, 0.0031205283, 0.002348682, 0.0019162083, 0.0013916456, 0.0009892996, 0.0009265778, 0.000709454, 0.0005950461, 0.0002414976, 0.00021239379, 9.0855814e-05, 4.5415098e-05, 3.08948e-05, 1.5121051e-05, 1.0418236e-05, 4.138182e-06, 2.0828215e-06, 1.3791459e-06, 9.4692336e-07, 8.6881676e-07, 6.3008827e-07, 5.859752e-07, 0.23520347, 0.35854834, 0.044370852, 0.02218014, 0.011377834, 0.012140634, 0.0063938955, 0.009330395, 0.0028751686, 0.0014290935, 0.0007143009, 0.0027245914, 0.047522906, 0.010412772, 0.0026235485, 0.0010959368, 0.00057851657, 0.00029545405, 0.00020354411, 0.00037492614, 9.6466974e-05, 6.484989e-05, 6.947197e-05, 3.3027736e-05, 2.2379514e-05, 1.737998e-05, 1.31174575e-05, 9.527395e-06, 6.3398675e-06, 4.962616e-06, 3.2594278e-06, 3.7340678e-06, 0.13336636, 0.03976592, 0.026311096, 0.019273758, 0.013163673, 0.009202333, 0.14059597, 0.044723466, 0.002687935, 0.0011962464, 0.0008563855, 0.0007437392, 0.0007112053, 0.0007427917, 0.16544645, 0.0647678, 0.015580137, 0.0077031585, 0.0013628047, 0.00090966304, 0.00071236346, 0.001484822, 0.09846825, 0.029570248, 0.01189188, 0.0051624193, 0.008214115, 0.0026490947, 0.0010755991, 0.00084103405, 0.0017211124, 0.004878111, 0.17602894, 0.08038031, 0.041687008, 0.08653761, 0.022050206, 0.017547086, 0.0065999823, 0.016915584, 0.08738219, 0.024610423, 0.01434599, 0.014427419, 0.008347189, 0.0038489217, 0.012906901, 0.0011209243, 0.16002183, 0.06612195, 0.07775698, 0.014376998, 0.30247828, 0.1467854, 0.11144609, 0.058850907, 0.10411388, 0.01615213, 0.013479476, 0.0076952325, 0.028300809, 0.019380437, 0.00985626, 0.009467306, 0.0046726186, 0.0053112553, 0.0014369726, 0.0009087098, 0.040353402, 0.01406424, 0.011454724, 0.012502167, 0.024450557, 0.009007909, 0.01006528, 0.008440813, 0.0053533274, 0.01275767, 0.019675246, 0.009938121, 0.010143311, 0.029285703, 0.036689732, 0.017928055, 0.020324424, 0.021996923, 0.04557154, 0.030682748, 0.015688634, 0.015974954, 0.018931232, 0.0198677, 0.02591849, 0.028831273, 0.025362715, 0.024104249, 0.040576883, 0.031371493, 0.021029988, 0.023132274, 0.05458447, 0.028688014, 0.016918946, 0.015403187, 0.030914683, 0.019575803, 0.028145773, 0.018580964, 0.023179438, 0.015600578, 0.028846629, 0.039647058, 0.043751568, 0.02993759, 0.029982029, 0.023718676, 0.026571782, 0.031223841], 'scaler_samples': (array([[0.48195501, 0.51247067, 0.62314791, 0.96087417, 0.58444985,        0.92095067],       [0.77853883, 0.42942823, 0.21092069, 0.79066604, 0.53789751,        0.74658054],       [0.61178052, 0.09992293, 0.1879765 , 0.48263644, 0.38806708,        0.66384002]]), array([-1.76699029, -1.94557823, -1.75768218])), 'net': {'saver_path': './M-LOOP_archives/./neural_net_archive_2022-10-23_18-06_KqqBH-E2.ckpt'}}
net_2={'last_hyperfit': 0, 'last_net_reg': 1e-08, 'regularization_history': [1e-08], 'losses_list': [1.7111778, 0.2165022, 0.029160207, 0.01915118, 0.0092916945, 0.0012493324, 0.0010304597, 0.00030060686, 7.2639064e-06, 3.209281e-05, 2.2947672e-05, 4.038821e-06, 1.0823198e-06, 1.0627373e-06, 7.138072e-07, 6.620146e-07, 5.825593e-07, 5.610469e-07, 5.53419e-07, 5.5211086e-07, 5.516068e-07, 5.5159194e-07, 5.515253e-07, 5.514979e-07, 5.514903e-07, 5.5148485e-07, 5.514841e-07, 5.514836e-07, 5.514835e-07, 5.514834e-07, 5.4838295, 0.12735216, 0.032150045, 0.025694562, 0.0077259247, 0.000974681, 0.00076942757, 0.0003241392, 8.374141e-05, 4.465681e-05, 1.4865893e-05, 3.9734086e-06, 1.9555664e-06, 1.2181148e-06, 8.080835e-07, 5.7676715e-07, 1.1025295, 0.15108025, 0.077593334, 0.032644477, 0.0071479273, 0.0027686125, 0.0013137762, 0.00030167063, 0.00010964661, 4.6987716e-05, 1.1628839e-05, 3.2319494e-06, 1.6947326e-06, 1.1027412e-06, 6.951612e-07, 6.2493604e-07, 0.26825756, 0.06776473, 0.0840591, 0.020730123, 0.0021616083, 0.0009874428, 0.0010759156, 0.0004514053, 7.165425e-05, 1.2975952e-05, 1.0716012e-05, 6.5913728e-06, 2.3437228e-06, 7.341541e-07, 6.840572e-07, 6.5449007e-07, 0.4430771, 0.1622597, 0.09630914, 0.11355845, 0.3983334, 0.032388106, 0.0118936775, 0.0031353838, 0.0005689013, 4.6850182e-05, 1.0270395e-05, 1.6108297e-06, 7.4371064e-07, 6.089749e-07, 5.5454126e-07, 5.523886e-07, 0.15871185, 0.04642174, 0.028856335, 0.011696333, 0.006050097, 0.0036463637, 0.0013263365, 0.000500223, 0.00011883232, 4.393743e-05, 5.6177664e-06, 9.508419e-07, 6.271063e-07, 5.8265414e-07, 0.21797681, 0.04475008, 0.018876249, 0.011475435, 0.008419104, 0.00636494, 0.004806783, 0.0036951005, 0.0027947717, 0.0021257375, 0.0015889957, 0.0011755402, 0.00086387084, 0.0006158705, 0.0004203724, 0.00029599655, 0.00018660694, 0.00012567964, 7.6059674e-05, 4.8092912e-05, 3.0132469e-05, 2.0403351e-05, 1.32422165e-05, 7.473463e-06, 4.747718e-06, 3.4102172e-06, 2.0799005e-06, 1.517136e-06, 1.1733364e-06, 8.959991e-07, 7.847808e-07, 6.8123927e-07, 6.386221e-07, 6.006404e-07, 0.2599241, 0.08076282, 0.10170364, 0.05955271, 0.030672349, 0.012848347, 0.013877112, 0.0054376707, 0.003202687, 0.0019251698, 0.09894456, 0.011121605, 0.002438766, 0.0010162513, 0.0005186473, 0.00031094145, 0.00014283124, 6.858576e-05, 3.0265533e-05, 1.4643401e-05, 6.4500096e-06, 4.0676564e-06, 2.7120102e-06, 1.8855415e-06, 1.4231862e-06, 1.1667937e-06, 9.673936e-07, 9.940383e-07, 0.19567107, 0.071399346, 0.05709377, 0.04852021, 0.036831323, 0.020148996, 0.008127283, 0.00414909, 0.0017765651, 0.0003982431, 0.00032372016, 0.0006149992, 0.092205726, 0.012705032, 0.0011655139, 0.0005239794, 0.000386357, 0.0005825903, 0.0005070573, 0.0003852067, 0.0003446129, 0.0003233253, 0.00014671244, 0.00013753145, 0.28390953, 0.1839084, 0.09980468, 0.018650904, 0.010602749, 0.004354684, 0.0056631337, 0.0022157575, 0.13756077, 0.022916386, 0.005387873, 0.0015224246, 0.00036287186, 0.00051133154, 0.00057828723, 0.00030432, 0.29385024, 0.10472133, 0.07549024, 0.06267883, 0.0985812, 0.02170578, 0.009245902, 0.007297314, 0.004466556, 0.0013356509, 0.001133911, 0.00070847606, 0.11985924, 0.022020584, 0.037792668, 0.020927303, 0.15650243, 0.07100529, 0.03792861, 0.056553457, 0.12674217, 0.036686823, 0.004745288, 0.0033520102, 0.0013618723, 0.0010586998, 0.00044908733, 0.00022256523, 0.00108713, 0.00011931666, 2.919639e-05, 3.0410909e-05, 1.3918415e-05, 1.9993344e-05, 0.03386794, 0.0057994532, 0.002350679, 0.0014934619, 0.0006513013, 0.00018561655, 3.7532263e-05, 3.1851097e-05, 3.22779e-05, 8.902828e-06, 3.083507e-06, 8.712278e-06, 0.056051113, 0.01924743, 0.023996975, 0.01539815, 0.023911541, 0.008874514, 0.01129507, 0.005907215, 0.0056993077, 0.003917475, 0.028648484, 0.19766419, 0.16563472, 0.05391796, 0.023216425, 0.020625297, 0.019701684, 0.019326638, 0.047634047, 0.030214444, 0.036664944, 0.021419166, 0.034090918, 0.022129789, 0.04715089, 0.028038265, 0.019330412, 0.018572545, 0.03594246, 0.039830882, 0.020294571, 0.025047721, 0.108280756, 0.043972217, 0.033198517, 0.027364925, 0.027490597, 0.02264903, 0.035962757, 0.021915404, 0.020850431, 0.02827197, 0.033936758, 0.027193762, 0.020837259, 0.018893505, 0.030504117, 0.04875621], 'scaler_samples': (array([[0.48195501, 0.51247067, 0.62314791, 0.96087417, 0.58444985,        0.92095067],       [0.77853883, 0.42942823, 0.21092069, 0.79066604, 0.53789751,        0.74658054],       [0.61178052, 0.09992293, 0.1879765 , 0.48263644, 0.38806708,        0.66384002]]), array([-1.76699029, -1.94557823, -1.75768218])), 'net': {'saver_path': './M-LOOP_archives/./neural_net_archive_2022-10-23_18-06_B-IMWcTG.ckpt'}}
