mloop_version='3.3.1'
archive_type='neural_net_learner'
num_params=6
min_boundary=array([0., 0., 0., 0., 0., 0.])
max_boundary=array([1., 1., 1., 1., 1., 1.])
start_datetime='2022-10-23_16-45'
param_names=['', '', '', '', '', '']
search_precision=1e-06
parameter_searches=10
bad_uncer_frac=0.1
trust_region=nan
has_trust_region=False
predict_global_minima_at_end=True
generation_num=3
update_hyperparameters=False
predicted_best_parameters=array([0.59961811, 0.20666691, 0.69250946, 0.11091955, 0.08754584,       0.825014  ])
predicted_best_scaled_cost=-5.314783
predicted_best_cost=-1.4298712700864733
all_params=array([[0.92504029, 0.86719484, 0.82425784, 0.12487912, 0.58760617,        0.51296992],       [0.93641495, 0.73742377, 0.25833396, 0.08504939, 0.14634047,        0.43894028],       [0.75184729, 0.13997536, 0.78984062, 0.9632556 , 0.70077139,        0.85814863],       [0.10061217, 0.        , 0.63417862, 0.        , 0.        ,        1.        ],       [1.        , 0.80328879, 1.        , 1.        , 0.96878482,        0.        ],       [0.        , 1.        , 0.        , 0.        , 0.        ,        1.        ],       [0.67241972, 0.48067659, 0.87931445, 0.16416476, 0.89417292,        0.08546602],       [0.92648987, 0.95134021, 1.        , 0.        , 0.53215164,        0.39653948],       [0.98025244, 0.91559299, 0.62506299, 0.        , 0.68276013,        0.55665322],       [0.92210104, 1.        , 1.        , 0.        , 0.45312964,        0.4952334 ],       [0.26100674, 0.43080348, 0.89248264, 0.5836113 , 0.59224791,        0.75204885],       [0.89286943, 0.85450484, 0.85851572, 0.1943151 , 0.60546672,        0.51217966],       [0.92665998, 0.82439772, 0.80348062, 0.        , 0.68004008,        0.46304645],       [0.90552481, 0.89985988, 0.80029989, 0.15004485, 0.61885919,        0.47907514],       [0.47238198, 0.5316702 , 0.95084451, 0.51302128, 0.48244045,        0.13436721],       [0.92994671, 0.88574841, 0.72905487, 0.33226133, 0.45383008,        0.5175399 ],       [0.93992998, 0.9308698 , 0.82632559, 0.07047436, 0.66874995,        0.50120659],       [0.95297107, 0.89127055, 0.82632167, 0.18340902, 0.58795933,        0.53395367],       [0.36877628, 0.90578341, 0.45952038, 0.61487697, 0.81654869,        0.08060132],       [0.91691363, 0.85129582, 0.85376842, 0.04411635, 0.557876  ,        0.51747929],       [0.91910884, 0.80608221, 0.771468  , 0.20989947, 0.57494921,        0.54379473],       [0.91718693, 0.88384928, 0.8154957 , 0.08961947, 0.57084441,        0.52788747],       [0.19920107, 0.94802471, 0.19133029, 0.59399522, 0.71499639,        0.86922368],       [0.90750722, 1.        , 0.74183904, 0.04108781, 0.54086034,        0.51598953],       [0.90424893, 0.91051826, 0.80954951, 0.11158343, 0.59417059,        0.54854273],       [0.898257  , 1.        , 0.7865986 , 0.        , 0.58319955,        0.58196422],       [0.42446717, 0.57947036, 0.18427186, 0.01138667, 0.85900048,        0.50453101],       [0.93520759, 0.97108856, 0.87593714, 0.08524891, 0.61268284,        0.53687841],       [0.9746993 , 0.78889796, 0.82118581, 0.        , 0.57230833,        0.50724811],       [0.9192825 , 0.94031134, 0.82895239, 0.0539348 , 0.59745707,        0.54254104],       [0.51024025, 0.50442965, 0.7624345 , 0.91967136, 0.58261872,        0.16750627],       [0.92159407, 0.86824581, 0.80833758, 0.16836946, 0.58094189,        0.54553673],       [0.94088118, 0.94988013, 0.92842666, 0.09157169, 0.61727404,        0.47176184],       [0.91829872, 0.82273014, 0.81130736, 0.13380089, 0.52302329,        0.51483783],       [0.61540961, 0.1569408 , 0.63981168, 0.16908159, 0.45875252,        0.61431935],       [0.91131042, 0.83014385, 0.73297353, 0.1116202 , 0.53378753,        0.47492508],       [0.90384875, 0.90848702, 0.79128791, 0.00719547, 0.55500671,        0.52996617],       [0.90729969, 0.88177642, 0.8137699 , 0.06651191, 0.54649285,        0.49126537],       [0.61013489, 0.89309734, 0.31936448, 0.89528452, 0.38044422,        0.20866307],       [0.90812552, 0.83333237, 0.82214063, 0.14533027, 0.54457567,        0.51783554],       [0.90995569, 0.88838747, 0.82234413, 0.07902584, 0.53544506,        0.54752008],       [0.91563811, 0.87167722, 0.82606706, 0.10541608, 0.5577756 ,        0.54900196],       [0.40421983, 0.54319709, 0.01473892, 0.4135307 , 0.44365423,        0.56792955],       [0.91761127, 0.87648147, 0.82232834, 0.09797849, 0.58322005,        0.51396685],       [0.92579675, 0.84606631, 0.80213431, 0.08322723, 0.56778928,        0.53139239],       [0.91877163, 0.8983556 , 0.85150478, 0.12627791, 0.6307232 ,        0.52376562],       [0.88940995, 0.19564629, 0.0835826 , 0.88215062, 0.82624328,        0.14902952],       [0.91549876, 0.8566376 , 0.81255033, 0.12745164, 0.53618276,        0.52585805],       [0.89446749, 0.88591274, 0.81151589, 0.16503124, 0.55245962,        0.50357101],       [0.89703727, 0.68793654, 0.8032401 , 0.46729178, 0.72929682,        0.50575717],       [0.57140063, 0.26027583, 0.70397896, 0.10811154, 0.09571119,        0.7976617 ],       [0.89603094, 0.        , 0.        , 1.        , 0.92774074,        0.        ],       [0.92154301, 0.86548304, 0.84395225, 0.05273772, 0.5618567 ,        0.57041487],       [0.87321624, 0.21469005, 0.        , 1.        , 0.73769953,        0.        ],       [0.6221203 , 0.0857635 , 0.59019422, 0.9087122 , 0.57905528,        0.28588225],       [0.47553016, 0.11301658, 0.6962574 , 0.        , 0.        ,        1.        ],       [0.57241798, 0.19501685, 0.7756257 , 0.        , 0.        ,        0.81012065],       [0.47951935, 0.        , 0.9248027 , 0.        , 0.        ,        0.94720272],       [0.58982052, 0.31777464, 0.25921041, 0.34011533, 0.28420874,        0.56841997],       [0.52106724, 0.23574815, 0.65379015, 0.08607262, 0.        ,        0.81032462],       [0.54020007, 0.29295336, 0.59106375, 0.24599165, 0.02144271,        0.7518493 ],       [0.48516488, 0.13215607, 0.6999509 , 0.12965919, 0.        ,        0.77996905],       [0.65237776, 0.43376981, 0.25597725, 0.0013973 , 0.69695072,        0.80204643],       [0.57631667, 0.32153284, 0.71531219, 0.06970957, 0.0951779 ,        0.8126737 ],       [0.59675512, 0.35598806, 0.73922112, 0.07154601, 0.12904845,        0.76382119],       [0.56171512, 0.24625235, 0.77268264, 0.10272467, 0.16756086,        0.70655909],       [0.91820968, 0.93427084, 0.94990245, 0.84688269, 0.50040525,        0.4606879 ],       [0.79331398, 0.6169331 , 0.64992792, 0.35648482, 0.21171519,        0.66748056],       [0.90618657, 0.12967951, 0.10211409, 0.89796575, 0.76105635,        0.25993655],       [0.85880826, 0.21625667, 0.        , 1.        , 0.88134973,        0.16265716],       [0.91526594, 0.21859237, 0.51152459, 0.77188599, 0.54668803,        0.80665404],       [0.51057953, 0.30321062, 0.64456811, 0.0151068 , 0.08368914,        0.94194118],       [0.55121361, 0.19067553, 0.65188996, 0.20875079, 0.15015097,        0.81061111],       [0.51142331, 0.24438362, 0.74980582, 0.13764578, 0.03272846,        0.85494243],       [0.41592772, 0.64140366, 0.54636748, 0.78519103, 0.60977534,        0.43719973],       [0.56831373, 0.24854505, 0.66466589, 0.05785338, 0.07450892,        0.81195264],       [0.59426252, 0.25903586, 0.65723862, 0.11061107, 0.09628881,        0.80965198],       [0.60221499, 0.17966369, 0.60828913, 0.        , 0.09646491,        0.79581422],       [0.91813194, 0.05167104, 0.62797283, 0.91402319, 0.52942052,        0.95375538],       [0.5411588 , 0.24691613, 0.74119964, 0.        , 0.08410794,        0.78435413],       [0.54768181, 0.25085822, 0.7115933 , 0.07351778, 0.10116434,        0.79109837],       [0.550978  , 0.17623052, 0.67026003, 0.        , 0.07972323,        0.77147717],       [0.8699881 , 0.53308783, 0.70998154, 0.7785756 , 0.39159911,        0.72660805],       [0.9028757 , 0.83767173, 0.80667537, 0.08522848, 0.55852564,        0.57372394],       [0.59251944, 0.26302609, 0.71161166, 0.17616343, 0.09531137,        0.78448633],       [0.55872163, 0.04114651, 0.82505676, 0.40618567, 0.        ,        0.71786719],       [0.73666368, 0.56144973, 0.72085688, 0.18006704, 0.63573194,        0.84709583],       [0.59349406, 0.27150817, 0.65462008, 0.16276577, 0.17384545,        0.80785833],       [0.56120052, 0.26760911, 0.70395559, 0.06372925, 0.07003893,        0.81646696],       [0.60480743, 0.26964213, 0.70705669, 0.12629853, 0.12991833,        0.79778517],       [0.12935439, 0.6353744 , 0.04391168, 0.26347929, 0.90717095,        0.26919234],       [0.61010497, 0.33308523, 0.74598888, 0.09551204, 0.18596833,        0.80950166],       [0.58327853, 0.23529549, 0.70236989, 0.14914023, 0.11977995,        0.77801125],       [0.59874343, 0.26422342, 0.72648963, 0.17587728, 0.14802426,        0.77032016],       [0.99946684, 0.80846293, 0.51509861, 0.45381514, 0.63852769,        0.61861637],       [0.61209004, 0.28307114, 0.73009846, 0.16435244, 0.14444739,        0.78214525],       [0.58064077, 0.2947915 , 0.70181963, 0.13809662, 0.11152007,        0.79145026],       [0.58023552, 0.28686194, 0.71261609, 0.12173874, 0.10669735,        0.78843652],       [0.89647315, 0.48235838, 0.24996643, 0.45123716, 0.39621643,        0.97151907],       [0.60484069, 0.28224235, 0.72216251, 0.13721281, 0.13672964,        0.79463422],       [0.6162556 , 0.18069879, 0.63916722, 0.02338512, 0.09472233,        0.797949  ],       [0.60430528, 0.21746165, 0.70622234, 0.13455677, 0.10299115,        0.80878679],       [0.21893143, 0.3302797 , 0.5005186 , 0.6029754 , 0.28060915,        0.01436202],       [0.61374599, 0.21753941, 0.71666813, 0.16442798, 0.1153414 ,        0.79360728],       [0.62112046, 0.21454512, 0.71586715, 0.10888026, 0.11767687,        0.81753208],       [0.60173501, 0.17987954, 0.7117928 , 0.1620945 , 0.09890729,        0.80683549],       [0.3840102 , 0.63142917, 0.91359922, 0.51847819, 0.17816363,        0.64692629],       [0.60777523, 0.23511004, 0.723623  , 0.13876642, 0.10626878,        0.80655355],       [0.63135738, 0.24534704, 0.71785811, 0.19775461, 0.13423422,        0.78385428],       [0.60595345, 0.20446939, 0.71860657, 0.14426037, 0.09770326,        0.81596765],       [0.7534322 , 0.00843515, 0.75941346, 0.83327894, 0.14243758,        0.61287131],       [0.61055228, 0.22442656, 0.69945698, 0.14089871, 0.12200378,        0.811515  ],       [0.60833028, 0.22567378, 0.69261385, 0.11892269, 0.09608823,        0.81821802],       [0.60727318, 0.18726018, 0.68552877, 0.13380685, 0.09547173,        0.81688527],       [0.69488821, 0.77496745, 0.6907593 , 0.80777475, 0.5056187 ,        0.86694685],       [0.59856396, 0.20140345, 0.71091687, 0.13211022, 0.10601953,        0.83197546],       [0.59993086, 0.24429057, 0.68632352, 0.07175277, 0.0903432 ,        0.84084289],       [0.61506342, 0.22754832, 0.68498559, 0.12564534, 0.09894385,        0.83203321],       [0.92254148, 0.43349852, 0.89809514, 0.85591548, 0.33434169,        0.59239129],       [0.60553109, 0.22912017, 0.70114446, 0.11596529, 0.09581719,        0.85523887]])
all_costs=array([-1.34092431, -1.28911784, -1.29747246, -1.29244674, -1.23656578,       -1.2350401 , -1.29244674, -1.26628716, -1.23351818, -1.21554341,       -1.26309148, -1.26789107, -1.25991189, -1.3008447 , -1.29078014,       -1.23656578, -1.30764206, -1.26789107, -1.3008447 , -1.2646873 ,       -1.31106745, -1.37029432, -1.23656578, -1.20095981, -1.30593607,       -1.27272727, -1.21702128, -1.30935252, -1.25203252, -1.29579288,       -1.27272727, -1.28911784, -1.31797235, -1.32670643, -1.29915639,       -1.26309148, -1.26949905, -1.27597196, -1.30423453, -1.35545024,       -1.27272727, -1.34092431, -1.232     , -1.32495036, -1.3008447 ,       -1.31451083, -1.36097893, -1.30764206, -1.26628716, -1.23962848,       -1.40688686, -1.20529801, -1.34814815, -1.2536005 , -1.29078014,       -1.29579288, -1.30253741, -1.21113128, -1.29078014, -1.30253741,       -1.29244674, -1.29244674, -1.27111111, -1.37217272, -1.29078014,       -1.33913043, -1.22596448, -1.28251121, -1.32319894, -1.23962848,       -1.26628716, -1.33555704, -1.30764206, -1.27434755, -1.30935252,       -1.37783895, -1.32319894, -1.35545024, -1.27111111, -1.31623932,       -1.33734135, -1.33734135, -1.25991189, -1.31278689, -1.34996628,       -1.342723  , -1.31106745, -1.28580604, -1.342723  , -1.38738739,       -1.29244674, -1.32846715, -1.36468984, -1.38164251, -1.23809524,       -1.38355218, -1.34452653, -1.33734135, -1.2489083 , -1.36842105,       -1.33734135, -1.41085271, -1.27760051, -1.40294324, -1.37217272,       -1.34452653, -1.24425109, -1.35178933, -1.36468984, -1.40688686,       -1.30935252, -1.38931298, -1.43925234, -1.35545024, -1.23656578,       -1.43102216, -1.38738739, -1.42288557, -1.22746781, -1.32145215])
all_uncers=array([1.e-08, 1.e-08, 1.e-08, 1.e-08, 1.e-08, 1.e-08, 1.e-08, 1.e-08,       1.e-08, 1.e-08, 1.e-08, 1.e-08, 1.e-08, 1.e-08, 1.e-08, 1.e-08,       1.e-08, 1.e-08, 1.e-08, 1.e-08, 1.e-08, 1.e-08, 1.e-08, 1.e-08,       1.e-08, 1.e-08, 1.e-08, 1.e-08, 1.e-08, 1.e-08, 1.e-08, 1.e-08,       1.e-08, 1.e-08, 1.e-08, 1.e-08, 1.e-08, 1.e-08, 1.e-08, 1.e-08,       1.e-08, 1.e-08, 1.e-08, 1.e-08, 1.e-08, 1.e-08, 1.e-08, 1.e-08,       1.e-08, 1.e-08, 1.e-08, 1.e-08, 1.e-08, 1.e-08, 1.e-08, 1.e-08,       1.e-08, 1.e-08, 1.e-08, 1.e-08, 1.e-08, 1.e-08, 1.e-08, 1.e-08,       1.e-08, 1.e-08, 1.e-08, 1.e-08, 1.e-08, 1.e-08, 1.e-08, 1.e-08,       1.e-08, 1.e-08, 1.e-08, 1.e-08, 1.e-08, 1.e-08, 1.e-08, 1.e-08,       1.e-08, 1.e-08, 1.e-08, 1.e-08, 1.e-08, 1.e-08, 1.e-08, 1.e-08,       1.e-08, 1.e-08, 1.e-08, 1.e-08, 1.e-08, 1.e-08, 1.e-08, 1.e-08,       1.e-08, 1.e-08, 1.e-08, 1.e-08, 1.e-08, 1.e-08, 1.e-08, 1.e-08,       1.e-08, 1.e-08, 1.e-08, 1.e-08, 1.e-08, 1.e-08, 1.e-08, 1.e-08,       1.e-08, 1.e-08, 1.e-08, 1.e-08, 1.e-08, 1.e-08, 1.e-08, 1.e-08])
bad_run_indexs=[]
best_cost=-1.4392523364485983
best_params=array([0.60833028, 0.22567378, 0.69261385, 0.11892269, 0.09608823,       0.81821802])
best_index=112
worst_cost=-1.2009598080383923
worst_index=23
cost_range=0.23829252841020598
costs_count=120
params_count=91
cost_scaler_init_index=3
net_0={'last_hyperfit': 0, 'last_net_reg': 1e-08, 'regularization_history': [1e-08], 'losses_list': [1.6911229, 0.17489052, 0.060546078, 0.0065396987, 0.00085344096, 0.0023555895, 0.0010975327, 0.00021369573, 1.3901427e-05, 4.5005813e-06, 6.67509e-06, 4.584275e-06, 2.446821e-06, 1.3197327e-06, 8.3802183e-07, 6.48501e-07, 5.7960887e-07, 5.5559747e-07, 5.473567e-07, 5.443374e-07, 5.4332304e-07, 5.430401e-07, 5.429642e-07, 5.4295106e-07, 5.429479e-07, 5.4294514e-07, 5.429438e-07, 5.42944e-07, 5.4294367e-07, 5.4294355e-07, 1.1611104, 0.18231314, 0.031204257, 0.02201808, 0.0071040606, 0.0011781271, 0.00058495125, 0.00039484183, 8.216851e-05, 8.3068135e-06, 1.8901826e-05, 5.648971e-06, 8.7316783e-07, 1.200031e-06, 6.8575685e-07, 6.1110313e-07, 5.5452773e-07, 5.525521e-07, 5.175232, 1.3716757, 0.56464684, 0.020777086, 0.03684902, 0.014063044, 0.0011633434, 0.0014278021, 0.00043409786, 5.9833474e-05, 7.974409e-05, 7.087348e-06, 7.1663494e-06, 3.001931e-06, 8.0388435e-07, 9.117826e-07, 6.1623365e-07, 5.6776344e-07, 1.7765468, 0.7748246, 0.5464149, 0.4725216, 0.38035023, 0.28801206, 0.17692274, 0.056809913, 0.0016492822, 0.006190651, 0.0012823669, 0.00018710109, 0.00032017473, 2.2245764e-05, 1.8912795e-05, 1.2645197e-05, 8.6971244e-07, 1.9438653e-06, 1.9169341, 0.5503055, 0.2994817, 0.21384522, 0.10770684, 0.071585685, 0.628976, 0.5051876, 0.48909768, 0.37985244, 0.15010317, 0.050326023, 0.049192153, 0.014504533, 0.0062873797, 0.0018326143, 0.0029738455, 0.00062605226, 0.00043337548, 0.0005503364, 0.00020167198, 0.00013448202, 2.6908954e-05, 9.424534e-06, 8.024635e-06, 2.5182403e-06, 2.0285624e-06, 1.1564739e-06, 9.610776e-07, 6.862376e-07, 6.097117e-07, 6.042432e-07, 2.875491, 0.76976717, 0.4143345, 0.18163294, 0.06712317, 0.020588964, 0.0027680197, 0.00041976123, 0.00024171927, 2.595415e-05, 9.791212e-06, 3.315206e-06, 1.3474926e-06, 8.3320674e-07, 6.776471e-07, 6.2236523e-07, 0.7960921, 0.13243622, 0.09130601, 0.060079616, 0.051169094, 0.040409897, 0.033692297, 0.025027385, 0.046028074, 0.014917745, 0.010893302, 0.0068922406, 0.620841, 0.43100855, 0.38515463, 0.25613686, 0.28624195, 0.18468586, 0.8189056, 0.3512364, 0.22302662, 0.14273004, 0.068533376, 0.04054993, 0.024714008, 0.010139039, 0.0055620475, 0.0070820125, 0.17008688, 0.047074027, 0.019311804, 0.011582403, 0.007931148, 0.0031267446, 0.00219027, 0.0019216709, 0.12860397, 0.049487844, 0.04494814, 0.03422818, 0.52529347, 0.23022844, 0.115172714, 0.16345634, 0.10574445, 0.0741099, 0.064296395, 0.07897341, 0.99255306, 0.4790352, 0.33973405, 0.35378808, 0.26584285, 0.1109078, 0.9701462, 0.3739353, 0.0564633, 0.03550697, 0.018044887, 0.00822765, 0.29637867, 0.14021012, 0.09572563, 0.045893993, 0.0350392, 0.024895435, 0.0062427483, 0.0010207556, 0.00062008377, 0.0003241463, 0.0003266826, 0.00017495637, 0.000101979625, 6.139568e-05, 4.2799475e-05, 3.0141982e-05, 0.3279876, 0.7264397, 0.31458482, 0.23208925, 0.17018303, 0.34727257, 0.9576004, 0.22759238, 0.18090245, 0.16863783, 0.12040457, 0.084491864, 0.036250513, 0.084326506, 0.011304966, 0.02541456, 0.3193943, 0.11278443, 0.042910848, 0.023746857, 0.014558321, 0.0051660347, 0.0063038375, 0.0053338264, 0.006093119, 0.0034580422, 0.19226721, 0.078342624, 0.059322897, 0.051464964, 0.20784776, 0.5007969, 0.5974788, 0.26576084, 0.21379851, 0.1551855, 0.12724075, 0.12983985, 0.28174892, 0.21732236, 0.21843414, 0.16098161, 0.14918996, 0.10882032, 0.10953098, 0.086111955, 0.07198038, 0.068103656, 0.0594632, 0.057733696, 0.13819121, 0.08960804, 0.091832496, 0.047215097, 0.03794683, 0.042473145, 0.048184272, 0.017868608, 0.10058073, 0.13239405, 0.2936774, 0.22833204, 0.08315999, 0.07005723, 0.13753055, 0.13157304, 0.06976386, 0.082790256, 0.14934076, 0.11650513, 0.09920343, 0.091304116, 0.17068323, 0.5323994, 0.17649326, 0.3720961, 0.13438898, 0.20682694, 0.10094347, 0.07610486, 0.08262431, 0.14094141, 0.43828288, 0.28837863, 0.20398483, 0.11545333, 0.10356159, 0.07554778, 0.045867223, 0.124239795], 'scaler_samples': (array([[0.92504029, 0.86719484, 0.82425784, 0.12487912, 0.58760617,        0.51296992],       [0.93641495, 0.73742377, 0.25833396, 0.08504939, 0.14634047,        0.43894028],       [0.75184729, 0.13997536, 0.78984062, 0.9632556 , 0.70077139,        0.85814863]]), array([-1.34092431, -1.28911784, -1.29747246])), 'net': {'saver_path': './M-LOOP_archives/./neural_net_archive_2022-10-23_16-45_nN0Aqpd3.ckpt'}}
net_1={'last_hyperfit': 0, 'last_net_reg': 1e-08, 'regularization_history': [1e-08], 'losses_list': [0.7519221, 0.08257269, 0.03405295, 0.0083500985, 0.0006301384, 0.00015733538, 0.00027465398, 0.00016542767, 6.618588e-05, 2.3199531e-05, 8.366614e-06, 3.2466526e-06, 1.4135046e-06, 8.745713e-07, 6.7035353e-07, 5.771958e-07, 5.465709e-07, 5.3300454e-07, 5.295472e-07, 5.2876857e-07, 5.287257e-07, 5.287631e-07, 5.287253e-07, 5.2870837e-07, 5.287013e-07, 5.286985e-07, 5.286975e-07, 5.2869734e-07, 5.2869785e-07, 5.286981e-07, 4.4860344, 0.2677344, 0.025628265, 0.032881204, 0.009561394, 0.0027597838, 0.0007135565, 0.00015162143, 0.00010503593, 5.5914817e-05, 1.947683e-05, 8.681599e-06, 2.535258e-06, 1.0842475e-06, 7.543156e-07, 5.532471e-07, 5.484493e-07, 5.334887e-07, 4.6654725, 1.4989425, 0.7233045, 0.13311909, 0.029159898, 0.0100284405, 0.0053782295, 0.0007270735, 0.00066228554, 0.00011341015, 7.9554404e-05, 1.04234905e-05, 1.1775885e-05, 1.3580247e-06, 1.8525309e-06, 7.6263024e-07, 6.5829295e-07, 5.84142e-07, 1.8154513, 0.59597164, 0.5427441, 0.47538838, 0.40090445, 0.31992665, 0.2349482, 0.12371614, 0.03396492, 0.009341253, 0.0020818373, 0.00068871916, 0.0006448325, 0.000113804395, 1.1818596e-05, 2.4105611e-05, 0.356587, 0.33813652, 0.10022698, 0.06658819, 0.6410731, 0.40203243, 0.24277799, 0.17373584, 0.1302338, 0.07594995, 0.03871992, 0.016335322, 0.009760646, 0.0180439, 0.026527466, 0.008523595, 0.0021213475, 0.0017067511, 0.00076751277, 0.00046958233, 0.663974, 0.27648813, 0.19845746, 0.14183584, 0.08553463, 0.042886794, 0.019333526, 0.007605006, 0.002565029, 0.00061954226, 0.00018854765, 6.0262202e-05, 1.1209681e-05, 2.0342852e-06, 9.768268e-07, 7.580902e-07, 6.2222057e-07, 5.93417e-07, 1.5674669, 0.33865118, 0.14274031, 0.07005795, 0.04307733, 0.023415396, 0.012718532, 0.006453758, 0.0031051177, 0.0017133391, 0.0010389969, 0.0007570029, 0.00063100003, 0.0004354785, 0.0003371824, 0.00028011223, 0.00020760286, 0.00017107821, 0.00013151871, 0.00011106723, 9.281266e-05, 5.40243e-05, 3.7684724e-05, 3.1393432e-05, 3.137246e-05, 1.4311639e-05, 1.1207114e-05, 6.860936e-06, 5.7802795e-06, 6.2346676e-06, 0.5219167, 1.4177351, 0.34421107, 0.43238255, 0.24993189, 0.160934, 0.11576715, 0.060895376, 0.028791688, 0.019981597, 0.019148229, 0.01389651, 0.6908999, 0.1492999, 0.054477748, 0.02733695, 0.019311221, 0.015050539, 0.012000505, 0.010571924, 0.008023871, 0.0066416953, 0.0037146981, 0.0026900405, 0.0018119529, 0.0012051193, 0.0008697036, 0.00046588163, 0.00031759785, 0.00026657392, 0.00017776065, 9.047549e-05, 4.351461e-05, 3.0862062e-05, 2.1659947e-05, 1.736761e-05, 0.6442123, 0.19548056, 0.26721355, 0.07103462, 0.038795203, 0.022476858, 0.014861877, 0.005334263, 0.003968421, 0.00166269, 0.0025877312, 0.00073939323, 0.0012631584, 0.0011596397, 0.0001789455, 5.5956723e-05, 2.316038e-05, 2.0946094e-05, 8.929602e-06, 7.597666e-06, 2.4669275e-06, 1.8787351e-06, 2.407149e-06, 1.5112212e-06, 0.25847366, 0.100806266, 0.040079843, 0.0120656965, 0.0087272115, 0.0056935796, 0.003974853, 0.00048607707, 0.00019302616, 5.676193e-05, 2.4435642e-05, 3.6586694e-05, 1.3852708e-05, 3.9337524e-06, 0.71762747, 0.18285182, 0.3839122, 0.08089479, 0.07397388, 0.017369106, 0.00499807, 0.010192682, 0.93132466, 0.30381155, 0.04111616, 0.009622715, 0.92808884, 0.33499318, 0.12952124, 0.12966265, 0.0049016415, 0.0006806838, 0.00019995285, 0.00012682591, 7.2325565e-05, 4.5102355e-05, 0.7674617, 0.21410684, 0.10515213, 0.04060745, 0.38966796, 0.24090204, 0.6672239, 0.27791837, 0.20478164, 0.30010313, 0.39541706, 0.18485093, 0.12473597, 0.05669, 0.08725086, 0.010250458, 0.0024918679, 0.0029658445, 0.32051212, 0.109437585, 0.06930626, 0.031336714, 0.014419339, 0.005097981, 0.0024219195, 0.0009804592, 0.00071164663, 0.0001007754, 2.7595595e-05, 2.6730927e-06, 2.5282409e-06, 1.7283563e-06, 1.1211131e-06, 9.096316e-07, 0.1967084, 0.08000411, 0.06942217, 0.035581615, 0.02151586, 0.02827671, 0.015981233, 0.007818146, 0.0029814704, 0.0049927933, 0.11857903, 0.08114463, 0.22404267, 0.14084278, 0.09046753, 0.060683683, 0.031000515, 0.0537342, 0.015893301, 0.02063759, 0.037005674, 0.0186849, 0.0039774883, 0.0027329284, 0.14667767, 0.035585165, 0.04840552, 0.01655513, 0.007068513, 0.015469689, 0.0026584598, 0.014709657, 0.12616658, 0.039684515, 0.038583606, 0.030377954, 0.022649609, 0.016038427, 0.025418172, 0.023949614, 0.11912741, 0.03436305, 0.028835474, 0.023523698, 0.10838828, 0.15668796, 0.20352128, 0.095301956, 0.113712825, 0.07800456, 0.057228453, 0.10719784, 0.09064325, 0.06219715, 0.07027066, 0.0519366, 0.04210061, 0.06307194, 0.13975218, 0.111190744, 0.08702384, 0.0835567, 0.14391826, 0.21638617, 0.2512115, 0.14929087], 'scaler_samples': (array([[0.92504029, 0.86719484, 0.82425784, 0.12487912, 0.58760617,        0.51296992],       [0.93641495, 0.73742377, 0.25833396, 0.08504939, 0.14634047,        0.43894028],       [0.75184729, 0.13997536, 0.78984062, 0.9632556 , 0.70077139,        0.85814863]]), array([-1.34092431, -1.28911784, -1.29747246])), 'net': {'saver_path': './M-LOOP_archives/./neural_net_archive_2022-10-23_16-45_0o0isqPR.ckpt'}}
net_2={'last_hyperfit': 0, 'last_net_reg': 1e-08, 'regularization_history': [1e-08], 'losses_list': [0.43305182, 0.016095122, 0.008862693, 0.009256565, 0.0046132337, 0.0012845242, 0.00038064175, 7.156966e-05, 2.2384547e-05, 9.4371e-06, 3.158366e-06, 2.002364e-06, 1.444218e-06, 9.772991e-07, 7.026724e-07, 5.8071885e-07, 5.4301523e-07, 5.377772e-07, 5.385625e-07, 5.382505e-07, 5.3761727e-07, 5.374113e-07, 5.3740825e-07, 5.3740274e-07, 5.37398e-07, 5.373972e-07, 5.373961e-07, 5.373961e-07, 5.373959e-07, 5.37396e-07, 3.181275, 0.37696356, 0.054341327, 0.042797666, 0.0019196437, 0.003158918, 0.0012513595, 0.00026494003, 0.00021365083, 8.137241e-05, 9.977454e-06, 6.072565e-06, 2.5342283e-06, 1.0101172e-06, 1.029198e-06, 6.3959965e-07, 5.5632086e-07, 5.4778803e-07, 5.0726843, 1.0021416, 0.2485885, 0.04409287, 0.022017336, 0.00793343, 0.0006213161, 0.0011257118, 0.00029585394, 0.00016507198, 6.120433e-06, 1.776566e-05, 5.405054e-06, 2.6615833e-06, 8.135197e-07, 7.706389e-07, 6.3348455e-07, 5.543211e-07, 1.6546596, 0.568681, 0.47718447, 0.384423, 0.24627033, 0.087222986, 0.004684303, 0.009128683, 0.0002087162, 0.0012348308, 5.673869e-05, 0.00013381134, 6.6202942e-06, 1.752381e-05, 1.9883164e-06, 2.4120382e-06, 6.769178e-07, 8.0128245e-07, 5.769503e-07, 5.814991e-07, 1.4598892, 0.5335316, 0.36839765, 0.21308056, 0.20098855, 0.1339584, 0.07599045, 0.0734944, 0.024296386, 0.013681252, 0.0075277863, 0.0020578695, 0.0011777724, 0.0008410895, 0.0005049112, 0.00016175564, 0.5509244, 0.34875396, 0.26621485, 0.17908473, 0.11053744, 0.051094465, 0.026464874, 0.015079832, 0.010438986, 0.005420902, 0.004847423, 0.00810397, 0.0022427673, 0.0022009185, 0.00093490107, 0.00032207876, 0.00041667206, 4.7406702e-05, 1.8219907e-05, 1.5280957e-05, 1.2488727e-05, 2.7543222e-06, 1.0443496e-06, 7.510099e-07, 8.225078e-07, 6.0013195e-07, 2.4928026, 0.3339623, 0.12961335, 0.056439184, 0.034318056, 0.026872698, 0.021759704, 0.017148588, 0.013895377, 0.011053441, 0.008890182, 0.011734841, 0.5211217, 0.16537306, 0.10770467, 0.09153608, 0.08121938, 0.073140174, 0.070326194, 0.057880044, 0.33930406, 0.35668117, 0.17815702, 0.10528309, 0.57574964, 0.27802864, 0.17427886, 0.12780929, 0.08426477, 0.050741434, 0.03208453, 0.025080768, 0.01256064, 0.007785783, 0.0051964037, 0.004208284, 0.0010713876, 0.002550041, 0.0014485703, 0.00040301052, 0.00010523867, 9.817874e-05, 1.537516e-05, 3.5628993e-06, 1.4283285e-06, 1.4661634e-06, 8.300717e-07, 6.605307e-07, 6.479693e-07, 6.200877e-07, 0.4694815, 0.13263582, 0.043993402, 0.013763629, 0.007257225, 0.0021075907, 0.0009990124, 0.00048643025, 0.00030108078, 9.742157e-05, 4.0209638e-05, 1.3215909e-05, 6.136931e-06, 3.2685607e-06, 2.2870556e-06, 3.027186e-06, 0.31135496, 0.12955992, 0.06667095, 0.038601004, 0.023453359, 0.014162494, 0.01097868, 0.017510118, 0.009404621, 0.006761796, 0.0046530706, 0.006103673, 1.0827352, 0.66374487, 0.32783476, 0.098522976, 0.08827814, 0.06012164, 0.02184655, 0.016049232, 1.5572355, 0.61276156, 0.3961911, 0.28202334, 0.2614747, 0.10865152, 0.06613305, 0.0059509375, 0.002563685, 0.0009553012, 0.0014091572, 0.0074870447, 0.69100535, 0.21430421, 0.22966665, 0.06487894, 0.020067655, 0.017529652, 0.0017839196, 0.032575857, 0.75291395, 0.15894786, 0.09962494, 0.07018158, 0.054932214, 0.03999414, 0.016897745, 0.011656785, 0.00266772, 0.0006975279, 0.0001527534, 0.00019176722, 1.7608085e-05, 8.885582e-06, 3.5607418e-06, 3.5462465e-06, 0.26112187, 0.77218294, 0.3555798, 0.1837487, 0.8449026, 0.28598216, 0.090538286, 0.073336, 0.017001627, 0.004609361, 0.001701079, 0.00040820084, 5.0556955e-05, 5.1982694e-05, 1.2089248e-05, 6.9464345e-06, 1.6135593e-05, 4.3264157e-05, 0.44754013, 0.17290528, 0.13760145, 0.07446566, 0.050955564, 0.016020149, 0.03543454, 0.008454924, 0.0027649298, 0.0006246629, 0.00033403773, 2.746123e-05, 0.00012781985, 0.00013872207, 3.8716453e-06, 1.1623389e-06, 9.830916e-07, 7.860827e-07, 7.2594e-07, 7.168602e-07, 0.16772644, 0.097074926, 0.052669782, 0.03949297, 0.3737482, 0.40065655, 0.97918427, 0.3537284, 0.5657345, 0.17063051, 0.12422979, 0.09504576, 0.10567815, 0.0728646, 0.040399775, 0.02685102, 0.021758523, 0.024232786, 0.004307529, 0.0026996755, 0.1255115, 0.05040665, 0.040655866, 0.07444787, 0.11273785, 0.0322742, 0.024590375, 0.029543452, 0.018213712, 0.019041348, 0.08770483, 0.11538412, 0.11379941, 0.078290306, 0.0650142, 0.06393247, 0.11050342, 0.08203567, 0.08658396, 0.089423805, 0.09886818, 0.06879063, 0.16141327, 0.08941362, 0.097489424, 0.077891074, 0.07078917, 0.17295434, 0.42091253, 0.13649832, 0.2079651, 0.22882582, 0.14779568, 0.14733471, 0.082036085, 0.097510405], 'scaler_samples': (array([[0.92504029, 0.86719484, 0.82425784, 0.12487912, 0.58760617,        0.51296992],       [0.93641495, 0.73742377, 0.25833396, 0.08504939, 0.14634047,        0.43894028],       [0.75184729, 0.13997536, 0.78984062, 0.9632556 , 0.70077139,        0.85814863]]), array([-1.34092431, -1.28911784, -1.29747246])), 'net': {'saver_path': './M-LOOP_archives/./neural_net_archive_2022-10-23_16-45_f6tYTIN2.ckpt'}}
