mloop_version='3.3.1'
archive_type='neural_net_learner'
num_params=6
min_boundary=array([0., 0., 0., 0., 0., 0.])
max_boundary=array([1., 1., 1., 1., 1., 1.])
start_datetime='2022-10-23_14-56'
param_names=['', '', '', '', '', '']
search_precision=1e-06
parameter_searches=10
bad_uncer_frac=0.1
trust_region=nan
has_trust_region=False
predict_global_minima_at_end=True
generation_num=3
update_hyperparameters=False
predicted_best_parameters=array([0.08578247, 0.13141418, 0.81809082, 0.15415029, 0.09828477,       0.79110097])
predicted_best_scaled_cost=-2.442602
predicted_best_cost=-1.192800928208506
all_params=array([[0.38622468, 0.96476997, 0.5162323 , 0.23572871, 0.77486461,        0.96488703],       [0.05057536, 0.156839  , 0.78650599, 0.2315691 , 0.07005389,        0.70372659],       [0.16150906, 0.71252736, 0.15700639, 0.63286324, 0.949608  ,        0.16750103],       [1.        , 0.        , 0.4609774 , 0.        , 0.61187555,        0.        ],       [1.        , 1.        , 1.        , 1.        , 0.        ,        0.97824598],       [0.        , 0.        , 1.        , 0.        , 0.59135648,        0.16123229],       [0.03993663, 0.93188017, 0.71610123, 0.6135562 , 0.37059454,        0.82734893],       [0.17326703, 0.        , 1.        , 0.13561642, 0.        ,        1.        ],       [0.        , 0.32385196, 1.        , 0.20382989, 0.        ,        0.58485746],       [0.22429191, 0.        , 1.        , 0.        , 0.00399435,        0.97114279],       [0.08109601, 0.67322128, 0.87287974, 0.51734986, 0.7798937 ,        0.03751139],       [0.00574193, 0.        , 0.95294274, 0.27622553, 0.        ,        0.9316123 ],       [0.        , 0.        , 0.85517326, 0.38152501, 0.        ,        0.94657687],       [0.07153587, 0.        , 0.96414718, 0.29747404, 0.        ,        1.        ],       [0.96649801, 0.67301249, 0.83917887, 0.33663963, 0.25918132,        0.89729717],       [0.15667416, 0.16840105, 0.74739938, 0.2514003 , 0.        ,        0.76856687],       [0.19987297, 0.05967936, 0.42529313, 0.3604518 , 0.        ,        0.44007482],       [0.1371094 , 0.03850735, 0.67674739, 0.22014503, 0.        ,        0.72587225],       [0.92365587, 0.112082  , 0.01260354, 0.22527497, 0.98575488,        0.76202578],       [0.03463082, 0.05116491, 0.66977108, 0.19892809, 0.23946271,        0.52914198],       [0.01947632, 0.06751495, 0.79228032, 0.19436293, 0.        ,        0.61179821],       [0.03103702, 0.19242408, 0.76423508, 0.24232882, 0.06702548,        0.67744129],       [0.3576148 , 0.23050107, 0.25249641, 0.92237287, 0.15559887,        0.32298652],       [0.05895135, 0.12115801, 0.82716019, 0.16592259, 0.07576483,        0.80097751],       [0.07199725, 0.13589866, 0.92007412, 0.13459276, 0.        ,        0.76741049],       [0.08676401, 0.19767814, 0.88227901, 0.22868008, 0.06754049,        0.8021255 ],       [0.38758738, 0.35049929, 0.46601264, 0.2281207 , 0.65812498,        0.69102022],       [0.03728969, 0.06412253, 0.78986569, 0.11225086, 0.04802677,        0.89798064],       [0.01079217, 0.17304644, 0.76192187, 0.1693353 , 0.111211  ,        1.        ],       [0.05340025, 0.06098851, 0.85013657, 0.13662716, 0.05052084,        0.83894101],       [0.60802106, 0.18657786, 0.13443035, 0.23068285, 0.38052329,        0.68448772],       [0.0616522 , 0.24050816, 0.75507391, 0.19382068, 0.13020752,        0.82928552],       [0.0330728 , 0.22973158, 0.77469263, 0.20756161, 0.17938738,        0.87822409],       [0.05271935, 0.25837765, 0.8244687 , 0.1921978 , 0.14985221,        0.82729408],       [0.51377338, 0.16479371, 0.42502929, 0.28035771, 0.30262006,        0.77977599],       [0.07971021, 0.04983243, 0.88594737, 0.18849331, 0.05931037,        0.78338232],       [0.04294829, 0.        , 1.        , 0.19862308, 0.28454178,        0.81097449],       [0.08340275, 0.15521833, 0.81992142, 0.17060654, 0.07369165,        0.78801462],       [0.84165482, 0.30065062, 0.4406733 , 0.58408006, 0.51295389,        0.65553674],       [0.04946409, 0.19198932, 0.81138628, 0.14386976, 0.00443593,        0.84622695],       [0.08636867, 0.21579866, 0.86347332, 0.15156878, 0.        ,        0.82035672],       [0.06237242, 0.20239266, 0.82701674, 0.17054962, 0.06255534,        0.80062388],       [0.05934771, 0.90091784, 0.83382999, 0.47260672, 0.96623327,        0.61242947],       [0.11928883, 0.2214786 , 0.76432399, 0.19868624, 0.2124509 ,        0.72304648],       [0.08765537, 0.14899485, 0.79927439, 0.18737094, 0.13631596,        0.76686297],       [0.09077596, 0.15150052, 0.78810724, 0.17440737, 0.1786059 ,        0.75125685],       [0.69757158, 0.80501858, 0.90749021, 0.63500057, 0.62140598,        0.90588058],       [0.07758904, 0.13099386, 0.81781726, 0.19221188, 0.0526455 ,        0.8045206 ],       [0.07158009, 0.16195031, 0.79487555, 0.19117183, 0.08706396,        0.83001432],       [0.0713865 , 0.10514972, 0.82037491, 0.17528615, 0.04136498,        0.79391483],       [0.38900382, 0.57941343, 0.17591576, 0.87081971, 0.05482103,        0.51719932],       [0.08312056, 0.22598549, 0.81178491, 0.20340781, 0.20265662,        0.84448115],       [0.07795363, 0.15540946, 0.83404729, 0.16975429, 0.10823854,        0.81498285],       [0.05692958, 0.18229758, 0.80608106, 0.21161743, 0.13815114,        0.8107108 ],       [0.33167787, 0.16180914, 0.6516644 , 0.26271963, 0.64154421,        0.85211682],       [0.07766287, 0.17739091, 0.81017864, 0.1949719 , 0.10859315,        0.80789242],       [0.08141649, 0.15272856, 0.82620433, 0.18818433, 0.0891217 ,        0.84308144],       [0.08543853, 0.22459456, 0.79122053, 0.19904202, 0.16841884,        0.78560972],       [0.22353882, 0.57472941, 0.23584489, 0.12294058, 0.6053369 ,        0.00922047],       [0.05922142, 0.14214888, 0.82248671, 0.16918121, 0.08701228,        0.81140784],       [0.06892204, 0.14376258, 0.81883987, 0.19171972, 0.07745859,        0.80091938],       [0.06096814, 0.15883513, 0.80320685, 0.1847372 , 0.11493357,        0.7915158 ],       [0.76639346, 0.95961281, 0.11126035, 0.08939157, 0.76882087,        0.77769205],       [0.07121846, 0.15325149, 0.80228702, 0.1839377 , 0.08828209,        0.7869362 ],       [0.12014188, 0.7290473 , 0.        , 0.        , 0.        ,        0.4162498 ],       [0.06986982, 0.1707617 , 0.79561489, 0.20640832, 0.12924984,        0.77151918],       [0.5771399 , 0.68864505, 0.03711304, 0.65947066, 0.71636162,        0.8352773 ],       [0.08628843, 0.15252127, 0.80543683, 0.16514912, 0.06398687,        0.78388722],       [0.06863872, 0.13083428, 0.81088712, 0.19345599, 0.08681279,        0.79777995],       [0.05717049, 0.15623498, 0.79086208, 0.19498576, 0.11160829,        0.79796717],       [0.03943812, 0.73825064, 0.08624091, 0.4302664 , 0.69301119,        0.82919685],       [0.08808478, 0.15432257, 0.84746884, 0.15938819, 0.07169812,        0.80320884],       [0.0937898 , 0.14984126, 0.83012852, 0.18232327, 0.0766013 ,        0.77022218],       [0.09516817, 0.15562659, 0.83631279, 0.17603374, 0.0795108 ,        0.78965202],       [0.42561605, 0.24658821, 0.76466675, 0.12089353, 0.14889813,        0.14013914],       [0.07882044, 0.14459621, 0.86203603, 0.14619731, 0.06087359,        0.80214958],       [0.06948771, 0.11366858, 0.8490729 , 0.15870211, 0.092804  ,        0.79756699],       [0.08108396, 0.15137878, 0.82055787, 0.16624194, 0.09564538,        0.80175771],       [0.20510583, 0.22957756, 0.51412291, 0.51857758, 0.14570128,        0.76374506],       [0.08124892, 0.1753677 , 0.7840565 , 0.18428713, 0.09497228,        0.81436172],       [0.07492505, 0.08962509, 0.85210402, 0.18078337, 0.        ,        0.96909732],       [0.08766319, 0.16162059, 0.82049994, 0.20073548, 0.00371109,        0.83634783],       [0.51091955, 0.85750779, 0.49404154, 0.14595441, 0.29757296,        0.1664029 ],       [0.07339782, 0.1484301 , 0.76352901, 0.18148027, 0.06615874,        0.82911506],       [0.07143012, 0.11181328, 0.83526842, 0.13837485, 0.11074316,        0.81138223],       [0.07976247, 0.14710991, 0.81436616, 0.161264  , 0.09986407,        0.78475628],       [0.16219949, 0.34346393, 0.82814605, 0.32980269, 0.59031746,        0.6195542 ],       [0.06725837, 0.12695666, 0.85295867, 0.13076583, 0.09432992,        0.82703364],       [0.0788967 , 0.12006909, 0.8027267 , 0.15128655, 0.12436483,        0.79646519],       [0.07245065, 0.19985551, 0.83875338, 0.25714582, 0.04576987,        0.78910764],       [0.332188  , 0.73338451, 0.81960908, 0.9636522 , 0.03421305,        0.20668348],       [0.24397298, 0.41199172, 0.67953513, 0.2702001 , 0.22205085,        0.80648377],       [0.07335096, 0.09806727, 0.86386596, 0.16752638, 0.0465067 ,        0.84773161],       [0.07661316, 0.14045537, 0.82196577, 0.18854599, 0.05462816,        0.8178371 ],       [0.86656683, 0.04898226, 0.0920803 , 0.41927488, 0.67711128,        0.89092419],       [0.08102286, 0.13257209, 0.7921957 , 0.18267633, 0.12709261,        0.76542189],       [0.08503923, 0.15942476, 0.80081027, 0.18124065, 0.08447019,        0.75702641],       [0.09106393, 0.15311618, 0.82091642, 0.16729722, 0.07970776,        0.78315495],       [0.04469525, 0.92963617, 0.2368287 , 0.39739644, 0.84797144,        0.82932132],       [0.48365621, 0.        , 0.75856646, 0.        , 0.14740231,        0.        ],       [0.08352484, 0.15014574, 0.81084849, 0.18168393, 0.06236363,        0.77878388],       [0.07870545, 0.07847068, 0.81786915, 0.21095721, 0.0168329 ,        0.83001295],       [0.94663347, 0.14787544, 0.68163834, 0.23202973, 0.80117107,        0.51902192],       [0.05646345, 0.13381105, 0.8633106 , 0.20483512, 0.0892253 ,        0.75397644],       [0.07277879, 0.16493985, 0.81690399, 0.18809217, 0.10446331,        0.79392181],       [0.17089173, 0.1199853 , 0.89749455, 0.21481073, 0.        ,        0.57640174],       [0.81111786, 0.37591098, 0.20792692, 0.51241952, 0.79832132,        0.82649025],       [0.07481932, 0.15373364, 0.80774215, 0.15892785, 0.10772436,        0.81216343],       [0.05637706, 0.16533168, 0.73334542, 0.19417519, 0.14369853,        0.88892538],       [0.0808279 , 0.1544668 , 0.79905614, 0.20888932, 0.10617355,        0.77753598],       [0.1274883 , 0.21378107, 0.08621978, 0.71876693, 0.30126324,        0.90759812],       [0.09533501, 0.13281912, 0.83081598, 0.1530558 , 0.07554598,        0.77327011],       [0.06928302, 0.13652744, 0.78654232, 0.20664078, 0.07606082,        0.8088654 ],       [0.08748443, 0.13562954, 0.82339431, 0.17557719, 0.04677197,        0.79573801],       [0.84509635, 0.48919414, 0.90561528, 0.21760521, 0.12599844,        0.15797245],       [0.0638927 , 0.17593392, 0.80179814, 0.19535757, 0.12655663,        0.80871364],       [0.08881574, 0.17879309, 0.92993179, 0.14690154, 0.08216251,        0.82617628],       [0.07684494, 0.09420215, 0.86359066, 0.14719202, 0.10820121,        0.80121606],       [0.72978157, 0.43214407, 0.42378766, 0.39979901, 0.37035377,        0.71583162],       [0.13923623, 0.31300902, 1.        , 0.18116102, 0.10585068,        0.90275455]])
all_costs=array([-1.06887347, -1.15389049, -1.08274743, -1.04      , -1.04216554,       -1.06546035, -1.05202312, -1.13427762, -1.06773333, -1.0609433 ,       -1.07230852, -1.05982001, -1.04871661, -1.08745247, -1.05535055,       -1.07345845, -1.10791367, -1.08745247, -1.1042471 , -1.0969863 ,       -1.1030303 , -1.12156863, -1.07001603, -1.19952067, -1.14991384,       -1.1646306 , -1.05982001, -1.10914127, -1.15923567, -1.15123634,       -1.12535132, -1.1646306 , -1.09939594, -1.15123634, -1.06887347,       -1.14727794, -1.06432749, -1.20095981, -1.04216554, -1.11284047,       -1.13556438, -1.15789474, -1.08041015, -1.10914127, -1.18391484,       -1.1228267 , -1.04871661, -1.2024024 , -1.19237641, -1.12408759,       -1.1030303 , -1.14465409, -1.17972893, -1.17144529, -1.06887347,       -1.18391484, -1.15923567, -1.12031337, -1.12156863, -1.16192687,       -1.17144529, -1.20095981, -1.09939594, -1.1565569 , -1.08509485,       -1.18531676, -1.05312993, -1.17144529, -1.17419355, -1.14727794,       -1.09578544, -1.2024024 , -1.17557252, -1.15522216, -1.15256189,       -1.15522216, -1.17144529, -1.19095776, -1.13685406, -1.14465409,       -1.12031337, -1.11284047, -1.1042471 , -1.1565569 , -1.18954248,       -1.18954248, -1.06546035, -1.15522216, -1.1783402 , -1.11532033,       -1.05982001, -1.08627238, -1.13427762, -1.15389049, -1.0981898 ,       -1.12788732, -1.13944223, -1.17972893, -1.07001603, -1.0609433 ,       -1.18112094, -1.11906093, -1.07692308, -1.15789474, -1.16598719,       -1.10668878, -1.05091864, -1.14859438, -1.1565569 , -1.17007598,       -1.11656442, -1.14727794, -1.18531676, -1.11160466, -1.10791367,       -1.15389049, -1.17281781, -1.16192687, -1.04871661, -1.12408759])
all_uncers=array([1.e-08, 1.e-08, 1.e-08, 1.e-08, 1.e-08, 1.e-08, 1.e-08, 1.e-08,       1.e-08, 1.e-08, 1.e-08, 1.e-08, 1.e-08, 1.e-08, 1.e-08, 1.e-08,       1.e-08, 1.e-08, 1.e-08, 1.e-08, 1.e-08, 1.e-08, 1.e-08, 1.e-08,       1.e-08, 1.e-08, 1.e-08, 1.e-08, 1.e-08, 1.e-08, 1.e-08, 1.e-08,       1.e-08, 1.e-08, 1.e-08, 1.e-08, 1.e-08, 1.e-08, 1.e-08, 1.e-08,       1.e-08, 1.e-08, 1.e-08, 1.e-08, 1.e-08, 1.e-08, 1.e-08, 1.e-08,       1.e-08, 1.e-08, 1.e-08, 1.e-08, 1.e-08, 1.e-08, 1.e-08, 1.e-08,       1.e-08, 1.e-08, 1.e-08, 1.e-08, 1.e-08, 1.e-08, 1.e-08, 1.e-08,       1.e-08, 1.e-08, 1.e-08, 1.e-08, 1.e-08, 1.e-08, 1.e-08, 1.e-08,       1.e-08, 1.e-08, 1.e-08, 1.e-08, 1.e-08, 1.e-08, 1.e-08, 1.e-08,       1.e-08, 1.e-08, 1.e-08, 1.e-08, 1.e-08, 1.e-08, 1.e-08, 1.e-08,       1.e-08, 1.e-08, 1.e-08, 1.e-08, 1.e-08, 1.e-08, 1.e-08, 1.e-08,       1.e-08, 1.e-08, 1.e-08, 1.e-08, 1.e-08, 1.e-08, 1.e-08, 1.e-08,       1.e-08, 1.e-08, 1.e-08, 1.e-08, 1.e-08, 1.e-08, 1.e-08, 1.e-08,       1.e-08, 1.e-08, 1.e-08, 1.e-08, 1.e-08, 1.e-08, 1.e-08, 1.e-08])
bad_run_indexs=[]
best_cost=-1.2024024024024025
best_params=array([0.07758904, 0.13099386, 0.81781726, 0.19221188, 0.0526455 ,       0.8045206 ])
best_index=47
worst_cost=-1.04
worst_index=3
cost_range=0.16240240240240245
costs_count=120
params_count=90
cost_scaler_init_index=3
net_0={'last_hyperfit': 0, 'last_net_reg': 1e-08, 'regularization_history': [1e-08], 'losses_list': [0.08150589, 0.06729784, 0.01089564, 0.00065899774, 0.00019607005, 0.000620491, 0.00038053404, 4.139384e-05, 1.2687422e-05, 1.8100625e-05, 6.944107e-07, 2.7230835e-06, 5.8755927e-07, 8.263809e-07, 5.380203e-07, 5.673449e-07, 5.428102e-07, 5.3643896e-07, 5.3765297e-07, 5.364819e-07, 5.360654e-07, 5.360996e-07, 5.3607994e-07, 5.3606163e-07, 5.3606067e-07, 5.360607e-07, 5.360594e-07, 5.360591e-07, 5.3605885e-07, 5.360587e-07, 3.4036095, 0.17466536, 0.055390947, 0.015287951, 0.004551721, 0.0015965662, 0.00026732642, 0.00019525495, 5.3037806e-05, 3.3778604e-05, 1.3669178e-05, 4.4526673e-06, 2.1093808e-06, 8.663722e-07, 6.997515e-07, 5.732295e-07, 1.3346438, 0.33250302, 0.04723862, 0.013582007, 0.002972944, 0.0012773228, 0.0005979397, 0.00018187615, 0.00010554618, 2.4131752e-05, 1.5874535e-05, 5.0957133e-06, 2.1757342e-06, 1.0254877e-06, 7.5070255e-07, 6.06669e-07, 5.5812626e-07, 5.4866445e-07, 1.3566397, 0.3902808, 0.17229342, 0.058486886, 0.012657983, 0.004589237, 0.0010038894, 0.00059005397, 0.00021707048, 5.324064e-05, 2.7497314e-05, 7.5427724e-06, 4.5718925e-06, 1.1053639e-06, 1.0003434e-06, 6.3421885e-07, 5.863236e-07, 5.4964056e-07, 0.43707463, 0.15286703, 0.09085211, 0.07228319, 0.03551066, 0.0377386, 0.012513388, 0.005667389, 0.006143132, 0.00096080283, 0.0003375027, 0.00018398176, 0.3263444, 0.06613324, 0.021510396, 0.009772167, 0.004997692, 0.0025515184, 0.0023495168, 0.00096027914, 0.00040394283, 0.00017600159, 9.613819e-05, 4.7385704e-05, 2.2205219e-05, 9.271151e-06, 4.2040597e-06, 2.2301692e-06, 1.8380174e-06, 1.3458321e-06, 6.929946e-07, 6.177097e-07, 5.775717e-07, 5.6405895e-07, 0.022494381, 0.0058194823, 0.0013187048, 0.00056806684, 0.00027404644, 0.00013318095, 6.0529906e-05, 3.252483e-05, 3.6506823e-05, 1.8725328e-05, 1.2593271e-05, 6.397933e-06, 4.0969876e-06, 2.5992533e-06, 2.4742214e-06, 1.3604451e-06, 1.1167546e-06, 1.0712945e-06, 0.27180815, 0.05296329, 0.029169172, 0.024220135, 0.0151902875, 0.011693214, 0.0060969433, 0.004113749, 0.24379647, 0.1316892, 0.16403222, 0.120203234, 0.03781293, 0.025682906, 0.108574145, 0.030611653, 0.013357377, 0.00379347, 0.0007445964, 0.00010830998, 8.798705e-05, 6.530653e-05, 3.1866726e-05, 1.1967811e-05, 1.3671251e-05, 1.1410707e-05, 0.22015624, 0.07657477, 0.028000241, 0.008081987, 0.008361176, 0.0069440193, 0.26354948, 0.059768934, 0.09061372, 0.026147742, 0.0076982477, 0.0025411681, 0.0008815286, 0.00057495915, 0.00019169765, 0.00029431348, 9.175404e-05, 0.00014159533, 4.3124488e-05, 7.845124e-05, 0.10016286, 0.10999061, 0.17829177, 0.10973608, 0.08634017, 0.08023684, 0.054653283, 0.09371848, 0.10740371, 0.08495157, 0.066362746, 0.06627666, 0.08921523, 0.05696601, 0.05785757, 0.04980639, 0.066508815, 0.06239803, 0.1916963, 0.069697924, 0.060566198, 0.066940516, 0.066599905, 0.064098135, 0.11028928, 0.06893032, 0.06887092, 0.06650005, 0.123215206, 0.10982956, 0.15483813, 0.08533649, 0.07836703, 0.08000229, 0.09318326, 0.081390046, 0.07324615, 0.07010209, 0.09507344, 0.071179904, 0.06863894, 0.05786301, 0.09448047, 0.15033239, 0.16977711, 0.11138547, 0.0971927, 0.07352863, 0.06763602, 0.05775066, 0.06269802, 0.057538263, 0.09028923, 0.053654253, 0.054297846, 0.046216257, 0.08236667, 0.08896725, 0.08714579, 0.13194466, 0.10721274, 0.08137056, 0.06503037, 0.051355924, 0.075801395, 0.073363476, 0.04232496, 0.051868103], 'scaler_samples': (array([[0.38622468, 0.96476997, 0.5162323 , 0.23572871, 0.77486461,        0.96488703],       [0.05057536, 0.156839  , 0.78650599, 0.2315691 , 0.07005389,        0.70372659],       [0.16150906, 0.71252736, 0.15700639, 0.63286324, 0.949608  ,        0.16750103]]), array([-1.06887347, -1.15389049, -1.08274743])), 'net': {'saver_path': './M-LOOP_archives/./neural_net_archive_2022-10-23_14-56_XjWgCXW4.ckpt'}}
net_1={'last_hyperfit': 0, 'last_net_reg': 1e-08, 'regularization_history': [1e-08], 'losses_list': [1.9799894, 0.016898418, 0.003026464, 0.00076156494, 0.00014445662, 4.06221e-05, 0.00013514602, 0.00019008855, 0.00014047448, 5.299861e-05, 6.154951e-06, 1.2811877e-06, 2.752342e-06, 1.1097684e-06, 5.549725e-07, 6.4816584e-07, 5.4370304e-07, 5.4443154e-07, 5.3851693e-07, 5.361895e-07, 5.359029e-07, 5.3557915e-07, 5.3555243e-07, 5.3549763e-07, 5.35499e-07, 5.354964e-07, 5.354951e-07, 5.3549456e-07, 5.354947e-07, 5.354941e-07, 5.093954, 0.39569154, 0.076637805, 0.0250959, 0.0067394096, 0.0037799417, 0.0019607905, 0.00043683455, 0.00010317227, 4.9648217e-05, 2.2696297e-05, 1.20597615e-05, 4.6740797e-06, 1.4838797e-06, 7.981004e-07, 6.237528e-07, 5.6275627e-07, 5.4549423e-07, 0.87433624, 0.2944944, 0.019733492, 0.012049711, 0.005254907, 0.001155058, 0.00031577758, 0.00022002948, 6.3697065e-05, 1.2983488e-05, 7.388926e-06, 4.1309245e-06, 1.3684282e-06, 7.151273e-07, 6.982415e-07, 5.7752953e-07, 5.488772e-07, 5.4242923e-07, 1.5872283, 0.40937552, 0.22352666, 0.121271394, 0.052196648, 0.010672018, 0.0017612036, 0.0012408457, 0.00029108554, 5.7803336e-05, 5.4803288e-05, 1.9506011e-05, 3.04567e-06, 2.929727e-06, 1.0797396e-06, 6.981892e-07, 6.310383e-07, 5.6706557e-07, 0.4432949, 0.2140322, 0.21847405, 0.074465975, 0.0819942, 0.0123158675, 0.002063952, 0.0009116715, 0.0016780632, 0.0005450395, 0.00037564273, 0.000832002, 0.00044696257, 0.00014418723, 4.9761842e-05, 0.00016247127, 0.3571077, 0.056789044, 0.020332456, 0.012117727, 0.007810315, 0.0055203764, 0.00350528, 0.002590507, 0.0027171117, 0.0012669151, 0.00095003523, 0.0005995616, 0.00034643253, 0.0002199134, 0.00013167615, 7.965331e-05, 4.474969e-05, 3.2738604e-05, 1.647809e-05, 1.0419748e-05, 6.6777197e-06, 6.0650973e-06, 3.1953296e-06, 2.1821386e-06, 1.6586694e-06, 8.8228137e-07, 8.140498e-07, 7.0816645e-07, 0.08874783, 0.035904188, 0.008020759, 0.004748809, 0.0029009643, 0.0007660765, 0.000112975744, 1.8483628e-05, 0.00019968202, 1.4437833e-05, 0.23804939, 0.05922269, 0.023783518, 0.01317542, 0.00721012, 0.00533307, 0.003040898, 0.0029882486, 0.0013452378, 0.002061516, 0.0004259042, 0.00017480677, 9.5951706e-05, 6.23509e-05, 2.4597013e-05, 1.4804108e-05, 1.3074002e-05, 7.0728115e-06, 7.872361e-06, 2.4333285e-06, 1.7563875e-06, 2.250085e-06, 0.37824345, 0.42628637, 0.8102455, 0.20608597, 0.104471855, 0.08745444, 0.17252403, 0.12502602, 0.10485484, 0.085813545, 0.10514168, 0.05451667, 0.045345783, 0.034672204, 0.15664046, 0.058917083, 0.043094795, 0.032583337, 0.026535403, 0.022801612, 0.0993449, 0.106064424, 0.120663054, 0.05690078, 0.0596467, 0.046419416, 0.03773063, 0.037268434, 0.07632221, 0.06528421, 0.051363636, 0.047992446, 0.069375634, 0.05625005, 0.058047596, 0.044948306, 0.04330278, 0.040573575, 0.2554987, 0.099470235, 0.07510394, 0.07385022, 0.12454358, 0.06560922, 0.062171765, 0.05920697, 0.06651283, 0.06281776, 0.089354575, 0.06726776, 0.060271494, 0.05900557, 0.17754297, 0.16848464, 0.08023857, 0.08378399, 0.080000386, 0.06743131, 0.06229185, 0.057159953, 0.07420468, 0.053010594, 0.045268215, 0.04000924, 0.08707069, 0.07181928, 0.057033964, 0.046843972, 0.04569649, 0.06798812, 0.07939664, 0.082432725, 0.13920681, 0.0736321, 0.058760043, 0.047273062, 0.050296556, 0.041409902, 0.046169005, 0.0430175, 0.033002067, 0.023948802, 0.051683214, 0.032598864, 0.030790374, 0.03207695, 0.017847108, 0.024550205, 0.08607638, 0.166676, 0.16457109, 0.106020465, 0.101722024, 0.089546986], 'scaler_samples': (array([[0.38622468, 0.96476997, 0.5162323 , 0.23572871, 0.77486461,        0.96488703],       [0.05057536, 0.156839  , 0.78650599, 0.2315691 , 0.07005389,        0.70372659],       [0.16150906, 0.71252736, 0.15700639, 0.63286324, 0.949608  ,        0.16750103]]), array([-1.06887347, -1.15389049, -1.08274743])), 'net': {'saver_path': './M-LOOP_archives/./neural_net_archive_2022-10-23_14-56__AdOi-0J.ckpt'}}
net_2={'last_hyperfit': 0, 'last_net_reg': 1e-08, 'regularization_history': [1e-08], 'losses_list': [0.76515967, 0.06586745, 0.01762495, 0.006889376, 0.0031417955, 0.0014385442, 0.00055640197, 0.00017526008, 7.747169e-05, 3.6584206e-05, 8.868792e-06, 3.9945166e-06, 1.6948059e-06, 6.942305e-07, 6.191112e-07, 5.3034944e-07, 5.455804e-07, 5.3478425e-07, 5.312862e-07, 5.289527e-07, 5.286875e-07, 5.2873435e-07, 5.286553e-07, 5.2863714e-07, 5.2862987e-07, 5.2862714e-07, 5.2862595e-07, 5.2862595e-07, 5.286259e-07, 5.286259e-07, 1.310314, 0.23601721, 0.05948687, 0.0091265, 0.004699208, 0.0009322897, 0.000416462, 0.00023507184, 2.3020111e-05, 2.684588e-05, 7.411943e-06, 2.1170995e-06, 1.5456087e-06, 7.7429127e-07, 6.0531795e-07, 5.6996487e-07, 0.92794436, 0.18848442, 0.024108943, 0.015840268, 0.0043176995, 0.0020018353, 0.00052582263, 0.0001541316, 2.7282018e-05, 2.116391e-05, 6.9328235e-06, 3.679873e-06, 2.0168468e-06, 7.830804e-07, 6.7530596e-07, 5.563587e-07, 1.066665, 0.26157096, 0.06467607, 0.020544894, 0.0055831596, 0.001092728, 0.0008420095, 0.00014393595, 7.101589e-05, 2.3358078e-05, 1.1657625e-05, 1.7117322e-06, 1.8001656e-06, 8.694991e-07, 6.511387e-07, 5.63499e-07, 0.4169197, 0.19480743, 0.10152064, 0.08445378, 0.025617082, 0.03319985, 0.014039772, 0.007676888, 0.0008103078, 0.0016939456, 0.0009492585, 0.000884452, 0.00028087103, 7.577685e-05, 3.896998e-05, 9.947854e-05, 0.23086125, 0.0312927, 0.016902648, 0.013745763, 0.012609464, 0.012357552, 0.1843552, 0.05296649, 0.014638655, 0.006856431, 0.0061842, 0.0032452662, 0.0024936304, 0.0022338333, 0.0016225323, 0.0012091221, 0.0011589986, 0.0007170174, 0.0008332066, 0.00037339865, 0.0002856105, 0.00019955487, 0.00012191558, 0.00020201664, 0.00016071831, 5.1063333e-05, 3.5368626e-05, 1.2430615e-05, 1.1371461e-05, 6.7399033e-06, 4.3936852e-06, 4.8982665e-06, 2.8940779e-06, 2.6457326e-06, 0.32119292, 0.05617551, 0.03950838, 0.01174211, 0.008409241, 0.0056783995, 0.003783763, 0.0024933906, 0.002795127, 0.002122195, 0.00051835715, 0.00028329753, 0.00022232813, 0.000107471125, 6.0553873e-05, 5.12913e-05, 9.217033e-06, 1.0621602e-05, 6.2983518e-06, 1.7220113e-06, 1.1556094e-06, 7.430021e-07, 6.5422387e-07, 5.9121425e-07, 0.25196433, 0.51421845, 0.28704375, 0.14461154, 0.10181454, 0.090270065, 0.0340212, 0.020450529, 0.013416544, 0.010552302, 0.043007005, 0.01398505, 0.006866601, 0.0044750925, 0.0031846107, 0.0023370802, 0.0015600141, 0.0012151132, 0.0036441889, 0.001182244, 0.0012534244, 0.0004906667, 0.00040977416, 0.0003068388, 0.00055693934, 0.00018056783, 0.00014917876, 0.0001057029, 9.731202e-05, 9.970662e-05, 5.5029992e-05, 0.00013021931, 0.17824523, 0.044553377, 0.012888932, 0.0058705118, 0.011711841, 0.003137774, 0.0020768628, 0.0017279208, 0.0010687483, 0.0007572228, 0.0004626626, 0.00075741985, 0.00028397204, 0.00018937462, 0.000106789514, 6.28847e-05, 4.832099e-05, 6.469336e-05, 1.6424015e-05, 2.1709357e-05, 0.20263247, 0.05059594, 0.02436213, 0.01215248, 0.013476623, 0.0023571323, 0.00046938946, 0.0004070515, 7.167824e-05, 4.660598e-05, 0.106038585, 0.1516365, 0.1338841, 0.08098215, 0.06723163, 0.06280425, 0.055802505, 0.052570917, 0.13064404, 0.10939807, 0.09591559, 0.081893764, 0.067385845, 0.066111244, 0.087469436, 0.04645787, 0.03820061, 0.03532878, 0.059730057, 0.049522027, 0.11387122, 0.059874993, 0.052807417, 0.050701827, 0.060465727, 0.056226805, 0.09344941, 0.056465346, 0.053619422, 0.05611461, 0.1319449, 0.09154369, 0.058769964, 0.16334192, 0.09535839, 0.07265966, 0.06656407, 0.05276572, 0.04700728, 0.045426007, 0.096696235, 0.03888029, 0.027915515, 0.065464444, 0.041410502, 0.026031679, 0.01969895, 0.014833724, 0.09555715, 0.10056284, 0.07924374, 0.044813212, 0.03874465, 0.01769628, 0.023505865, 0.019677382, 0.033413667, 0.032913752, 0.10454007, 0.023527011, 0.015290331, 0.009392725, 0.061870217, 0.012467636, 0.0072112717, 0.0032864974, 0.0029126727, 0.0064407834, 0.027692825, 0.011238779, 0.053650144, 0.038464326, 0.052873693, 0.046039466, 0.028728163, 0.14842685], 'scaler_samples': (array([[0.38622468, 0.96476997, 0.5162323 , 0.23572871, 0.77486461,        0.96488703],       [0.05057536, 0.156839  , 0.78650599, 0.2315691 , 0.07005389,        0.70372659],       [0.16150906, 0.71252736, 0.15700639, 0.63286324, 0.949608  ,        0.16750103]]), array([-1.06887347, -1.15389049, -1.08274743])), 'net': {'saver_path': './M-LOOP_archives/./neural_net_archive_2022-10-23_14-56_3hmof9d8.ckpt'}}
