mloop_version='3.3.1'
archive_type='neural_net_learner'
num_params=2
min_boundary=array([0., 0.])
max_boundary=array([1., 1.])
start_datetime='2022-10-22_23-07'
param_names=['', '']
search_precision=1e-06
parameter_searches=10
bad_uncer_frac=0.1
trust_region=nan
has_trust_region=False
predict_global_minima_at_end=True
generation_num=3
update_hyperparameters=False
predicted_best_parameters=array([0.18103576, 0.16721906])
predicted_best_scaled_cost=-2.0097096
predicted_best_cost=-1.1404460359777564
all_params=array([[0.19675212, 0.19731534],       [0.07587136, 0.63028779],       [0.16989861, 0.45799279],       [0.26174221, 0.        ],       [1.        , 0.        ],       [0.29917636, 0.        ],       [0.98240899, 0.82796803],       [0.18866789, 0.16052195],       [0.        , 0.        ],       [0.18893463, 1.        ],       [0.69894735, 0.20152258],       [0.18024675, 0.        ],       [0.17359862, 0.        ],       [0.16219   , 0.        ],       [0.53645014, 0.56829593],       [0.18477942, 0.14344606],       [0.1760246 , 0.18148174],       [0.17912471, 0.16821225],       [0.63286278, 0.08035538],       [0.18653717, 0.17500976],       [0.18668672, 0.19276648],       [0.18998781, 0.16720844],       [0.97163557, 0.56713249],       [0.18355941, 0.17846981],       [0.18125537, 0.19119425],       [0.19377152, 0.1403367 ],       [0.82187227, 0.58626055],       [0.17742858, 0.2045847 ],       [0.17801148, 0.20262354],       [0.15678164, 0.25321481],       [0.8716752 , 0.2623753 ],       [0.18723669, 0.16218598],       [0.18452775, 0.17237124],       [0.18743562, 0.16331371],       [0.73541105, 0.49268311],       [0.18998796, 0.15629266],       [0.1864528 , 0.17053732],       [0.17847148, 0.18141101],       [0.16357043, 0.90987907],       [0.18382787, 0.17030932],       [0.18190997, 0.1735618 ],       [0.17412492, 0.18579189],       [0.82103436, 0.64459333],       [0.18443213, 0.17165773],       [0.18368712, 0.1714151 ],       [0.1796749 , 0.17944455],       [0.52350428, 0.16943389],       [0.18407081, 0.17176073],       [0.18281594, 0.17389056],       [0.181174  , 0.1755413 ],       [0.05648177, 0.92091288],       [0.18239474, 0.16795256],       [0.18009809, 0.16798031],       [0.18222909, 0.17077115],       [0.8140152 , 0.61998808],       [0.18133804, 0.16979312],       [0.18078927, 0.17299579],       [0.18112377, 0.17315524],       [0.69677687, 0.45422508],       [0.04040058, 1.        ],       [0.03463371, 1.        ],       [0.18126345, 0.17204753],       [0.77711484, 0.98084781],       [0.18118638, 0.17514003],       [0.18102663, 0.17363818],       [0.18213073, 0.16830836],       [0.99185306, 0.18455667],       [0.18377032, 0.16786597],       [0.17190368, 0.16034772],       [0.18043719, 0.17519774],       [0.75528979, 0.28884888],       [0.18170319, 0.17179725],       [0.17384378, 0.17416432],       [0.15563903, 0.1901818 ],       [0.81644767, 0.99934421],       [0.1813222 , 0.17180064],       [0.17474052, 0.17543741],       [0.18225147, 0.16761203],       [0.5848594 , 0.60299982],       [0.18295557, 0.16828824],       [0.18166756, 0.16893186],       [0.16124428, 0.16789478],       [0.11921409, 0.77208364],       [0.15742652, 0.15605076],       [0.14460826, 0.1633526 ],       [0.15686129, 0.15809892],       [0.50015206, 0.79554145],       [0.07170758, 0.85464253],       [0.16048124, 0.17346743],       [0.18253254, 0.16647361],       [0.71919999, 0.10788124],       [0.167008  , 0.16001601],       [0.18045454, 0.16405273],       [0.18224986, 0.16548685],       [0.9104761 , 0.71530209],       [0.16593349, 0.16136355],       [0.16131656, 0.16932489],       [0.16488266, 0.16275299],       [0.11790983, 0.99414686],       [0.18132784, 0.17016354],       [0.16347973, 0.13813959],       [0.18252466, 0.16998732],       [0.19152111, 0.22201871],       [0.16560745, 0.15957222],       [0.18066036, 0.16338637],       [0.16531043, 0.16083565],       [0.58939378, 0.17377888],       [0.18212973, 0.16732315],       [0.18146204, 0.16354961],       [0.1637865 , 0.16559465],       [0.21630203, 0.26592379],       [0.18215803, 0.16351496],       [0.16339897, 0.16165368],       [0.18244301, 0.1629277 ],       [0.70004437, 0.7147567 ],       [0.16601944, 0.16552929],       [0.18215834, 0.16369332],       [0.18174652, 0.16662003],       [0.80847755, 0.73993499],       [0.18086716, 0.1663564 ]])
all_costs=array([-1.11781128, -1.05646438, -1.09458721, -1.07001603, -1.05423907,       -1.07001603, -1.07230852, -1.18531676, -1.04761905, -1.0969863 ,       -1.08863513, -1.09100817, -1.08982036, -1.0981898 , -1.05535055,       -1.10181618, -1.14074074, -1.12408759, -1.0586991 , -1.11781128,       -1.12031337, -1.11160466, -1.05202312, -1.12535132, -1.14465409,       -1.11532033, -1.08745247, -1.09939594, -1.11284047, -1.10546659,       -1.10546659, -1.10668878, -1.12408759, -1.12788732, -1.04216554,       -1.12156863, -1.14465409, -1.15123634, -1.09458721, -1.11284047,       -1.14204221, -1.1103716 , -1.11781128, -1.10791367, -1.15123634,       -1.12788732, -1.11781128, -1.10546659, -1.12031337, -1.14991384,       -1.12788732, -1.18251624, -1.13171283, -1.16057971, -1.09458721,       -1.11160466, -1.13944223, -1.12788732, -1.05202312, -1.04434011,       -1.04871661, -1.13427762, -1.08041015, -1.1266179 , -1.14859438,       -1.14334666, -1.11407902, -1.1266179 , -1.13814667, -1.1103716 ,       -1.05535055, -1.14991384, -1.12031337, -1.13171283, -1.07692308,       -1.09458721, -1.10181618, -1.17281781, -1.0586991 , -1.13814667,       -1.12915962, -1.17972893, -1.11160466, -1.11906093, -1.12031337,       -1.13043478, -1.04      , -1.06546035, -1.11781128, -1.14334666,       -1.14727794, -1.13171283, -1.12535132, -1.14204221, -1.10060473,       -1.1565569 , -1.13685406, -1.12915962, -1.1266179 , -1.15389049,       -1.12915962, -1.12788732, -1.10791367, -1.11906093, -1.14465409,       -1.13427762, -1.0981898 , -1.15389049, -1.16734694, -1.1266179 ,       -1.11906093, -1.13171283, -1.12788732, -1.15256189, -1.07576572,       -1.10546659, -1.14334666, -1.13944223, -1.04434011, -1.13171283])
all_uncers=array([1.e-08, 1.e-08, 1.e-08, 1.e-08, 1.e-08, 1.e-08, 1.e-08, 1.e-08,       1.e-08, 1.e-08, 1.e-08, 1.e-08, 1.e-08, 1.e-08, 1.e-08, 1.e-08,       1.e-08, 1.e-08, 1.e-08, 1.e-08, 1.e-08, 1.e-08, 1.e-08, 1.e-08,       1.e-08, 1.e-08, 1.e-08, 1.e-08, 1.e-08, 1.e-08, 1.e-08, 1.e-08,       1.e-08, 1.e-08, 1.e-08, 1.e-08, 1.e-08, 1.e-08, 1.e-08, 1.e-08,       1.e-08, 1.e-08, 1.e-08, 1.e-08, 1.e-08, 1.e-08, 1.e-08, 1.e-08,       1.e-08, 1.e-08, 1.e-08, 1.e-08, 1.e-08, 1.e-08, 1.e-08, 1.e-08,       1.e-08, 1.e-08, 1.e-08, 1.e-08, 1.e-08, 1.e-08, 1.e-08, 1.e-08,       1.e-08, 1.e-08, 1.e-08, 1.e-08, 1.e-08, 1.e-08, 1.e-08, 1.e-08,       1.e-08, 1.e-08, 1.e-08, 1.e-08, 1.e-08, 1.e-08, 1.e-08, 1.e-08,       1.e-08, 1.e-08, 1.e-08, 1.e-08, 1.e-08, 1.e-08, 1.e-08, 1.e-08,       1.e-08, 1.e-08, 1.e-08, 1.e-08, 1.e-08, 1.e-08, 1.e-08, 1.e-08,       1.e-08, 1.e-08, 1.e-08, 1.e-08, 1.e-08, 1.e-08, 1.e-08, 1.e-08,       1.e-08, 1.e-08, 1.e-08, 1.e-08, 1.e-08, 1.e-08, 1.e-08, 1.e-08,       1.e-08, 1.e-08, 1.e-08, 1.e-08, 1.e-08, 1.e-08, 1.e-08, 1.e-08])
bad_run_indexs=[]
best_cost=-1.1853167554766133
best_params=array([0.18866789, 0.16052195])
best_index=7
worst_cost=-1.04
worst_index=86
cost_range=0.14531675547661327
costs_count=120
params_count=91
cost_scaler_init_index=3
net_0={'last_hyperfit': 0, 'last_net_reg': 1e-08, 'regularization_history': [1e-08], 'losses_list': [3.3516579, 0.35622987, 0.107979186, 0.011000894, 0.0008800853, 0.003257993, 0.0014056715, 0.00026917754, 4.970952e-05, 1.7325443e-05, 7.0150486e-06, 3.6119447e-06, 2.2222043e-06, 1.3595063e-06, 8.8505465e-07, 6.764752e-07, 5.958078e-07, 5.674733e-07, 5.594837e-07, 5.574546e-07, 5.568719e-07, 5.5681784e-07, 5.568125e-07, 5.56807e-07, 5.5680385e-07, 5.568026e-07, 5.568015e-07, 5.568012e-07, 5.568011e-07, 5.5680107e-07, 21.809753, 0.619629, 0.2188503, 0.055195533, 0.0027448775, 0.0012810043, 0.00047242493, 9.429134e-05, 2.8354047e-05, 2.8501927e-05, 6.8815134e-06, 1.5388009e-06, 1.2634952e-06, 8.558844e-07, 5.9886156e-07, 5.8912264e-07, 1.0526285, 0.23522624, 0.07629466, 0.015377913, 0.008847129, 0.0019768109, 0.0005729995, 0.00037314495, 8.885233e-05, 3.315955e-05, 1.0745623e-05, 2.5034803e-06, 2.382335e-06, 8.6672594e-07, 6.901502e-07, 6.5093565e-07, 5.8894024, 0.71609586, 0.42120612, 0.22360113, 0.13246441, 0.056361996, 0.017963396, 0.012299391, 0.008392463, 0.0050943964, 0.0035445215, 0.0024674917, 0.0015327268, 0.00094950956, 0.0005894856, 0.00036900953, 2.4453092, 0.5080369, 0.36633226, 0.34295997, 0.6802061, 0.3914141, 0.36878198, 0.35662782, 0.33348384, 0.32296953, 0.39501277, 0.36718452, 0.39664614, 0.40639722, 0.52044594, 0.4122224, 0.4368509, 0.3777521, 0.45112815, 0.44094825, 0.526742, 0.57880855, 0.6574376, 0.5496534, 0.5409551, 0.5168018, 0.603762, 0.5746185, 0.539048, 0.5190955, 0.4890367, 0.71052504, 0.5413556, 0.53940743, 0.49042293, 0.46571374, 0.52511084, 0.4913703, 0.53686553, 0.7672263, 0.6214464, 0.5084175, 0.4744575, 0.45951045, 0.58158475, 0.49327737, 0.49802497, 0.46580315, 0.5111683, 0.5042314, 0.51113975, 0.5139824, 0.6523199, 0.50370574, 0.5065199, 0.47748336, 0.46161044, 0.4610686, 0.43355846, 0.87699395, 0.52114373, 0.4544835, 0.4517403, 0.4582927], 'scaler_samples': (array([[0.19675212, 0.19731534],       [0.07587136, 0.63028779],       [0.16989861, 0.45799279]]), array([-1.11781128, -1.05646438, -1.09458721])), 'net': {'saver_path': './M-LOOP_archives/./neural_net_archive_2022-10-22_23-07_lnClYD93.ckpt'}}
net_1={'last_hyperfit': 0, 'last_net_reg': 1e-08, 'regularization_history': [1e-08], 'losses_list': [1.0135381, 0.07874538, 0.006448769, 0.010460986, 0.0037728506, 0.0014459019, 0.00035291995, 0.00019831974, 4.7388414e-05, 2.3937013e-05, 7.090289e-06, 6.5298836e-06, 3.2990552e-06, 8.012823e-07, 5.782609e-07, 6.379033e-07, 5.7931413e-07, 5.403522e-07, 5.37028e-07, 5.363203e-07, 5.3551776e-07, 5.3558443e-07, 5.354784e-07, 5.354114e-07, 5.354057e-07, 5.3540333e-07, 5.35403e-07, 5.3540265e-07, 5.354025e-07, 5.354024e-07, 7.323, 2.0846033, 0.28563672, 0.01977804, 2.4981039, 0.45462558, 0.22857158, 0.120050214, 0.03578602, 0.0023627463, 0.0029155267, 0.0010241155, 0.00012192076, 0.00014686062, 2.9319532e-05, 1.02763315e-05, 6.297626e-06, 1.6981749e-06, 1.2862204e-06, 6.6816483e-07, 6.069438e-07, 5.7597595e-07, 8.413626, 0.88121337, 0.4501244, 0.29711062, 0.17741272, 0.07722777, 0.020378372, 0.007476158, 0.005846265, 0.0039533055, 0.0014412391, 0.0011060082, 0.00077216415, 0.0006830508, 0.0005970023, 0.0005304215, 1.1671717, 0.57880867, 0.78824717, 0.85058904, 0.43472025, 0.43175635, 0.30075848, 0.3709333, 0.520061, 0.38426286, 0.3568816, 0.35001263, 0.30239058, 0.2911496, 0.37689006, 0.34609357, 0.35627648, 0.35786393, 0.4741025, 0.38313532, 0.3285018, 0.31684682, 0.3942551, 0.3819542, 0.452739, 0.44268632, 0.6352629, 0.4865511, 0.4668943, 0.47660348, 0.44582984, 0.4346332, 0.5925226, 0.48640522, 0.4694639, 0.47502223, 0.42683756, 0.6106417, 0.55509955, 0.5022797, 0.5170109, 0.5423379, 0.5369208, 0.5205042, 0.58587366, 0.7096917, 0.6245079, 0.5338605, 0.5400499, 0.49798396, 0.53794897, 0.5070189, 0.5443591, 0.54358155, 0.5044435, 0.50322175, 0.80993015, 0.6727087, 0.60153466, 0.56292045, 0.5346653, 0.51268834, 0.5084105, 0.48722956, 0.466702, 0.4828873, 0.58315104, 0.5029475], 'scaler_samples': (array([[0.19675212, 0.19731534],       [0.07587136, 0.63028779],       [0.16989861, 0.45799279]]), array([-1.11781128, -1.05646438, -1.09458721])), 'net': {'saver_path': './M-LOOP_archives/./neural_net_archive_2022-10-22_23-07_T8ObYwa_.ckpt'}}
net_2={'last_hyperfit': 0, 'last_net_reg': 1e-08, 'regularization_history': [1e-08], 'losses_list': [3.8043175, 0.13722406, 0.0040978403, 0.01049087, 0.002308352, 0.0018037176, 0.00028877347, 0.00023940176, 0.00010644164, 1.844981e-05, 6.49451e-06, 6.5836603e-06, 9.829273e-07, 8.737186e-07, 8.5086424e-07, 5.8606895e-07, 5.6798166e-07, 5.621887e-07, 5.613194e-07, 5.5773467e-07, 5.5724234e-07, 5.5701327e-07, 5.569844e-07, 5.569505e-07, 5.5694204e-07, 5.5694125e-07, 5.5694017e-07, 5.569401e-07, 5.569399e-07, 5.569398e-07, 18.606083, 0.14737587, 0.026052786, 0.009035802, 0.0011104931, 0.0011119306, 0.00053457153, 0.00020467895, 0.000106784355, 2.68566e-05, 1.10833e-05, 1.2737878e-06, 1.2760858e-06, 9.668254e-07, 9.384331e-07, 7.494177e-07, 1.2698753, 0.5788526, 0.15305348, 0.03001991, 0.013770302, 0.0030663433, 0.001274473, 0.0003529014, 0.00014838297, 3.8939317e-05, 1.0405785e-05, 7.1304903e-06, 1.7740874e-06, 1.4956918e-06, 8.683072e-07, 7.266804e-07, 9.082146, 1.0188426, 0.6648622, 0.4529342, 0.28518274, 0.19787495, 0.1178228, 0.049014717, 0.008709875, 0.0019368067, 0.0014272651, 0.00025215893, 0.00023360494, 4.4869026e-05, 2.857605e-05, 4.500115e-06, 3.4895895e-06, 8.5308903e-07, 8.095918e-07, 6.130343e-07, 6.152787e-07, 5.8465554e-07, 1.2558758, 1.2793514, 2.98207, 0.43680412, 0.2913953, 0.48328733, 0.7380651, 0.35669756, 0.33639637, 0.3213531, 0.35047486, 0.31002778, 0.43631178, 0.33653095, 0.31199834, 0.2983962, 0.3598498, 0.46638688, 0.41425493, 0.3641634, 0.3487084, 0.34608826, 0.39626533, 0.34142518, 0.41874614, 0.41080254, 0.4851387, 0.49703786, 0.746379, 0.549132, 0.58229154, 0.50878406, 0.6444398, 0.47808918, 0.73241967, 0.5426644, 0.5168721, 0.50950843, 0.4657032, 0.4601277, 0.687302, 0.49774557, 0.48494956, 0.4973205, 0.45822102, 0.443241, 0.48535377, 0.44729277, 0.45087743, 0.6127393, 0.53932816, 0.46399504, 0.49941233, 0.48326534, 0.49560016, 0.47047487, 0.49822256, 0.48966622, 0.44417852, 0.754911, 0.5681268, 0.51670754, 0.44441086, 0.42187348, 0.40767223, 0.42966753, 0.39922312, 0.37018147, 0.39459446, 0.42789564, 0.42086938, 0.37153926], 'scaler_samples': (array([[0.19675212, 0.19731534],       [0.07587136, 0.63028779],       [0.16989861, 0.45799279]]), array([-1.11781128, -1.05646438, -1.09458721])), 'net': {'saver_path': './M-LOOP_archives/./neural_net_archive_2022-10-22_23-07_t3vV92CR.ckpt'}}
