mloop_version='3.3.1'
archive_type='neural_net_learner'
num_params=2
min_boundary=array([0., 0.])
max_boundary=array([1., 1.])
start_datetime='2022-10-22_23-02'
param_names=['', '']
search_precision=1e-06
parameter_searches=10
bad_uncer_frac=0.1
trust_region=nan
has_trust_region=False
predict_global_minima_at_end=True
generation_num=3
update_hyperparameters=False
predicted_best_parameters=array([0.17300391, 0.10757796])
predicted_best_scaled_cost=-5.68998
predicted_best_cost=-1.1905162403464846
all_params=array([[5.49174546e-04, 6.69680356e-02],       [6.93617624e-01, 6.88248666e-02],       [5.72742333e-01, 2.02247189e-01],       [1.00000000e+00, 1.00000000e+00],       [0.00000000e+00, 3.34730334e-02],       [7.22080212e-01, 1.00000000e+00],       [3.82663216e-01, 2.87231702e-01],       [7.18778062e-02, 1.00000000e+00],       [1.92501567e-01, 1.00000000e+00],       [0.00000000e+00, 1.00000000e+00],       [1.74766423e-01, 9.46991890e-01],       [4.49833810e-01, 1.00000000e+00],       [4.29872697e-01, 1.00000000e+00],       [0.00000000e+00, 1.02133238e-01],       [7.23971020e-01, 1.70223424e-01],       [0.00000000e+00, 9.18488772e-02],       [8.85761396e-02, 1.05554039e-01],       [0.00000000e+00, 9.63185766e-02],       [7.39574083e-01, 6.04788443e-01],       [6.62687905e-02, 1.23145327e-01],       [8.85600040e-02, 1.30126535e-01],       [7.98859853e-02, 1.32212055e-01],       [6.11775717e-01, 1.50574386e-01],       [1.42425481e-01, 1.00958348e-01],       [1.20169149e-01, 1.02954903e-01],       [9.50365721e-02, 1.04684750e-01],       [3.64557308e-01, 9.03169617e-01],       [5.84531889e-01, 1.34677700e-01],       [6.06796261e-01, 1.41736098e-01],       [6.08228237e-01, 1.44149202e-01],       [2.69009866e-02, 2.03147892e-01],       [6.08772276e-01, 1.59793328e-01],       [6.40059990e-01, 1.55797008e-01],       [6.05019977e-01, 1.58248025e-01],       [8.58699369e-01, 6.74229988e-01],       [2.04151054e-01, 9.69769368e-02],       [1.86424184e-01, 1.00718258e-01],       [6.09795627e-01, 1.50018879e-01],       [4.08535916e-01, 2.94130601e-01],       [6.03609201e-01, 1.49883279e-01]])
all_costs=array([-1.13299377, -1.10181618, -1.11906093, -1.08863513, -1.10060473,       -1.1266179 , -1.13171283, -1.10181618, -1.1228267 , -1.08509485,       -1.1266179 , -1.1228267 , -1.10791367, -1.13944223, -1.16870987,       -1.10546659, -1.20095981, -1.13171283, -1.11781128, -1.17695473,       -1.15789474, -1.17419355, -1.2536005 , -1.19808498, -1.16192687,       -1.12408759, -1.12408759, -1.1646306 , -1.16057971, -1.15923567,       -1.14204221, -1.1783402 , -1.16057971, -1.15389049, -1.13685406,       -1.1042471 , -1.24735202, -1.18672199, -1.13427762, -1.13043478])
all_uncers=array([1.e-08, 1.e-08, 1.e-08, 1.e-08, 1.e-08, 1.e-08, 1.e-08, 1.e-08,       1.e-08, 1.e-08, 1.e-08, 1.e-08, 1.e-08, 1.e-08, 1.e-08, 1.e-08,       1.e-08, 1.e-08, 1.e-08, 1.e-08, 1.e-08, 1.e-08, 1.e-08, 1.e-08,       1.e-08, 1.e-08, 1.e-08, 1.e-08, 1.e-08, 1.e-08, 1.e-08, 1.e-08,       1.e-08, 1.e-08, 1.e-08, 1.e-08, 1.e-08, 1.e-08, 1.e-08, 1.e-08])
bad_run_indexs=[]
best_cost=-1.2536005009392612
best_params=array([0.61177572, 0.15057439])
best_index=22
worst_cost=-1.0850948509485097
worst_index=9
cost_range=0.16850564999075157
costs_count=40
params_count=31
cost_scaler_init_index=3
net_0={'last_hyperfit': 0, 'last_net_reg': 1e-08, 'regularization_history': [1e-08], 'losses_list': [0.8968287, 0.04582293, 0.0030237965, 0.0023272461, 0.0014699326, 0.00078126113, 0.00033534275, 0.00012412506, 3.8505852e-05, 9.407317e-06, 1.6251295e-06, 5.7105905e-07, 7.7711064e-07, 8.141537e-07, 6.564452e-07, 5.425487e-07, 5.1947626e-07, 5.230427e-07, 5.2153786e-07, 5.195114e-07, 5.1948473e-07, 5.194821e-07, 5.1940174e-07, 5.193924e-07, 5.1939276e-07, 5.1939196e-07, 5.193918e-07, 5.193915e-07, 5.193914e-07, 5.193913e-07, 6.271391, 1.266388, 0.25819677, 0.037549056, 0.010763937, 0.003807065, 0.0015691967, 0.00031595942, 0.00015979592, 4.225576e-05, 8.188852e-06, 9.073255e-06, 3.0152833e-06, 1.0124016e-06, 5.9218377e-07, 5.550824e-07, 5.4290405e-07, 5.3056743e-07, 2.6479244, 1.2432528, 0.55321014, 0.31321156, 0.124042556, 0.037479155, 0.009734214, 0.0073662126, 0.0037886607, 0.0031510887, 0.0025628388, 0.0022597227, 0.0020106363, 0.0018056582, 0.62334234, 0.3812606, 0.26070878, 0.20272595, 0.16531321, 0.13752967, 0.1127503, 0.08774924, 0.07018166, 0.061573956, 4.0609746, 2.2978923, 2.6324005, 0.938921, 2.8825827, 0.59658307, 0.38739094, 0.35640362, 0.34160733, 0.23771071, 0.21104236, 0.20435119, 0.22365089, 0.18064252, 3.8928323, 1.9495683, 1.2459741, 1.0317758, 5.4921937, 2.1234093, 2.0029776, 1.8389059, 2.3507166, 2.7340353, 3.8217425, 3.5286968, 3.6399, 3.436595], 'scaler_samples': (array([[5.49174546e-04, 6.69680356e-02],       [6.93617624e-01, 6.88248666e-02],       [5.72742333e-01, 2.02247189e-01]]), array([-1.13299377, -1.10181618, -1.11906093])), 'net': {'saver_path': './M-LOOP_archives/./neural_net_archive_2022-10-22_23-02_ke1w_DRN.ckpt'}}
net_1={'last_hyperfit': 0, 'last_net_reg': 1e-08, 'regularization_history': [1e-08], 'losses_list': [0.80187464, 0.06958705, 0.026456488, 0.010087848, 0.0038063326, 0.0013734049, 0.0004629883, 0.00017331431, 7.180139e-05, 2.241872e-05, 6.691785e-06, 1.342768e-06, 5.7775804e-07, 7.080073e-07, 6.489006e-07, 5.454665e-07, 5.136354e-07, 5.1535244e-07, 5.1370046e-07, 5.118271e-07, 5.1183446e-07, 5.117471e-07, 5.116801e-07, 5.1168416e-07, 5.116816e-07, 5.1167984e-07, 5.1167945e-07, 5.1167945e-07, 5.1167933e-07, 5.1167933e-07, 2.4093554, 0.47180164, 0.112619996, 0.011567612, 0.0129789645, 0.0040479996, 0.0005484494, 0.00028100336, 0.00023742202, 3.0103032e-05, 1.8335586e-05, 7.747338e-06, 2.7501267e-06, 8.803654e-07, 1.0320607e-06, 5.8206007e-07, 1.5873898, 0.44349587, 0.2327948, 0.084506124, 0.024746912, 0.0054680775, 0.0027499332, 0.0016742073, 0.0012074377, 0.00075747375, 0.00048777566, 0.00031294354, 0.00018760031, 0.00011739722, 7.580293e-05, 5.017497e-05, 3.3891767e-05, 2.3246064e-05, 1.6131089e-05, 1.1296801e-05, 7.986209e-06, 5.6985805e-06, 4.1163853e-06, 3.0133294e-06, 2.2465001e-06, 1.7144752e-06, 1.3440683e-06, 1.0886038e-06, 9.0912545e-07, 7.864206e-07, 7.0134257e-07, 6.428877e-07, 0.6627196, 0.20442432, 0.11276031, 0.08180548, 0.06468576, 0.05506429, 0.050902475, 0.04849267, 2.6439447, 3.0119073, 1.8723402, 1.1951244, 1.0386535, 0.48598692, 0.58408165, 0.50791115, 1.9980366, 0.44229338, 0.28135225, 0.20214002, 0.2523747, 0.16245867, 0.15405166, 0.16241343, 3.6077309, 1.549576, 1.042336, 1.0327128, 4.3930764, 2.0381632, 1.7872818, 1.6639566, 2.7844136, 2.5651953, 3.8415678, 3.5732243], 'scaler_samples': (array([[5.49174546e-04, 6.69680356e-02],       [6.93617624e-01, 6.88248666e-02],       [5.72742333e-01, 2.02247189e-01]]), array([-1.13299377, -1.10181618, -1.11906093])), 'net': {'saver_path': './M-LOOP_archives/./neural_net_archive_2022-10-22_23-02_0T-asbRB.ckpt'}}
net_2={'last_hyperfit': 0, 'last_net_reg': 1e-08, 'regularization_history': [1e-08], 'losses_list': [0.025138086, 0.029584734, 0.013999786, 0.008314534, 0.0007449529, 0.0011532616, 2.3683253e-05, 0.00013970195, 2.8569397e-05, 5.8526025e-06, 6.3729385e-06, 2.7901106e-06, 8.437597e-07, 5.758869e-07, 5.251957e-07, 5.2531544e-07, 5.179572e-07, 5.1589564e-07, 5.1494817e-07, 5.1468083e-07, 5.146603e-07, 5.146341e-07, 5.146142e-07, 5.1460876e-07, 5.1460773e-07, 5.146077e-07, 5.14607e-07, 5.1460677e-07, 5.146066e-07, 5.1460654e-07, 1.4724097, 2.6837075, 0.80412906, 0.38163924, 0.2520473, 0.12191732, 0.028224384, 0.0006375054, 0.0001145757, 5.8154408e-05, 4.5000286, 1.2520845, 1.1693414, 0.84568995, 0.7762639, 0.7445867, 0.73600453, 0.70388824, 3.4864151, 1.7589673, 2.0660322, 1.3079177, 1.3584168, 0.99936634, 1.8563086, 0.847004, 0.6392456, 0.5699216, 4.124665, 2.1951, 1.5193682, 1.2527176, 1.2183213, 1.2572863, 4.7763715, 2.176135, 1.8732624, 1.7244896, 3.0958176, 2.9086304, 2.8852577, 2.3770754, 4.131001, 3.6266518], 'scaler_samples': (array([[5.49174546e-04, 6.69680356e-02],       [6.93617624e-01, 6.88248666e-02],       [5.72742333e-01, 2.02247189e-01]]), array([-1.13299377, -1.10181618, -1.11906093])), 'net': {'saver_path': './M-LOOP_archives/./neural_net_archive_2022-10-22_23-02_iwSvG259.ckpt'}}
