mloop_version='3.3.1'
archive_type='neural_net_learner'
num_params=6
min_boundary=array([0., 0., 0., 0., 0., 0.])
max_boundary=array([1., 1., 1., 1., 1., 1.])
start_datetime='2022-10-23_15-55'
param_names=['', '', '', '', '', '']
search_precision=1e-06
parameter_searches=10
bad_uncer_frac=0.1
trust_region=nan
has_trust_region=False
predict_global_minima_at_end=True
generation_num=3
update_hyperparameters=False
predicted_best_parameters=array([3.87855521e-01, 5.55111512e-17, 3.23508785e-01, 0.00000000e+00,       5.55111512e-17, 1.00000000e+00])
predicted_best_scaled_cost=-4.4970856
predicted_best_cost=-1.1802107744764945
all_params=array([[1.45886274e-01, 3.77972648e-01, 5.94874955e-01, 6.38682486e-01,        1.21689386e-01, 2.27336493e-01],       [9.58184382e-02, 4.25734814e-01, 4.77764633e-02, 9.15851455e-01,        8.83220268e-01, 5.21080286e-01],       [2.76975710e-01, 2.38251300e-01, 4.22441565e-01, 9.06833821e-01,        1.03408152e-01, 6.42300243e-02],       [1.00000000e+00, 9.73983873e-01, 1.00000000e+00, 1.00000000e+00,        5.55111512e-17, 7.16559565e-01],       [1.00000000e+00, 1.00000000e+00, 1.00000000e+00, 1.99018841e-01,        1.00000000e+00, 0.00000000e+00]])
all_costs=array([-1.13171283, -1.10181618, -1.12788732, -1.05982001, -1.07461084])
all_uncers=array([1.e-08, 1.e-08, 1.e-08, 1.e-08, 1.e-08])
bad_run_indexs=[]
best_cost=-1.131712832108536
best_params=array([0.14588627, 0.37797265, 0.59487495, 0.63868249, 0.12168939,       0.22733649])
best_index=0
worst_cost=-1.0598200105876125
worst_index=3
cost_range=0.07189282152092336
costs_count=5
params_count=4
cost_scaler_init_index=3
net_0={'last_hyperfit': 0, 'last_net_reg': 1e-08, 'regularization_history': [1e-08], 'losses_list': [0.43192533, 0.09744889, 0.026438843, 0.007639563, 0.0020870985, 0.0006965323, 0.0004268464, 0.0002459356, 6.656267e-05, 1.25192855e-05, 1.04723285e-05, 2.0850403e-06, 1.0175306e-06, 7.738632e-07, 6.1890154e-07, 5.9287873e-07, 5.5620035e-07, 5.436243e-07, 5.4469473e-07, 5.428242e-07, 5.425758e-07, 5.4246357e-07, 5.4240746e-07, 5.4240206e-07, 5.42395e-07, 5.423937e-07, 5.423931e-07, 5.423928e-07, 5.423927e-07, 5.4239274e-07, 5.5226517, 2.4422393, 0.0431856, 0.015540466, 0.028228143, 0.0006074007, 0.0031756787, 8.782554e-05, 0.00038951216, 3.6852267e-05, 3.7257978e-05, 1.0361127e-05, 2.2694674e-06, 2.551747e-06, 7.8040915e-07, 6.8276e-07, 6.004302e-07, 5.6003364e-07], 'scaler_samples': (array([[0.14588627, 0.37797265, 0.59487495, 0.63868249, 0.12168939,        0.22733649],       [0.09581844, 0.42573481, 0.04777646, 0.91585145, 0.88322027,        0.52108029],       [0.27697571, 0.2382513 , 0.42244156, 0.90683382, 0.10340815,        0.06423002]]), array([-1.13171283, -1.10181618, -1.12788732])), 'net': {'saver_path': './M-LOOP_archives/./neural_net_archive_2022-10-23_15-55_LzB_8DtK.ckpt'}}
net_1={'last_hyperfit': 0, 'last_net_reg': 1e-08, 'regularization_history': [1e-08], 'losses_list': [6.9178777, 0.4289483, 0.067266665, 0.00010089913, 0.010082084, 0.0062573757, 0.0009825468, 6.027384e-06, 7.7800934e-05, 7.850652e-05, 3.7698243e-05, 1.321504e-05, 4.141579e-06, 1.4808611e-06, 7.844967e-07, 6.105207e-07, 5.653124e-07, 5.52549e-07, 5.482532e-07, 5.465208e-07, 5.4572496e-07, 5.453236e-07, 5.4513436e-07, 5.450576e-07, 5.450309e-07, 5.450235e-07, 5.450235e-07, 5.4502317e-07, 5.45023e-07, 5.4502283e-07], 'scaler_samples': (array([[0.14588627, 0.37797265, 0.59487495, 0.63868249, 0.12168939,        0.22733649],       [0.09581844, 0.42573481, 0.04777646, 0.91585145, 0.88322027,        0.52108029],       [0.27697571, 0.2382513 , 0.42244156, 0.90683382, 0.10340815,        0.06423002]]), array([-1.13171283, -1.10181618, -1.12788732])), 'net': {'saver_path': './M-LOOP_archives/./neural_net_archive_2022-10-23_15-55_5dZAc7Yf.ckpt'}}
net_2={'last_hyperfit': 0, 'last_net_reg': 1e-08, 'regularization_history': [1e-08], 'losses_list': [0.30214462, 0.01209254, 0.010775456, 0.009112929, 0.002896203, 0.0014472521, 0.0005910678, 0.00018699467, 6.017617e-05, 2.2585777e-05, 9.693267e-06, 4.3111095e-06, 1.7782895e-06, 7.6518245e-07, 5.4158863e-07, 5.3727814e-07, 5.2745423e-07, 5.216875e-07, 5.1890896e-07, 5.1670656e-07, 5.1687687e-07, 5.167587e-07, 5.167018e-07, 5.166854e-07, 5.1668223e-07, 5.166813e-07, 5.166808e-07, 5.166805e-07, 5.1668036e-07, 5.1668025e-07], 'scaler_samples': (array([[0.14588627, 0.37797265, 0.59487495, 0.63868249, 0.12168939,        0.22733649],       [0.09581844, 0.42573481, 0.04777646, 0.91585145, 0.88322027,        0.52108029],       [0.27697571, 0.2382513 , 0.42244156, 0.90683382, 0.10340815,        0.06423002]]), array([-1.13171283, -1.10181618, -1.12788732])), 'net': {'saver_path': './M-LOOP_archives/./neural_net_archive_2022-10-23_15-55_4IvFtpVp.ckpt'}}
